Results for oscillators1
run, iterations, time, log-likelihood
0,2,0.3618578370005707,6.6613381477509385e-15,[0.0, 6.6613381477509385e-15]
1,2,0.30596758700266946,1.998401444325281e-14,[-6.661338147750941e-15, 1.998401444325281e-14]
2,2,0.30419985199841904,0.0,[0.0, 0.0]
3,2,0.3093060899991542,6.6613381477509385e-15,[0.0, 6.6613381477509385e-15]
4,2,0.306557473999419,-6.661338147750941e-15,[0.0, -6.661338147750941e-15]
5,2,0.31079013599810423,1.3322676295501875e-14,[0.0, 1.3322676295501875e-14]
6,2,0.306762185999105,-6.661338147750941e-15,[6.6613381477509385e-15, -6.661338147750941e-15]
7,2,0.30221978899862734,6.6613381477509385e-15,[-6.661338147750941e-15, 6.6613381477509385e-15]
8,2,0.315629838998575,6.6613381477509385e-15,[0.0, 6.6613381477509385e-15]
9,2,0.3082843150004919,-3.3306690738754696e-15,[0.0, -3.3306690738754696e-15]
