Results for oscillators2
run, iterations, time, log-likelihood
0,2,14.4225251559983,-2.664535259100377e-14,[-3.3306690738754696e-15, -2.664535259100377e-14]
1,2,14.628084128999035,-1.3322676295501882e-14,[0.0, -1.3322676295501882e-14]
2,2,14.431817566000973,1.3322676295501875e-14,[0.0, 1.3322676295501875e-14]
3,2,14.402791294000053,1.3322676295501875e-14,[6.6613381477509385e-15, 1.3322676295501875e-14]
4,2,14.57247040799848,6.6613381477509385e-15,[6.6613381477509385e-15, 6.6613381477509385e-15]
5,2,14.456290404003084,1.3322676295501875e-14,[1.3322676295501875e-14, 1.3322676295501875e-14]
6,2,14.49165968500165,-3.3306690738754715e-14,[-9.99200722162641e-15, -3.3306690738754715e-14]
7,2,14.60103247400184,1.3322676295501875e-14,[-1.9984014443252824e-14, 1.3322676295501875e-14]
8,2,14.476900708999892,1.3322676295501875e-14,[-6.661338147750941e-15, 1.3322676295501875e-14]
9,2,14.441411410996807,1.3322676295501875e-14,[-6.661338147750941e-15, 1.3322676295501875e-14]
