states
0 1 2 3 4 5 6 7 8 9 10 11 12 13 14 15 16 17 18 19 20 21 22 23 24 25 26 27 28 29 30 31 32 33 34 35 36 37 38 39 40 41 42 43 44 45 46 47 48 49 50 51 52 53 54 55 56 57 58 59 60 61 62 63 64 65 66 67 68 
labels
empty init elected 
initial
0.0 0.0 0.0 0.0 0.0 0.0 0.0 0.0 0.0 0.0 0.0 0.0 0.0 0.0 0.0 0.0 0.0 0.0 0.0 0.0 0.0 0.0 0.0 0.0 0.0 0.0 0.0 0.0 0.0 0.0 0.0 0.0 0.0 0.0 0.0 0.0 0.0 0.0 0.0 0.0 0.0 0.0 0.0 0.0 0.0 0.0 0.0 0.0 0.0 0.0 0.0 0.0 0.0 0.0 0.0 0.0 0.0 0.0 0.0 0.0 0.0 0.0 0.0 0.0 0.0 0.0 0.0 0.0 1.0
transitions
0.02586206896551723 0.02873563218390803 0.011494252873563213 0.02586206896551723 0.02586206896551723 0.0028735632183908033 0.01724137931034482 0.011494252873563213 0.02873563218390803 0.02873563218390803 0.01724137931034482 0.022988505747126426 0.02011494252873562 0.0028735632183908033 0.014367816091954016 0.022988505747126426 0.02586206896551723 0.0057471264367816065 0.02011494252873562 0.00862068965517241 0.00862068965517241 0.0057471264367816065 0.011494252873563213 0.01724137931034482 0.02586206896551723 0.0057471264367816065 0.02586206896551723 0.022988505747126426 0.02586206896551723 0.0057471264367816065 0.0028735632183908033 0.01724137931034482 0.014367816091954016 0.0057471264367816065 0.01724137931034482 0.014367816091954016 0.022988505747126426 0.02011494252873562 0.0028735632183908033 0.0028735632183908033 0.02873563218390803 0.00862068965517241 0.014367816091954016 0.01724137931034482 0.02586206896551723 0.02586206896551723 0.022988505747126426 0.01724137931034482 0.0057471264367816065 0.0057471264367816065 0.0057471264367816065 0.01724137931034482 0.01724137931034482 0.022988505747126426 0.014367816091954016 0.011494252873563213 0.0028735632183908033 0.0028735632183908033 0.0028735632183908033 0.0028735632183908033 0.00862068965517241 0.00862068965517241 0.022988505747126426 0.0028735632183908033 0.01724137931034482 0.0028735632183908033 0.0057471264367816065 0.014367816091954016 0.0 
0.005797101449275365 0.008695652173913047 0.008695652173913047 0.014492753623188413 0.02608695652173914 0.0028985507246376825 0.020289855072463777 0.0028985507246376825 0.014492753623188413 0.005797101449275365 0.017391304347826094 0.005797101449275365 0.02608695652173914 0.02608695652173914 0.02318840579710146 0.0028985507246376825 0.0028985507246376825 0.028985507246376826 0.005797101449275365 0.02318840579710146 0.02608695652173914 0.02318840579710146 0.014492753623188413 0.0028985507246376825 0.0028985507246376825 0.014492753623188413 0.01159420289855073 0.0028985507246376825 0.02608695652173914 0.008695652173913047 0.02318840579710146 0.008695652173913047 0.005797101449275365 0.01159420289855073 0.008695652173913047 0.014492753623188413 0.005797101449275365 0.008695652173913047 0.008695652173913047 0.02318840579710146 0.01159420289855073 0.014492753623188413 0.005797101449275365 0.020289855072463777 0.02318840579710146 0.028985507246376826 0.005797101449275365 0.0028985507246376825 0.0028985507246376825 0.017391304347826094 0.02608695652173914 0.014492753623188413 0.02608695652173914 0.02608695652173914 0.01159420289855073 0.014492753623188413 0.028985507246376826 0.008695652173913047 0.017391304347826094 0.014492753623188413 0.02318840579710146 0.028985507246376826 0.005797101449275365 0.028985507246376826 0.0028985507246376825 0.02318840579710146 0.014492753623188413 0.02608695652173914 0.0 
0.02142857142857143 0.011904761904761904 0.004761904761904762 0.011904761904761904 0.002380952380952381 0.014285714285714285 0.016666666666666666 0.01904761904761905 0.002380952380952381 0.01904761904761905 0.02142857142857143 0.004761904761904762 0.014285714285714285 0.009523809523809525 0.016666666666666666 0.023809523809523808 0.004761904761904762 0.009523809523809525 0.01904761904761905 0.011904761904761904 0.023809523809523808 0.002380952380952381 0.02142857142857143 0.011904761904761904 0.01904761904761905 0.02142857142857143 0.014285714285714285 0.016666666666666666 0.01904761904761905 0.009523809523809525 0.014285714285714285 0.004761904761904762 0.02142857142857143 0.023809523809523808 0.007142857142857143 0.023809523809523808 0.02142857142857143 0.023809523809523808 0.011904761904761904 0.014285714285714285 0.002380952380952381 0.02142857142857143 0.01904761904761905 0.004761904761904762 0.007142857142857143 0.014285714285714285 0.007142857142857143 0.01904761904761905 0.016666666666666666 0.01904761904761905 0.023809523809523808 0.004761904761904762 0.014285714285714285 0.01904761904761905 0.014285714285714285 0.023809523809523808 0.01904761904761905 0.007142857142857143 0.016666666666666666 0.011904761904761904 0.02142857142857143 0.011904761904761904 0.023809523809523808 0.009523809523809525 0.02142857142857143 0.014285714285714285 0.016666666666666666 0.009523809523809525 0.0 
0.024861878453038666 0.013812154696132593 0.008287292817679556 0.02209944751381215 0.02209944751381215 0.008287292817679556 0.008287292817679556 0.002762430939226519 0.02209944751381215 0.016574585635359112 0.002762430939226519 0.011049723756906075 0.011049723756906075 0.016574585635359112 0.016574585635359112 0.013812154696132593 0.02209944751381215 0.008287292817679556 0.008287292817679556 0.01933701657458563 0.01933701657458563 0.011049723756906075 0.01933701657458563 0.02209944751381215 0.02209944751381215 0.002762430939226519 0.024861878453038666 0.027624309392265185 0.013812154696132593 0.016574585635359112 0.013812154696132593 0.016574585635359112 0.002762430939226519 0.011049723756906075 0.016574585635359112 0.013812154696132593 0.008287292817679556 0.016574585635359112 0.005524861878453038 0.02209944751381215 0.027624309392265185 0.01933701657458563 0.002762430939226519 0.005524861878453038 0.02209944751381215 0.002762430939226519 0.011049723756906075 0.02209944751381215 0.027624309392265185 0.011049723756906075 0.016574585635359112 0.01933701657458563 0.005524861878453038 0.016574585635359112 0.011049723756906075 0.01933701657458563 0.024861878453038666 0.016574585635359112 0.01933701657458563 0.02209944751381215 0.002762430939226519 0.008287292817679556 0.005524861878453038 0.01933701657458563 0.008287292817679556 0.008287292817679556 0.016574585635359112 0.02209944751381215 0.0 
0.005571030640668523 0.013927576601671305 0.02228412256267409 0.02785515320334261 0.011142061281337046 0.005571030640668523 0.008356545961002784 0.011142061281337046 0.005571030640668523 0.01671309192200557 0.013927576601671305 0.01671309192200557 0.008356545961002784 0.013927576601671305 0.005571030640668523 0.011142061281337046 0.008356545961002784 0.005571030640668523 0.013927576601671305 0.01671309192200557 0.02506963788300835 0.011142061281337046 0.005571030640668523 0.008356545961002784 0.01949860724233983 0.01671309192200557 0.02228412256267409 0.005571030640668523 0.011142061281337046 0.02785515320334261 0.011142061281337046 0.01671309192200557 0.0027855153203342614 0.02228412256267409 0.008356545961002784 0.01949860724233983 0.0027855153203342614 0.005571030640668523 0.0027855153203342614 0.013927576601671305 0.01949860724233983 0.01671309192200557 0.01949860724233983 0.013927576601671305 0.02785515320334261 0.02228412256267409 0.0027855153203342614 0.013927576601671305 0.008356545961002784 0.02506963788300835 0.02785515320334261 0.02506963788300835 0.008356545961002784 0.02506963788300835 0.02506963788300835 0.013927576601671305 0.02506963788300835 0.0027855153203342614 0.013927576601671305 0.02228412256267409 0.02785515320334261 0.01671309192200557 0.02785515320334261 0.01949860724233983 0.013927576601671305 0.01949860724233983 0.011142061281337046 0.0027855153203342614 0.0 
0.020833333333333343 0.01190476190476191 0.005952380952380955 0.014880952380952387 0.005952380952380955 0.017857142857142863 0.005952380952380955 0.026785714285714295 0.029761904761904774 0.01190476190476191 0.0029761904761904773 0.005952380952380955 0.014880952380952387 0.026785714285714295 0.017857142857142863 0.014880952380952387 0.01190476190476191 0.017857142857142863 0.0029761904761904773 0.026785714285714295 0.02380952380952382 0.014880952380952387 0.01190476190476191 0.01190476190476191 0.020833333333333343 0.005952380952380955 0.02380952380952382 0.029761904761904774 0.005952380952380955 0.008928571428571432 0.0029761904761904773 0.02380952380952382 0.005952380952380955 0.017857142857142863 0.008928571428571432 0.008928571428571432 0.005952380952380955 0.01190476190476191 0.014880952380952387 0.01190476190476191 0.026785714285714295 0.0029761904761904773 0.020833333333333343 0.026785714285714295 0.01190476190476191 0.029761904761904774 0.02380952380952382 0.005952380952380955 0.026785714285714295 0.008928571428571432 0.026785714285714295 0.0029761904761904773 0.014880952380952387 0.026785714285714295 0.026785714285714295 0.020833333333333343 0.014880952380952387 0.01190476190476191 0.0029761904761904773 0.014880952380952387 0.0029761904761904773 0.017857142857142863 0.008928571428571432 0.008928571428571432 0.020833333333333343 0.008928571428571432 0.0029761904761904773 0.014880952380952387 0.0 
0.005361930294906164 0.016085790884718492 0.016085790884718492 0.018766756032171573 0.016085790884718492 0.02680965147453082 0.016085790884718492 0.01340482573726541 0.02680965147453082 0.018766756032171573 0.008042895442359246 0.005361930294906164 0.005361930294906164 0.01340482573726541 0.024128686327077736 0.024128686327077736 0.021447721179624655 0.016085790884718492 0.024128686327077736 0.021447721179624655 0.005361930294906164 0.02680965147453082 0.01340482573726541 0.018766756032171573 0.010723860589812327 0.018766756032171573 0.005361930294906164 0.018766756032171573 0.024128686327077736 0.002680965147453082 0.018766756032171573 0.005361930294906164 0.01340482573726541 0.01340482573726541 0.024128686327077736 0.021447721179624655 0.024128686327077736 0.002680965147453082 0.008042895442359246 0.018766756032171573 0.002680965147453082 0.010723860589812327 0.024128686327077736 0.002680965147453082 0.010723860589812327 0.024128686327077736 0.005361930294906164 0.016085790884718492 0.008042895442359246 0.024128686327077736 0.010723860589812327 0.010723860589812327 0.016085790884718492 0.008042895442359246 0.018766756032171573 0.02680965147453082 0.008042895442359246 0.005361930294906164 0.01340482573726541 0.008042895442359246 0.02680965147453082 0.02680965147453082 0.002680965147453082 0.024128686327077736 0.010723860589812327 0.005361930294906164 0.008042895442359246 0.008042895442359246 0.0 
0.005714285714285715 0.017142857142857147 0.025714285714285717 0.01142857142857143 0.014285714285714287 0.01142857142857143 0.014285714285714287 0.020000000000000004 0.008571428571428574 0.020000000000000004 0.014285714285714287 0.014285714285714287 0.005714285714285715 0.02285714285714286 0.005714285714285715 0.0028571428571428576 0.01142857142857143 0.028571428571428574 0.020000000000000004 0.0028571428571428576 0.028571428571428574 0.020000000000000004 0.005714285714285715 0.0028571428571428576 0.008571428571428574 0.0028571428571428576 0.005714285714285715 0.025714285714285717 0.014285714285714287 0.014285714285714287 0.028571428571428574 0.028571428571428574 0.020000000000000004 0.014285714285714287 0.005714285714285715 0.005714285714285715 0.017142857142857147 0.017142857142857147 0.005714285714285715 0.020000000000000004 0.020000000000000004 0.014285714285714287 0.02285714285714286 0.02285714285714286 0.025714285714285717 0.008571428571428574 0.017142857142857147 0.017142857142857147 0.01142857142857143 0.028571428571428574 0.025714285714285717 0.025714285714285717 0.0028571428571428576 0.008571428571428574 0.02285714285714286 0.02285714285714286 0.020000000000000004 0.005714285714285715 0.01142857142857143 0.014285714285714287 0.008571428571428574 0.0028571428571428576 0.005714285714285715 0.017142857142857147 0.005714285714285715 0.005714285714285715 0.01142857142857143 0.025714285714285717 0.0 
0.005602240896358543 0.019607843137254898 0.014005602240896356 0.0028011204481792713 0.014005602240896356 0.019607843137254898 0.02801120448179271 0.008403361344537813 0.02801120448179271 0.005602240896358543 0.005602240896358543 0.005602240896358543 0.019607843137254898 0.02521008403361344 0.011204481792717085 0.008403361344537813 0.02801120448179271 0.016806722689075626 0.02801120448179271 0.011204481792717085 0.008403361344537813 0.019607843137254898 0.005602240896358543 0.011204481792717085 0.008403361344537813 0.02801120448179271 0.02801120448179271 0.011204481792717085 0.011204481792717085 0.02240896358543417 0.005602240896358543 0.011204481792717085 0.02240896358543417 0.011204481792717085 0.019607843137254898 0.02521008403361344 0.016806722689075626 0.0028011204481792713 0.0028011204481792713 0.016806722689075626 0.016806722689075626 0.014005602240896356 0.02521008403361344 0.02240896358543417 0.019607843137254898 0.005602240896358543 0.014005602240896356 0.016806722689075626 0.005602240896358543 0.019607843137254898 0.019607843137254898 0.005602240896358543 0.019607843137254898 0.016806722689075626 0.011204481792717085 0.008403361344537813 0.011204481792717085 0.014005602240896356 0.02521008403361344 0.014005602240896356 0.008403361344537813 0.019607843137254898 0.0028011204481792713 0.008403361344537813 0.02801120448179271 0.0028011204481792713 0.02521008403361344 0.005602240896358543 0.0 
0.020942408376963352 0.007853403141361256 0.01832460732984293 0.005235602094240838 0.015706806282722512 0.002617801047120419 0.01832460732984293 0.01832460732984293 0.015706806282722512 0.020942408376963352 0.002617801047120419 0.01832460732984293 0.010471204188481676 0.02617801047120419 0.005235602094240838 0.020942408376963352 0.01832460732984293 0.007853403141361256 0.015706806282722512 0.010471204188481676 0.02617801047120419 0.01832460732984293 0.007853403141361256 0.005235602094240838 0.005235602094240838 0.010471204188481676 0.01832460732984293 0.015706806282722512 0.002617801047120419 0.020942408376963352 0.007853403141361256 0.007853403141361256 0.02617801047120419 0.01832460732984293 0.007853403141361256 0.013089005235602094 0.010471204188481676 0.013089005235602094 0.007853403141361256 0.007853403141361256 0.015706806282722512 0.010471204188481676 0.013089005235602094 0.010471204188481676 0.01832460732984293 0.005235602094240838 0.020942408376963352 0.005235602094240838 0.013089005235602094 0.01832460732984293 0.01832460732984293 0.02617801047120419 0.01832460732984293 0.02617801047120419 0.007853403141361256 0.013089005235602094 0.02356020942408377 0.015706806282722512 0.02617801047120419 0.013089005235602094 0.015706806282722512 0.020942408376963352 0.010471204188481676 0.02356020942408377 0.02356020942408377 0.02617801047120419 0.010471204188481676 0.01832460732984293 0.0 
0.018276762402088774 0.020887728459530026 0.010443864229765013 0.005221932114882507 0.015665796344647518 0.0026109660574412533 0.015665796344647518 0.018276762402088774 0.02610966057441253 0.02349869451697128 0.018276762402088774 0.010443864229765013 0.02610966057441253 0.013054830287206266 0.020887728459530026 0.007832898172323759 0.02610966057441253 0.013054830287206266 0.0026109660574412533 0.0026109660574412533 0.02610966057441253 0.0026109660574412533 0.02610966057441253 0.005221932114882507 0.007832898172323759 0.013054830287206266 0.007832898172323759 0.018276762402088774 0.0026109660574412533 0.02349869451697128 0.005221932114882507 0.013054830287206266 0.013054830287206266 0.02610966057441253 0.0026109660574412533 0.013054830287206266 0.018276762402088774 0.020887728459530026 0.013054830287206266 0.015665796344647518 0.005221932114882507 0.005221932114882507 0.018276762402088774 0.015665796344647518 0.015665796344647518 0.018276762402088774 0.005221932114882507 0.0026109660574412533 0.013054830287206266 0.02610966057441253 0.013054830287206266 0.02610966057441253 0.02610966057441253 0.0026109660574412533 0.02610966057441253 0.015665796344647518 0.010443864229765013 0.020887728459530026 0.007832898172323759 0.018276762402088774 0.005221932114882507 0.015665796344647518 0.02349869451697128 0.018276762402088774 0.02349869451697128 0.02610966057441253 0.015665796344647518 0.007832898172323759 0.0 
0.005221932114882506 0.010443864229765011 0.023498694516971272 0.010443864229765011 0.020887728459530023 0.020887728459530023 0.01827676240208877 0.007832898172323757 0.015665796344647515 0.015665796344647515 0.023498694516971272 0.013054830287206262 0.005221932114882506 0.005221932114882506 0.005221932114882506 0.010443864229765011 0.007832898172323757 0.013054830287206262 0.020887728459530023 0.015665796344647515 0.01827676240208877 0.010443864229765011 0.010443864229765011 0.023498694516971272 0.002610966057441253 0.002610966057441253 0.015665796344647515 0.01827676240208877 0.013054830287206262 0.007832898172323757 0.005221932114882506 0.020887728459530023 0.015665796344647515 0.01827676240208877 0.023498694516971272 0.01827676240208877 0.026109660574412524 0.002610966057441253 0.026109660574412524 0.01827676240208877 0.020887728459530023 0.005221932114882506 0.01827676240208877 0.020887728459530023 0.020887728459530023 0.023498694516971272 0.002610966057441253 0.020887728459530023 0.015665796344647515 0.007832898172323757 0.026109660574412524 0.013054830287206262 0.005221932114882506 0.01827676240208877 0.015665796344647515 0.005221932114882506 0.026109660574412524 0.01827676240208877 0.007832898172323757 0.020887728459530023 0.026109660574412524 0.010443864229765011 0.002610966057441253 0.010443864229765011 0.002610966057441253 0.023498694516971272 0.026109660574412524 0.01827676240208877 0.0 
0.0027173913043478256 0.008152173913043476 0.021739130434782605 0.021739130434782605 0.021739130434782605 0.02445652173913043 0.0027173913043478256 0.005434782608695651 0.02445652173913043 0.008152173913043476 0.010869565217391302 0.0027173913043478256 0.021739130434782605 0.0027173913043478256 0.021739130434782605 0.008152173913043476 0.0027173913043478256 0.021739130434782605 0.02445652173913043 0.01902173913043478 0.01902173913043478 0.027173913043478253 0.027173913043478253 0.01902173913043478 0.027173913043478253 0.021739130434782605 0.005434782608695651 0.02445652173913043 0.01902173913043478 0.010869565217391302 0.0027173913043478256 0.02445652173913043 0.005434782608695651 0.021739130434782605 0.027173913043478253 0.008152173913043476 0.016304347826086953 0.021739130434782605 0.005434782608695651 0.013586956521739127 0.005434782608695651 0.013586956521739127 0.016304347826086953 0.021739130434782605 0.021739130434782605 0.01902173913043478 0.02445652173913043 0.0027173913043478256 0.027173913043478253 0.0027173913043478256 0.0027173913043478256 0.008152173913043476 0.010869565217391302 0.013586956521739127 0.010869565217391302 0.010869565217391302 0.005434782608695651 0.008152173913043476 0.01902173913043478 0.027173913043478253 0.027173913043478253 0.01902173913043478 0.010869565217391302 0.008152173913043476 0.005434782608695651 0.013586956521739127 0.008152173913043476 0.010869565217391302 0.0 
0.0028011204481792717 0.0056022408963585435 0.0056022408963585435 0.008403361344537815 0.022408963585434174 0.0028011204481792717 0.0196078431372549 0.011204481792717087 0.014005602240896359 0.022408963585434174 0.011204481792717087 0.028011204481792718 0.014005602240896359 0.025210084033613446 0.0028011204481792717 0.0028011204481792717 0.025210084033613446 0.0056022408963585435 0.0056022408963585435 0.0056022408963585435 0.025210084033613446 0.01680672268907563 0.0028011204481792717 0.0196078431372549 0.01680672268907563 0.0196078431372549 0.0056022408963585435 0.0056022408963585435 0.0028011204481792717 0.0196078431372549 0.011204481792717087 0.008403361344537815 0.0196078431372549 0.008403361344537815 0.008403361344537815 0.008403361344537815 0.0056022408963585435 0.022408963585434174 0.01680672268907563 0.014005602240896359 0.0196078431372549 0.008403361344537815 0.022408963585434174 0.0028011204481792717 0.014005602240896359 0.025210084033613446 0.025210084033613446 0.011204481792717087 0.01680672268907563 0.014005602240896359 0.025210084033613446 0.028011204481792718 0.008403361344537815 0.0056022408963585435 0.028011204481792718 0.01680672268907563 0.028011204481792718 0.022408963585434174 0.025210084033613446 0.028011204481792718 0.008403361344537815 0.025210084033613446 0.028011204481792718 0.028011204481792718 0.0028011204481792717 0.008403361344537815 0.0196078431372549 0.0056022408963585435 0.0 
0.021563342318059297 0.010781671159029648 0.02695417789757412 0.016172506738544472 0.024258760107816704 0.018867924528301883 0.018867924528301883 0.021563342318059297 0.010781671159029648 0.01347708894878706 0.005390835579514824 0.024258760107816704 0.005390835579514824 0.024258760107816704 0.018867924528301883 0.021563342318059297 0.008086253369272236 0.002695417789757412 0.021563342318059297 0.008086253369272236 0.008086253369272236 0.010781671159029648 0.01347708894878706 0.01347708894878706 0.018867924528301883 0.01347708894878706 0.02695417789757412 0.010781671159029648 0.008086253369272236 0.01347708894878706 0.010781671159029648 0.010781671159029648 0.01347708894878706 0.021563342318059297 0.008086253369272236 0.010781671159029648 0.01347708894878706 0.018867924528301883 0.010781671159029648 0.021563342318059297 0.002695417789757412 0.008086253369272236 0.008086253369272236 0.016172506738544472 0.024258760107816704 0.01347708894878706 0.016172506738544472 0.021563342318059297 0.021563342318059297 0.02695417789757412 0.016172506738544472 0.008086253369272236 0.02695417789757412 0.01347708894878706 0.018867924528301883 0.021563342318059297 0.002695417789757412 0.002695417789757412 0.021563342318059297 0.010781671159029648 0.005390835579514824 0.018867924528301883 0.016172506738544472 0.002695417789757412 0.024258760107816704 0.005390835579514824 0.010781671159029648 0.01347708894878706 0.0 
0.011331444759206798 0.02832861189801699 0.0028328611898016994 0.02549575070821529 0.0028328611898016994 0.011331444759206798 0.014164305949008495 0.008498583569405098 0.008498583569405098 0.02549575070821529 0.016997167138810197 0.005665722379603399 0.008498583569405098 0.008498583569405098 0.005665722379603399 0.02549575070821529 0.016997167138810197 0.019830028328611894 0.022662889518413595 0.008498583569405098 0.019830028328611894 0.022662889518413595 0.02549575070821529 0.008498583569405098 0.008498583569405098 0.0028328611898016994 0.016997167138810197 0.016997167138810197 0.014164305949008495 0.02832861189801699 0.008498583569405098 0.008498583569405098 0.005665722379603399 0.0028328611898016994 0.016997167138810197 0.008498583569405098 0.008498583569405098 0.019830028328611894 0.02832861189801699 0.008498583569405098 0.016997167138810197 0.011331444759206798 0.022662889518413595 0.022662889518413595 0.005665722379603399 0.008498583569405098 0.02832861189801699 0.019830028328611894 0.016997167138810197 0.02549575070821529 0.0028328611898016994 0.02549575070821529 0.02549575070821529 0.0028328611898016994 0.0028328611898016994 0.011331444759206798 0.019830028328611894 0.0028328611898016994 0.022662889518413595 0.005665722379603399 0.014164305949008495 0.0028328611898016994 0.02832861189801699 0.02832861189801699 0.02832861189801699 0.022662889518413595 0.011331444759206798 0.005665722379603399 0.0 
0.02506265664160401 0.012531328320802004 0.015037593984962405 0.022556390977443608 0.017543859649122806 0.005012531328320802 0.017543859649122806 0.010025062656641603 0.007518796992481203 0.007518796992481203 0.02506265664160401 0.010025062656641603 0.015037593984962405 0.017543859649122806 0.012531328320802004 0.002506265664160401 0.007518796992481203 0.022556390977443608 0.010025062656641603 0.002506265664160401 0.02506265664160401 0.02506265664160401 0.017543859649122806 0.010025062656641603 0.022556390977443608 0.02506265664160401 0.022556390977443608 0.015037593984962405 0.022556390977443608 0.002506265664160401 0.020050125313283207 0.002506265664160401 0.02506265664160401 0.017543859649122806 0.017543859649122806 0.002506265664160401 0.015037593984962405 0.010025062656641603 0.015037593984962405 0.015037593984962405 0.010025062656641603 0.020050125313283207 0.002506265664160401 0.007518796992481203 0.015037593984962405 0.02506265664160401 0.017543859649122806 0.017543859649122806 0.005012531328320802 0.022556390977443608 0.015037593984962405 0.02506265664160401 0.022556390977443608 0.020050125313283207 0.022556390977443608 0.007518796992481203 0.012531328320802004 0.002506265664160401 0.005012531328320802 0.017543859649122806 0.005012531328320802 0.017543859649122806 0.015037593984962405 0.012531328320802004 0.010025062656641603 0.022556390977443608 0.010025062656641603 0.020050125313283207 0.0 
0.02319587628865979 0.018041237113402057 0.0025773195876288655 0.020618556701030924 0.020618556701030924 0.010309278350515462 0.02319587628865979 0.02319587628865979 0.02319587628865979 0.010309278350515462 0.005154639175257731 0.005154639175257731 0.02577319587628865 0.0025773195876288655 0.010309278350515462 0.020618556701030924 0.0077319587628865965 0.0077319587628865965 0.02577319587628865 0.005154639175257731 0.02319587628865979 0.005154639175257731 0.005154639175257731 0.015463917525773193 0.0025773195876288655 0.010309278350515462 0.005154639175257731 0.0025773195876288655 0.0077319587628865965 0.02319587628865979 0.02319587628865979 0.0025773195876288655 0.015463917525773193 0.012886597938144326 0.02319587628865979 0.0077319587628865965 0.010309278350515462 0.020618556701030924 0.018041237113402057 0.02577319587628865 0.010309278350515462 0.02319587628865979 0.020618556701030924 0.0077319587628865965 0.018041237113402057 0.012886597938144326 0.02577319587628865 0.018041237113402057 0.020618556701030924 0.005154639175257731 0.012886597938144326 0.02319587628865979 0.02319587628865979 0.018041237113402057 0.0077319587628865965 0.02577319587628865 0.018041237113402057 0.010309278350515462 0.005154639175257731 0.012886597938144326 0.018041237113402057 0.010309278350515462 0.020618556701030924 0.0077319587628865965 0.02577319587628865 0.005154639175257731 0.02577319587628865 0.015463917525773193 0.0 
0.026315789473684213 0.010526315789473686 0.01842105263157895 0.02105263157894737 0.010526315789473686 0.01842105263157895 0.010526315789473686 0.023684210526315794 0.026315789473684213 0.023684210526315794 0.010526315789473686 0.007894736842105265 0.005263157894736843 0.023684210526315794 0.005263157894736843 0.005263157894736843 0.01578947368421053 0.02105263157894737 0.02105263157894737 0.0026315789473684214 0.01578947368421053 0.0026315789473684214 0.007894736842105265 0.01842105263157895 0.026315789473684213 0.010526315789473686 0.013157894736842106 0.023684210526315794 0.01578947368421053 0.005263157894736843 0.0026315789473684214 0.01842105263157895 0.005263157894736843 0.01578947368421053 0.007894736842105265 0.01578947368421053 0.007894736842105265 0.0026315789473684214 0.013157894736842106 0.013157894736842106 0.023684210526315794 0.026315789473684213 0.010526315789473686 0.0026315789473684214 0.026315789473684213 0.005263157894736843 0.01842105263157895 0.01842105263157895 0.02105263157894737 0.005263157894736843 0.005263157894736843 0.010526315789473686 0.013157894736842106 0.026315789473684213 0.02105263157894737 0.01578947368421053 0.023684210526315794 0.010526315789473686 0.02105263157894737 0.01842105263157895 0.007894736842105265 0.02105263157894737 0.023684210526315794 0.026315789473684213 0.007894736842105265 0.023684210526315794 0.0026315789473684214 0.013157894736842106 0.0 
0.01259445843828715 0.017632241813602012 0.00755667506297229 0.00755667506297229 0.010075566750629721 0.017632241813602012 0.017632241813602012 0.02267002518891687 0.0025188916876574302 0.020151133501259442 0.020151133501259442 0.0025188916876574302 0.010075566750629721 0.01259445843828715 0.020151133501259442 0.0251889168765743 0.02267002518891687 0.0251889168765743 0.0251889168765743 0.0050377833753148605 0.0251889168765743 0.0251889168765743 0.01511335012594458 0.0050377833753148605 0.0025188916876574302 0.0251889168765743 0.0251889168765743 0.017632241813602012 0.01259445843828715 0.00755667506297229 0.017632241813602012 0.017632241813602012 0.0251889168765743 0.010075566750629721 0.020151133501259442 0.017632241813602012 0.00755667506297229 0.017632241813602012 0.020151133501259442 0.0025188916876574302 0.02267002518891687 0.01259445843828715 0.020151133501259442 0.0050377833753148605 0.020151133501259442 0.0050377833753148605 0.0050377833753148605 0.020151133501259442 0.02267002518891687 0.0050377833753148605 0.0025188916876574302 0.02267002518891687 0.01259445843828715 0.017632241813602012 0.01259445843828715 0.0050377833753148605 0.0050377833753148605 0.020151133501259442 0.0025188916876574302 0.02267002518891687 0.02267002518891687 0.0050377833753148605 0.020151133501259442 0.02267002518891687 0.0050377833753148605 0.017632241813602012 0.020151133501259442 0.0025188916876574302 0.0 
0.007978723404255319 0.013297872340425532 0.026595744680851064 0.005319148936170213 0.010638297872340425 0.007978723404255319 0.015957446808510637 0.013297872340425532 0.0026595744680851063 0.026595744680851064 0.0026595744680851063 0.015957446808510637 0.007978723404255319 0.0026595744680851063 0.0026595744680851063 0.007978723404255319 0.026595744680851064 0.010638297872340425 0.013297872340425532 0.010638297872340425 0.018617021276595744 0.007978723404255319 0.026595744680851064 0.010638297872340425 0.0026595744680851063 0.02127659574468085 0.007978723404255319 0.023936170212765957 0.015957446808510637 0.026595744680851064 0.015957446808510637 0.026595744680851064 0.010638297872340425 0.026595744680851064 0.018617021276595744 0.013297872340425532 0.007978723404255319 0.013297872340425532 0.013297872340425532 0.015957446808510637 0.015957446808510637 0.023936170212765957 0.02127659574468085 0.02127659574468085 0.015957446808510637 0.0026595744680851063 0.007978723404255319 0.013297872340425532 0.005319148936170213 0.013297872340425532 0.026595744680851064 0.007978723404255319 0.023936170212765957 0.013297872340425532 0.013297872340425532 0.02127659574468085 0.005319148936170213 0.010638297872340425 0.023936170212765957 0.026595744680851064 0.013297872340425532 0.010638297872340425 0.0026595744680851063 0.02127659574468085 0.010638297872340425 0.026595744680851064 0.023936170212765957 0.02127659574468085 0.0 
0.02666666666666666 0.010666666666666665 0.018666666666666665 0.01333333333333333 0.01333333333333333 0.02666666666666666 0.02133333333333333 0.015999999999999997 0.005333333333333332 0.015999999999999997 0.002666666666666666 0.018666666666666665 0.018666666666666665 0.02666666666666666 0.010666666666666665 0.002666666666666666 0.02666666666666666 0.010666666666666665 0.005333333333333332 0.010666666666666665 0.023999999999999994 0.01333333333333333 0.015999999999999997 0.023999999999999994 0.018666666666666665 0.005333333333333332 0.02133333333333333 0.02666666666666666 0.02133333333333333 0.02133333333333333 0.007999999999999998 0.018666666666666665 0.015999999999999997 0.018666666666666665 0.007999999999999998 0.005333333333333332 0.007999999999999998 0.02133333333333333 0.002666666666666666 0.015999999999999997 0.02666666666666666 0.005333333333333332 0.015999999999999997 0.010666666666666665 0.015999999999999997 0.02666666666666666 0.005333333333333332 0.007999999999999998 0.005333333333333332 0.018666666666666665 0.010666666666666665 0.007999999999999998 0.02133333333333333 0.005333333333333332 0.023999999999999994 0.02666666666666666 0.018666666666666665 0.010666666666666665 0.005333333333333332 0.002666666666666666 0.010666666666666665 0.02666666666666666 0.002666666666666666 0.007999999999999998 0.010666666666666665 0.02666666666666666 0.010666666666666665 0.015999999999999997 0.0 
0.010666666666666668 0.013333333333333336 0.005333333333333334 0.013333333333333336 0.016000000000000004 0.024000000000000004 0.026666666666666672 0.01866666666666667 0.026666666666666672 0.005333333333333334 0.01866666666666667 0.024000000000000004 0.002666666666666667 0.021333333333333336 0.016000000000000004 0.021333333333333336 0.01866666666666667 0.010666666666666668 0.010666666666666668 0.005333333333333334 0.016000000000000004 0.021333333333333336 0.002666666666666667 0.002666666666666667 0.008000000000000002 0.013333333333333336 0.005333333333333334 0.010666666666666668 0.013333333333333336 0.016000000000000004 0.01866666666666667 0.026666666666666672 0.016000000000000004 0.01866666666666667 0.013333333333333336 0.01866666666666667 0.005333333333333334 0.026666666666666672 0.01866666666666667 0.005333333333333334 0.002666666666666667 0.005333333333333334 0.024000000000000004 0.021333333333333336 0.026666666666666672 0.005333333333333334 0.002666666666666667 0.008000000000000002 0.010666666666666668 0.021333333333333336 0.005333333333333334 0.024000000000000004 0.016000000000000004 0.021333333333333336 0.002666666666666667 0.010666666666666668 0.026666666666666672 0.005333333333333334 0.010666666666666668 0.024000000000000004 0.026666666666666672 0.026666666666666672 0.016000000000000004 0.008000000000000002 0.008000000000000002 0.026666666666666672 0.005333333333333334 0.021333333333333336 0.0 
0.009316770186335406 0.01863354037267081 0.012422360248447208 0.003105590062111802 0.01863354037267081 0.003105590062111802 0.009316770186335406 0.024844720496894415 0.01863354037267081 0.003105590062111802 0.006211180124223604 0.02173913043478261 0.012422360248447208 0.01863354037267081 0.006211180124223604 0.01552795031055901 0.006211180124223604 0.009316770186335406 0.012422360248447208 0.01552795031055901 0.009316770186335406 0.02795031055900622 0.012422360248447208 0.024844720496894415 0.01552795031055901 0.02173913043478261 0.02173913043478261 0.02795031055900622 0.02173913043478261 0.03105590062111802 0.012422360248447208 0.006211180124223604 0.009316770186335406 0.01863354037267081 0.012422360248447208 0.03105590062111802 0.009316770186335406 0.006211180124223604 0.009316770186335406 0.024844720496894415 0.024844720496894415 0.012422360248447208 0.003105590062111802 0.02173913043478261 0.01552795031055901 0.01552795031055901 0.009316770186335406 0.003105590062111802 0.024844720496894415 0.012422360248447208 0.009316770186335406 0.003105590062111802 0.024844720496894415 0.006211180124223604 0.003105590062111802 0.003105590062111802 0.01863354037267081 0.012422360248447208 0.01863354037267081 0.01863354037267081 0.03105590062111802 0.003105590062111802 0.006211180124223604 0.02795031055900622 0.01863354037267081 0.02795031055900622 0.009316770186335406 0.01552795031055901 0.0 
0.02325581395348835 0.005813953488372088 0.008720930232558132 0.008720930232558132 0.008720930232558132 0.01453488372093022 0.005813953488372088 0.011627906976744175 0.008720930232558132 0.002906976744186044 0.005813953488372088 0.002906976744186044 0.026162790697674396 0.008720930232558132 0.026162790697674396 0.026162790697674396 0.011627906976744175 0.026162790697674396 0.002906976744186044 0.002906976744186044 0.017441860465116265 0.017441860465116265 0.02906976744186044 0.011627906976744175 0.017441860465116265 0.02906976744186044 0.011627906976744175 0.026162790697674396 0.01453488372093022 0.02034883720930231 0.02034883720930231 0.008720930232558132 0.008720930232558132 0.002906976744186044 0.002906976744186044 0.008720930232558132 0.01453488372093022 0.026162790697674396 0.011627906976744175 0.005813953488372088 0.01453488372093022 0.01453488372093022 0.011627906976744175 0.026162790697674396 0.017441860465116265 0.002906976744186044 0.011627906976744175 0.01453488372093022 0.02034883720930231 0.02034883720930231 0.011627906976744175 0.02034883720930231 0.02034883720930231 0.017441860465116265 0.008720930232558132 0.008720930232558132 0.01453488372093022 0.02906976744186044 0.002906976744186044 0.026162790697674396 0.026162790697674396 0.008720930232558132 0.02906976744186044 0.02906976744186044 0.002906976744186044 0.01453488372093022 0.005813953488372088 0.026162790697674396 0.0 
0.008797653958944288 0.002932551319648096 0.011730205278592384 0.023460410557184768 0.023460410557184768 0.02932551319648096 0.002932551319648096 0.01466275659824048 0.026392961876832863 0.026392961876832863 0.01466275659824048 0.01466275659824048 0.02052785923753667 0.002932551319648096 0.011730205278592384 0.008797653958944288 0.01466275659824048 0.02052785923753667 0.01466275659824048 0.02052785923753667 0.02932551319648096 0.008797653958944288 0.026392961876832863 0.008797653958944288 0.002932551319648096 0.005865102639296192 0.02932551319648096 0.005865102639296192 0.01466275659824048 0.01466275659824048 0.02052785923753667 0.002932551319648096 0.023460410557184768 0.02052785923753667 0.002932551319648096 0.005865102639296192 0.002932551319648096 0.017595307917888575 0.01466275659824048 0.017595307917888575 0.008797653958944288 0.002932551319648096 0.008797653958944288 0.026392961876832863 0.02052785923753667 0.02932551319648096 0.02932551319648096 0.023460410557184768 0.026392961876832863 0.02932551319648096 0.002932551319648096 0.017595307917888575 0.005865102639296192 0.008797653958944288 0.017595307917888575 0.023460410557184768 0.002932551319648096 0.01466275659824048 0.008797653958944288 0.002932551319648096 0.008797653958944288 0.005865102639296192 0.01466275659824048 0.023460410557184768 0.011730205278592384 0.008797653958944288 0.011730205278592384 0.01466275659824048 0.0 
0.008241758241758244 0.016483516483516487 0.01373626373626374 0.021978021978021983 0.016483516483516487 0.02472527472527473 0.016483516483516487 0.02472527472527473 0.019230769230769235 0.010989010989010992 0.016483516483516487 0.01373626373626374 0.008241758241758244 0.002747252747252748 0.002747252747252748 0.016483516483516487 0.01373626373626374 0.008241758241758244 0.010989010989010992 0.021978021978021983 0.02472527472527473 0.005494505494505496 0.01373626373626374 0.02747252747252748 0.016483516483516487 0.002747252747252748 0.01373626373626374 0.021978021978021983 0.021978021978021983 0.021978021978021983 0.010989010989010992 0.02472527472527473 0.02472527472527473 0.021978021978021983 0.01373626373626374 0.010989010989010992 0.010989010989010992 0.02472527472527473 0.016483516483516487 0.008241758241758244 0.005494505494505496 0.005494505494505496 0.019230769230769235 0.019230769230769235 0.005494505494505496 0.019230769230769235 0.005494505494505496 0.008241758241758244 0.019230769230769235 0.021978021978021983 0.005494505494505496 0.01373626373626374 0.002747252747252748 0.02747252747252748 0.010989010989010992 0.02472527472527473 0.01373626373626374 0.021978021978021983 0.005494505494505496 0.008241758241758244 0.02747252747252748 0.005494505494505496 0.02472527472527473 0.008241758241758244 0.019230769230769235 0.010989010989010992 0.005494505494505496 0.008241758241758244 0.0 
0.013550135501355014 0.008130081300813009 0.02710027100271003 0.018970189701897018 0.018970189701897018 0.024390243902439025 0.008130081300813009 0.005420054200542005 0.005420054200542005 0.024390243902439025 0.013550135501355014 0.016260162601626018 0.005420054200542005 0.018970189701897018 0.008130081300813009 0.0027100271002710027 0.02710027100271003 0.024390243902439025 0.024390243902439025 0.018970189701897018 0.005420054200542005 0.016260162601626018 0.02710027100271003 0.016260162601626018 0.02710027100271003 0.024390243902439025 0.01084010840108401 0.018970189701897018 0.0027100271002710027 0.01084010840108401 0.016260162601626018 0.005420054200542005 0.018970189701897018 0.005420054200542005 0.02710027100271003 0.01084010840108401 0.013550135501355014 0.016260162601626018 0.024390243902439025 0.008130081300813009 0.0027100271002710027 0.02710027100271003 0.0027100271002710027 0.005420054200542005 0.0027100271002710027 0.02710027100271003 0.016260162601626018 0.016260162601626018 0.005420054200542005 0.02168021680216802 0.02168021680216802 0.02710027100271003 0.016260162601626018 0.02168021680216802 0.016260162601626018 0.016260162601626018 0.016260162601626018 0.005420054200542005 0.018970189701897018 0.016260162601626018 0.02168021680216802 0.005420054200542005 0.0027100271002710027 0.005420054200542005 0.01084010840108401 0.02168021680216802 0.005420054200542005 0.0027100271002710027 0.0 
0.023746701846965697 0.023746701846965697 0.018469656992084433 0.026385224274406333 0.0079155672823219 0.0079155672823219 0.002638522427440633 0.005277044854881266 0.021108179419525065 0.0079155672823219 0.005277044854881266 0.002638522427440633 0.005277044854881266 0.0158311345646438 0.013192612137203167 0.021108179419525065 0.0158311345646438 0.018469656992084433 0.023746701846965697 0.0158311345646438 0.005277044854881266 0.026385224274406333 0.023746701846965697 0.013192612137203167 0.0158311345646438 0.013192612137203167 0.0079155672823219 0.023746701846965697 0.0158311345646438 0.023746701846965697 0.0079155672823219 0.021108179419525065 0.0158311345646438 0.005277044854881266 0.0158311345646438 0.010554089709762533 0.018469656992084433 0.023746701846965697 0.021108179419525065 0.023746701846965697 0.021108179419525065 0.005277044854881266 0.0079155672823219 0.005277044854881266 0.023746701846965697 0.005277044854881266 0.002638522427440633 0.023746701846965697 0.0079155672823219 0.018469656992084433 0.0158311345646438 0.021108179419525065 0.026385224274406333 0.0079155672823219 0.0079155672823219 0.026385224274406333 0.018469656992084433 0.005277044854881266 0.0158311345646438 0.023746701846965697 0.002638522427440633 0.018469656992084433 0.013192612137203167 0.005277044854881266 0.005277044854881266 0.0158311345646438 0.026385224274406333 0.0079155672823219 0.0 
0.002638522427440633 0.021108179419525065 0.023746701846965697 0.010554089709762533 0.005277044854881266 0.023746701846965697 0.013192612137203167 0.0158311345646438 0.005277044854881266 0.026385224274406333 0.0158311345646438 0.021108179419525065 0.010554089709762533 0.0158311345646438 0.005277044854881266 0.010554089709762533 0.010554089709762533 0.023746701846965697 0.010554089709762533 0.0158311345646438 0.023746701846965697 0.002638522427440633 0.010554089709762533 0.010554089709762533 0.002638522427440633 0.005277044854881266 0.002638522427440633 0.018469656992084433 0.021108179419525065 0.002638522427440633 0.026385224274406333 0.0158311345646438 0.026385224274406333 0.010554089709762533 0.026385224274406333 0.026385224274406333 0.023746701846965697 0.005277044854881266 0.023746701846965697 0.026385224274406333 0.0158311345646438 0.021108179419525065 0.005277044854881266 0.018469656992084433 0.002638522427440633 0.002638522427440633 0.002638522427440633 0.021108179419525065 0.002638522427440633 0.021108179419525065 0.026385224274406333 0.002638522427440633 0.018469656992084433 0.021108179419525065 0.021108179419525065 0.0158311345646438 0.026385224274406333 0.0158311345646438 0.010554089709762533 0.013192612137203167 0.0079155672823219 0.023746701846965697 0.018469656992084433 0.0079155672823219 0.013192612137203167 0.026385224274406333 0.010554089709762533 0.0079155672823219 0.0 
0.020000000000000004 0.010000000000000002 0.020000000000000004 0.020000000000000004 0.015000000000000001 0.020000000000000004 0.012500000000000002 0.007500000000000001 0.0025000000000000005 0.015000000000000001 0.007500000000000001 0.022500000000000003 0.010000000000000002 0.025000000000000005 0.017500000000000005 0.020000000000000004 0.020000000000000004 0.017500000000000005 0.025000000000000005 0.020000000000000004 0.025000000000000005 0.007500000000000001 0.025000000000000005 0.012500000000000002 0.007500000000000001 0.017500000000000005 0.020000000000000004 0.025000000000000005 0.0025000000000000005 0.007500000000000001 0.005000000000000001 0.010000000000000002 0.0025000000000000005 0.010000000000000002 0.025000000000000005 0.005000000000000001 0.010000000000000002 0.0025000000000000005 0.022500000000000003 0.022500000000000003 0.020000000000000004 0.0025000000000000005 0.010000000000000002 0.015000000000000001 0.020000000000000004 0.025000000000000005 0.005000000000000001 0.005000000000000001 0.012500000000000002 0.025000000000000005 0.022500000000000003 0.017500000000000005 0.005000000000000001 0.020000000000000004 0.007500000000000001 0.012500000000000002 0.020000000000000004 0.015000000000000001 0.010000000000000002 0.017500000000000005 0.007500000000000001 0.022500000000000003 0.015000000000000001 0.022500000000000003 0.020000000000000004 0.025000000000000005 0.0025000000000000005 0.005000000000000001 0.0 
0.010204081632653064 0.017857142857142863 0.010204081632653064 0.017857142857142863 0.020408163265306128 0.002551020408163266 0.005102040816326532 0.017857142857142863 0.01275510204081633 0.02551020408163266 0.015306122448979597 0.01275510204081633 0.017857142857142863 0.007653061224489798 0.01275510204081633 0.02551020408163266 0.005102040816326532 0.017857142857142863 0.017857142857142863 0.02551020408163266 0.010204081632653064 0.005102040816326532 0.010204081632653064 0.01275510204081633 0.007653061224489798 0.017857142857142863 0.020408163265306128 0.02551020408163266 0.022959183673469396 0.020408163265306128 0.017857142857142863 0.007653061224489798 0.010204081632653064 0.015306122448979597 0.010204081632653064 0.022959183673469396 0.02551020408163266 0.002551020408163266 0.015306122448979597 0.005102040816326532 0.005102040816326532 0.015306122448979597 0.015306122448979597 0.020408163265306128 0.015306122448979597 0.002551020408163266 0.010204081632653064 0.010204081632653064 0.002551020408163266 0.020408163265306128 0.017857142857142863 0.022959183673469396 0.005102040816326532 0.022959183673469396 0.010204081632653064 0.022959183673469396 0.010204081632653064 0.01275510204081633 0.002551020408163266 0.01275510204081633 0.020408163265306128 0.02551020408163266 0.010204081632653064 0.02551020408163266 0.015306122448979597 0.02551020408163266 0.010204081632653064 0.02551020408163266 0.0 
0.01396648044692737 0.022346368715083796 0.022346368715083796 0.02793296089385474 0.005586592178770949 0.016759776536312845 0.01396648044692737 0.0027932960893854745 0.0027932960893854745 0.005586592178770949 0.01396648044692737 0.008379888268156423 0.016759776536312845 0.011173184357541898 0.011173184357541898 0.02793296089385474 0.01396648044692737 0.008379888268156423 0.005586592178770949 0.022346368715083796 0.025139664804469268 0.025139664804469268 0.008379888268156423 0.011173184357541898 0.008379888268156423 0.02793296089385474 0.01955307262569832 0.025139664804469268 0.011173184357541898 0.0027932960893854745 0.025139664804469268 0.025139664804469268 0.022346368715083796 0.005586592178770949 0.022346368715083796 0.01396648044692737 0.008379888268156423 0.0027932960893854745 0.0027932960893854745 0.022346368715083796 0.011173184357541898 0.025139664804469268 0.02793296089385474 0.0027932960893854745 0.022346368715083796 0.022346368715083796 0.01396648044692737 0.016759776536312845 0.022346368715083796 0.025139664804469268 0.01396648044692737 0.008379888268156423 0.0027932960893854745 0.022346368715083796 0.005586592178770949 0.016759776536312845 0.0027932960893854745 0.025139664804469268 0.0027932960893854745 0.011173184357541898 0.01955307262569832 0.005586592178770949 0.011173184357541898 0.022346368715083796 0.008379888268156423 0.0027932960893854745 0.016759776536312845 0.022346368715083796 0.0 
0.01907356948228883 0.013623978201634877 0.021798365122615803 0.008174386920980926 0.013623978201634877 0.008174386920980926 0.027247956403269755 0.005449591280653951 0.021798365122615803 0.02452316076294278 0.01907356948228883 0.01634877384196185 0.008174386920980926 0.008174386920980926 0.01907356948228883 0.013623978201634877 0.013623978201634877 0.027247956403269755 0.021798365122615803 0.013623978201634877 0.01907356948228883 0.0027247956403269754 0.0027247956403269754 0.02452316076294278 0.021798365122615803 0.005449591280653951 0.027247956403269755 0.0027247956403269754 0.0027247956403269754 0.008174386920980926 0.0027247956403269754 0.013623978201634877 0.010899182561307902 0.02452316076294278 0.0027247956403269754 0.005449591280653951 0.01907356948228883 0.01634877384196185 0.008174386920980926 0.027247956403269755 0.021798365122615803 0.0027247956403269754 0.005449591280653951 0.010899182561307902 0.02452316076294278 0.02452316076294278 0.01907356948228883 0.027247956403269755 0.010899182561307902 0.0027247956403269754 0.02452316076294278 0.0027247956403269754 0.02452316076294278 0.013623978201634877 0.008174386920980926 0.027247956403269755 0.027247956403269755 0.008174386920980926 0.01634877384196185 0.027247956403269755 0.01634877384196185 0.005449591280653951 0.013623978201634877 0.027247956403269755 0.0027247956403269754 0.01907356948228883 0.010899182561307902 0.0027247956403269754 0.0 
0.02209944751381215 0.01933701657458563 0.008287292817679556 0.016574585635359112 0.013812154696132593 0.008287292817679556 0.013812154696132593 0.008287292817679556 0.013812154696132593 0.002762430939226519 0.002762430939226519 0.02209944751381215 0.016574585635359112 0.013812154696132593 0.016574585635359112 0.008287292817679556 0.02209944751381215 0.002762430939226519 0.02209944751381215 0.002762430939226519 0.011049723756906075 0.005524861878453038 0.027624309392265185 0.013812154696132593 0.013812154696132593 0.027624309392265185 0.027624309392265185 0.011049723756906075 0.01933701657458563 0.011049723756906075 0.013812154696132593 0.011049723756906075 0.016574585635359112 0.011049723756906075 0.027624309392265185 0.02209944751381215 0.024861878453038666 0.016574585635359112 0.024861878453038666 0.013812154696132593 0.02209944751381215 0.008287292817679556 0.005524861878453038 0.016574585635359112 0.002762430939226519 0.027624309392265185 0.024861878453038666 0.002762430939226519 0.024861878453038666 0.011049723756906075 0.011049723756906075 0.016574585635359112 0.008287292817679556 0.008287292817679556 0.027624309392265185 0.016574585635359112 0.005524861878453038 0.005524861878453038 0.008287292817679556 0.027624309392265185 0.002762430939226519 0.027624309392265185 0.008287292817679556 0.002762430939226519 0.005524861878453038 0.027624309392265185 0.011049723756906075 0.024861878453038666 0.0 
0.0027700831024930774 0.01108033240997231 0.016620498614958464 0.01939058171745154 0.01108033240997231 0.0027700831024930774 0.02216066481994462 0.013850415512465386 0.02770083102493077 0.008310249307479232 0.024930747922437695 0.02216066481994462 0.013850415512465386 0.0027700831024930774 0.013850415512465386 0.01939058171745154 0.01939058171745154 0.02216066481994462 0.02216066481994462 0.008310249307479232 0.013850415512465386 0.0027700831024930774 0.005540166204986155 0.01939058171745154 0.02770083102493077 0.01939058171745154 0.008310249307479232 0.01939058171745154 0.024930747922437695 0.01108033240997231 0.02770083102493077 0.02216066481994462 0.013850415512465386 0.013850415512465386 0.013850415512465386 0.0027700831024930774 0.0027700831024930774 0.016620498614958464 0.013850415512465386 0.008310249307479232 0.02770083102493077 0.005540166204986155 0.016620498614958464 0.02770083102493077 0.02770083102493077 0.024930747922437695 0.0027700831024930774 0.0027700831024930774 0.024930747922437695 0.0027700831024930774 0.013850415512465386 0.01108033240997231 0.013850415512465386 0.005540166204986155 0.016620498614958464 0.01108033240997231 0.024930747922437695 0.024930747922437695 0.005540166204986155 0.0027700831024930774 0.005540166204986155 0.005540166204986155 0.008310249307479232 0.008310249307479232 0.013850415512465386 0.024930747922437695 0.02770083102493077 0.01939058171745154 0.0 
0.01485148514851484 0.017326732673267318 0.009900990099009894 0.009900990099009894 0.017326732673267318 0.022277227722772262 0.009900990099009894 0.0024752475247524735 0.012376237623762368 0.022277227722772262 0.0024752475247524735 0.009900990099009894 0.017326732673267318 0.017326732673267318 0.01485148514851484 0.017326732673267318 0.01485148514851484 0.017326732673267318 0.012376237623762368 0.024752475247524736 0.012376237623762368 0.01980198019801979 0.022277227722772262 0.01980198019801979 0.01485148514851484 0.01980198019801979 0.009900990099009894 0.012376237623762368 0.012376237623762368 0.00742574257425742 0.01485148514851484 0.01980198019801979 0.00742574257425742 0.012376237623762368 0.024752475247524736 0.022277227722772262 0.0024752475247524735 0.017326732673267318 0.004950495049504947 0.0024752475247524735 0.004950495049504947 0.024752475247524736 0.017326732673267318 0.009900990099009894 0.024752475247524736 0.00742574257425742 0.024752475247524736 0.024752475247524736 0.022277227722772262 0.012376237623762368 0.0024752475247524735 0.01485148514851484 0.01485148514851484 0.004950495049504947 0.004950495049504947 0.017326732673267318 0.022277227722772262 0.012376237623762368 0.01485148514851484 0.009900990099009894 0.017326732673267318 0.017326732673267318 0.022277227722772262 0.022277227722772262 0.022277227722772262 0.00742574257425742 0.009900990099009894 0.022277227722772262 0.0 
0.0178117048346056 0.0178117048346056 0.025445292620865145 0.010178117048346058 0.015267175572519087 0.005089058524173029 0.025445292620865145 0.02290076335877863 0.020356234096692117 0.02290076335877863 0.007633587786259543 0.015267175572519087 0.015267175572519087 0.012722646310432573 0.0025445292620865146 0.0025445292620865146 0.007633587786259543 0.007633587786259543 0.007633587786259543 0.02290076335877863 0.02290076335877863 0.0178117048346056 0.02290076335877863 0.0025445292620865146 0.012722646310432573 0.012722646310432573 0.02290076335877863 0.020356234096692117 0.020356234096692117 0.012722646310432573 0.02290076335877863 0.020356234096692117 0.025445292620865145 0.0025445292620865146 0.020356234096692117 0.0178117048346056 0.0178117048346056 0.02290076335877863 0.010178117048346058 0.015267175572519087 0.010178117048346058 0.020356234096692117 0.025445292620865145 0.015267175572519087 0.005089058524173029 0.012722646310432573 0.005089058524173029 0.010178117048346058 0.0025445292620865146 0.012722646310432573 0.0025445292620865146 0.007633587786259543 0.005089058524173029 0.02290076335877863 0.0178117048346056 0.005089058524173029 0.0178117048346056 0.025445292620865145 0.010178117048346058 0.012722646310432573 0.015267175572519087 0.025445292620865145 0.0025445292620865146 0.02290076335877863 0.012722646310432573 0.0178117048346056 0.0025445292620865146 0.025445292620865145 0.0 
0.016260162601626015 0.016260162601626015 0.008130081300813007 0.0027100271002710023 0.013550135501355011 0.02439024390243902 0.008130081300813007 0.018970189701897015 0.0027100271002710023 0.008130081300813007 0.018970189701897015 0.010840108401084009 0.016260162601626015 0.018970189701897015 0.027100271002710022 0.0054200542005420045 0.021680216802168018 0.0054200542005420045 0.018970189701897015 0.018970189701897015 0.02439024390243902 0.010840108401084009 0.0027100271002710023 0.027100271002710022 0.027100271002710022 0.021680216802168018 0.008130081300813007 0.008130081300813007 0.027100271002710022 0.016260162601626015 0.0027100271002710023 0.02439024390243902 0.027100271002710022 0.02439024390243902 0.02439024390243902 0.02439024390243902 0.02439024390243902 0.0027100271002710023 0.0027100271002710023 0.008130081300813007 0.010840108401084009 0.018970189701897015 0.0027100271002710023 0.018970189701897015 0.0027100271002710023 0.016260162601626015 0.010840108401084009 0.010840108401084009 0.008130081300813007 0.010840108401084009 0.018970189701897015 0.0054200542005420045 0.013550135501355011 0.0027100271002710023 0.018970189701897015 0.010840108401084009 0.027100271002710022 0.02439024390243902 0.027100271002710022 0.0054200542005420045 0.016260162601626015 0.018970189701897015 0.0027100271002710023 0.008130081300813007 0.008130081300813007 0.018970189701897015 0.027100271002710022 0.013550135501355011 0.0 
0.015037593984962405 0.015037593984962405 0.015037593984962405 0.010025062656641603 0.015037593984962405 0.002506265664160401 0.015037593984962405 0.002506265664160401 0.007518796992481203 0.010025062656641603 0.005012531328320802 0.022556390977443608 0.020050125313283207 0.012531328320802004 0.022556390977443608 0.012531328320802004 0.02506265664160401 0.017543859649122806 0.02506265664160401 0.015037593984962405 0.02506265664160401 0.002506265664160401 0.002506265664160401 0.005012531328320802 0.017543859649122806 0.007518796992481203 0.02506265664160401 0.005012531328320802 0.010025062656641603 0.02506265664160401 0.022556390977443608 0.015037593984962405 0.02506265664160401 0.010025062656641603 0.015037593984962405 0.012531328320802004 0.007518796992481203 0.010025062656641603 0.022556390977443608 0.010025062656641603 0.020050125313283207 0.02506265664160401 0.007518796992481203 0.005012531328320802 0.020050125313283207 0.002506265664160401 0.017543859649122806 0.015037593984962405 0.022556390977443608 0.020050125313283207 0.010025062656641603 0.020050125313283207 0.007518796992481203 0.017543859649122806 0.02506265664160401 0.020050125313283207 0.012531328320802004 0.012531328320802004 0.015037593984962405 0.02506265664160401 0.010025062656641603 0.022556390977443608 0.005012531328320802 0.02506265664160401 0.007518796992481203 0.012531328320802004 0.022556390977443608 0.012531328320802004 0.0 
0.024725274725274717 0.027472527472527465 0.00824175824175824 0.010989010989010988 0.002747252747252747 0.01648351648351648 0.027472527472527465 0.024725274725274717 0.027472527472527465 0.00824175824175824 0.010989010989010988 0.024725274725274717 0.01923076923076923 0.013736263736263733 0.027472527472527465 0.002747252747252747 0.024725274725274717 0.005494505494505494 0.01923076923076923 0.01648351648351648 0.00824175824175824 0.027472527472527465 0.01923076923076923 0.002747252747252747 0.01923076923076923 0.01923076923076923 0.002747252747252747 0.005494505494505494 0.002747252747252747 0.005494505494505494 0.027472527472527465 0.027472527472527465 0.01923076923076923 0.021978021978021976 0.010989010989010988 0.005494505494505494 0.021978021978021976 0.00824175824175824 0.01648351648351648 0.01648351648351648 0.010989010989010988 0.002747252747252747 0.01648351648351648 0.002747252747252747 0.002747252747252747 0.01923076923076923 0.021978021978021976 0.010989010989010988 0.01923076923076923 0.005494505494505494 0.01923076923076923 0.010989010989010988 0.027472527472527465 0.024725274725274717 0.010989010989010988 0.021978021978021976 0.005494505494505494 0.00824175824175824 0.024725274725274717 0.01648351648351648 0.024725274725274717 0.002747252747252747 0.010989010989010988 0.01648351648351648 0.010989010989010988 0.005494505494505494 0.010989010989010988 0.002747252747252747 0.0 
0.007317073170731704 0.007317073170731704 0.0024390243902439016 0.024390243902439015 0.019512195121951213 0.0024390243902439016 0.019512195121951213 0.01707317073170731 0.01707317073170731 0.007317073170731704 0.007317073170731704 0.012195121951219507 0.024390243902439015 0.01707317073170731 0.02195121951219511 0.01707317073170731 0.024390243902439015 0.019512195121951213 0.012195121951219507 0.014634146341463409 0.004878048780487803 0.024390243902439015 0.012195121951219507 0.024390243902439015 0.007317073170731704 0.024390243902439015 0.014634146341463409 0.0024390243902439016 0.009756097560975606 0.009756097560975606 0.024390243902439015 0.024390243902439015 0.009756097560975606 0.007317073170731704 0.024390243902439015 0.02195121951219511 0.019512195121951213 0.009756097560975606 0.01707317073170731 0.014634146341463409 0.012195121951219507 0.012195121951219507 0.0024390243902439016 0.0024390243902439016 0.004878048780487803 0.024390243902439015 0.024390243902439015 0.02195121951219511 0.012195121951219507 0.012195121951219507 0.007317073170731704 0.024390243902439015 0.024390243902439015 0.014634146341463409 0.019512195121951213 0.007317073170731704 0.024390243902439015 0.004878048780487803 0.012195121951219507 0.02195121951219511 0.004878048780487803 0.01707317073170731 0.007317073170731704 0.009756097560975606 0.019512195121951213 0.014634146341463409 0.009756097560975606 0.024390243902439015 0.0 
0.015463917525773193 0.015463917525773193 0.012886597938144326 0.018041237113402057 0.02319587628865979 0.020618556701030924 0.0077319587628865965 0.018041237113402057 0.0077319587628865965 0.015463917525773193 0.020618556701030924 0.02577319587628865 0.0025773195876288655 0.02577319587628865 0.010309278350515462 0.018041237113402057 0.02577319587628865 0.010309278350515462 0.015463917525773193 0.0077319587628865965 0.005154639175257731 0.0025773195876288655 0.0025773195876288655 0.0077319587628865965 0.0025773195876288655 0.018041237113402057 0.015463917525773193 0.018041237113402057 0.02577319587628865 0.012886597938144326 0.020618556701030924 0.012886597938144326 0.010309278350515462 0.0025773195876288655 0.005154639175257731 0.010309278350515462 0.018041237113402057 0.012886597938144326 0.02577319587628865 0.02577319587628865 0.0025773195876288655 0.020618556701030924 0.012886597938144326 0.020618556701030924 0.02577319587628865 0.02577319587628865 0.010309278350515462 0.015463917525773193 0.02319587628865979 0.0077319587628865965 0.0025773195876288655 0.012886597938144326 0.005154639175257731 0.02577319587628865 0.018041237113402057 0.020618556701030924 0.005154639175257731 0.0025773195876288655 0.010309278350515462 0.020618556701030924 0.015463917525773193 0.018041237113402057 0.018041237113402057 0.02577319587628865 0.020618556701030924 0.005154639175257731 0.018041237113402057 0.018041237113402057 0.0 
0.0028089887640449433 0.022471910112359546 0.005617977528089887 0.0028089887640449433 0.022471910112359546 0.02808988764044943 0.011235955056179773 0.019662921348314603 0.0028089887640449433 0.00842696629213483 0.022471910112359546 0.025280898876404487 0.005617977528089887 0.019662921348314603 0.02808988764044943 0.022471910112359546 0.00842696629213483 0.02808988764044943 0.014044943820224715 0.019662921348314603 0.014044943820224715 0.02808988764044943 0.005617977528089887 0.00842696629213483 0.01685393258426966 0.01685393258426966 0.0028089887640449433 0.00842696629213483 0.02808988764044943 0.02808988764044943 0.00842696629213483 0.01685393258426966 0.011235955056179773 0.022471910112359546 0.0028089887640449433 0.025280898876404487 0.011235955056179773 0.022471910112359546 0.02808988764044943 0.01685393258426966 0.005617977528089887 0.00842696629213483 0.025280898876404487 0.005617977528089887 0.00842696629213483 0.022471910112359546 0.01685393258426966 0.005617977528089887 0.014044943820224715 0.005617977528089887 0.014044943820224715 0.019662921348314603 0.014044943820224715 0.00842696629213483 0.01685393258426966 0.01685393258426966 0.014044943820224715 0.00842696629213483 0.0028089887640449433 0.005617977528089887 0.019662921348314603 0.025280898876404487 0.005617977528089887 0.01685393258426966 0.005617977528089887 0.025280898876404487 0.01685393258426966 0.0028089887640449433 0.0 
0.002801120448179272 0.008403361344537816 0.019607843137254905 0.005602240896358544 0.016806722689075633 0.011204481792717089 0.011204481792717089 0.02801120448179272 0.011204481792717089 0.008403361344537816 0.011204481792717089 0.022408963585434177 0.011204481792717089 0.02521008403361345 0.008403361344537816 0.01400560224089636 0.02521008403361345 0.011204481792717089 0.011204481792717089 0.022408963585434177 0.019607843137254905 0.01400560224089636 0.016806722689075633 0.022408963585434177 0.005602240896358544 0.011204481792717089 0.008403361344537816 0.022408963585434177 0.011204481792717089 0.02801120448179272 0.01400560224089636 0.008403361344537816 0.016806722689075633 0.02521008403361345 0.008403361344537816 0.019607843137254905 0.008403361344537816 0.02521008403361345 0.008403361344537816 0.005602240896358544 0.008403361344537816 0.011204481792717089 0.022408963585434177 0.019607843137254905 0.002801120448179272 0.011204481792717089 0.011204481792717089 0.008403361344537816 0.02801120448179272 0.019607843137254905 0.01400560224089636 0.01400560224089636 0.02801120448179272 0.002801120448179272 0.019607843137254905 0.01400560224089636 0.02801120448179272 0.019607843137254905 0.008403361344537816 0.005602240896358544 0.01400560224089636 0.008403361344537816 0.016806722689075633 0.016806722689075633 0.02521008403361345 0.016806722689075633 0.016806722689075633 0.002801120448179272 0.0 
0.0101010101010101 0.002525252525252525 0.012626262626262623 0.0202020202020202 0.0101010101010101 0.025252525252525245 0.0101010101010101 0.0202020202020202 0.012626262626262623 0.015151515151515148 0.025252525252525245 0.012626262626262623 0.007575757575757574 0.00505050505050505 0.0202020202020202 0.015151515151515148 0.012626262626262623 0.002525252525252525 0.007575757575757574 0.012626262626262623 0.015151515151515148 0.002525252525252525 0.0202020202020202 0.007575757575757574 0.012626262626262623 0.022727272727272724 0.025252525252525245 0.022727272727272724 0.007575757575757574 0.002525252525252525 0.012626262626262623 0.002525252525252525 0.00505050505050505 0.017676767676767673 0.012626262626262623 0.00505050505050505 0.025252525252525245 0.017676767676767673 0.007575757575757574 0.002525252525252525 0.025252525252525245 0.017676767676767673 0.0101010101010101 0.022727272727272724 0.025252525252525245 0.002525252525252525 0.025252525252525245 0.0202020202020202 0.0202020202020202 0.015151515151515148 0.025252525252525245 0.002525252525252525 0.012626262626262623 0.012626262626262623 0.015151515151515148 0.0202020202020202 0.022727272727272724 0.022727272727272724 0.025252525252525245 0.025252525252525245 0.012626262626262623 0.002525252525252525 0.0101010101010101 0.025252525252525245 0.017676767676767673 0.0202020202020202 0.0202020202020202 0.015151515151515148 0.0 
0.011049723756906075 0.02209944751381215 0.024861878453038666 0.008287292817679556 0.024861878453038666 0.008287292817679556 0.01933701657458563 0.008287292817679556 0.024861878453038666 0.002762430939226519 0.013812154696132593 0.027624309392265185 0.024861878453038666 0.024861878453038666 0.002762430939226519 0.02209944751381215 0.008287292817679556 0.011049723756906075 0.024861878453038666 0.008287292817679556 0.011049723756906075 0.011049723756906075 0.027624309392265185 0.002762430939226519 0.01933701657458563 0.011049723756906075 0.02209944751381215 0.02209944751381215 0.008287292817679556 0.011049723756906075 0.002762430939226519 0.016574585635359112 0.002762430939226519 0.016574585635359112 0.008287292817679556 0.024861878453038666 0.016574585635359112 0.005524861878453038 0.005524861878453038 0.008287292817679556 0.027624309392265185 0.01933701657458563 0.002762430939226519 0.008287292817679556 0.008287292817679556 0.005524861878453038 0.02209944751381215 0.005524861878453038 0.005524861878453038 0.008287292817679556 0.02209944751381215 0.027624309392265185 0.011049723756906075 0.002762430939226519 0.027624309392265185 0.016574585635359112 0.011049723756906075 0.01933701657458563 0.011049723756906075 0.008287292817679556 0.027624309392265185 0.005524861878453038 0.016574585635359112 0.01933701657458563 0.027624309392265185 0.008287292817679556 0.024861878453038666 0.02209944751381215 0.0 
0.016042780748663096 0.02406417112299464 0.02139037433155079 0.002673796791443849 0.018716577540106943 0.02139037433155079 0.018716577540106943 0.02139037433155079 0.02139037433155079 0.02673796791443849 0.02673796791443849 0.013368983957219246 0.010695187165775395 0.008021390374331548 0.002673796791443849 0.02139037433155079 0.02673796791443849 0.018716577540106943 0.010695187165775395 0.005347593582887698 0.002673796791443849 0.018716577540106943 0.005347593582887698 0.010695187165775395 0.018716577540106943 0.002673796791443849 0.02406417112299464 0.02673796791443849 0.02139037433155079 0.02673796791443849 0.010695187165775395 0.016042780748663096 0.002673796791443849 0.005347593582887698 0.02406417112299464 0.005347593582887698 0.010695187165775395 0.002673796791443849 0.010695187165775395 0.02139037433155079 0.002673796791443849 0.008021390374331548 0.02406417112299464 0.02673796791443849 0.002673796791443849 0.002673796791443849 0.02673796791443849 0.010695187165775395 0.008021390374331548 0.02406417112299464 0.016042780748663096 0.013368983957219246 0.02406417112299464 0.010695187165775395 0.005347593582887698 0.010695187165775395 0.02139037433155079 0.008021390374331548 0.002673796791443849 0.010695187165775395 0.013368983957219246 0.02673796791443849 0.005347593582887698 0.010695187165775395 0.018716577540106943 0.016042780748663096 0.018716577540106943 0.02673796791443849 0.0 
0.023255813953488375 0.02583979328165375 0.010335917312661501 0.0025839793281653752 0.02583979328165375 0.010335917312661501 0.007751937984496125 0.007751937984496125 0.0051679586563307504 0.020671834625323002 0.0025839793281653752 0.012919896640826874 0.01550387596899225 0.01550387596899225 0.012919896640826874 0.012919896640826874 0.020671834625323002 0.02583979328165375 0.020671834625323002 0.0051679586563307504 0.0051679586563307504 0.0025839793281653752 0.02583979328165375 0.020671834625323002 0.020671834625323002 0.0025839793281653752 0.0051679586563307504 0.02583979328165375 0.018087855297157625 0.01550387596899225 0.020671834625323002 0.0051679586563307504 0.02583979328165375 0.02583979328165375 0.01550387596899225 0.010335917312661501 0.010335917312661501 0.018087855297157625 0.023255813953488375 0.0051679586563307504 0.01550387596899225 0.020671834625323002 0.020671834625323002 0.018087855297157625 0.0025839793281653752 0.0051679586563307504 0.0025839793281653752 0.010335917312661501 0.0051679586563307504 0.012919896640826874 0.012919896640826874 0.0051679586563307504 0.010335917312661501 0.020671834625323002 0.010335917312661501 0.02583979328165375 0.02583979328165375 0.023255813953488375 0.020671834625323002 0.02583979328165375 0.0025839793281653752 0.012919896640826874 0.023255813953488375 0.012919896640826874 0.012919896640826874 0.007751937984496125 0.02583979328165375 0.020671834625323002 0.0 
0.012500000000000004 0.010000000000000002 0.020000000000000004 0.010000000000000002 0.022500000000000003 0.0075000000000000015 0.02500000000000001 0.02500000000000001 0.0025000000000000005 0.015000000000000003 0.0075000000000000015 0.017500000000000005 0.020000000000000004 0.015000000000000003 0.017500000000000005 0.0075000000000000015 0.015000000000000003 0.017500000000000005 0.022500000000000003 0.022500000000000003 0.005000000000000001 0.0025000000000000005 0.020000000000000004 0.02500000000000001 0.015000000000000003 0.020000000000000004 0.005000000000000001 0.020000000000000004 0.012500000000000004 0.02500000000000001 0.0025000000000000005 0.02500000000000001 0.0075000000000000015 0.012500000000000004 0.010000000000000002 0.020000000000000004 0.020000000000000004 0.020000000000000004 0.015000000000000003 0.017500000000000005 0.010000000000000002 0.022500000000000003 0.0025000000000000005 0.015000000000000003 0.015000000000000003 0.017500000000000005 0.015000000000000003 0.0075000000000000015 0.020000000000000004 0.022500000000000003 0.010000000000000002 0.015000000000000003 0.0075000000000000015 0.0025000000000000005 0.015000000000000003 0.010000000000000002 0.010000000000000002 0.0075000000000000015 0.015000000000000003 0.0075000000000000015 0.022500000000000003 0.02500000000000001 0.012500000000000004 0.0075000000000000015 0.022500000000000003 0.022500000000000003 0.0075000000000000015 0.020000000000000004 0.0 
0.0184331797235023 0.0184331797235023 0.006912442396313363 0.0023041474654377876 0.0184331797235023 0.016129032258064512 0.011520737327188939 0.0184331797235023 0.0184331797235023 0.023041474654377878 0.0184331797235023 0.0184331797235023 0.006912442396313363 0.00921658986175115 0.0184331797235023 0.02073732718894009 0.0184331797235023 0.023041474654377878 0.02073732718894009 0.0184331797235023 0.004608294930875575 0.0184331797235023 0.0023041474654377876 0.023041474654377878 0.016129032258064512 0.013824884792626725 0.0023041474654377876 0.0184331797235023 0.0023041474654377876 0.00921658986175115 0.0023041474654377876 0.02073732718894009 0.0023041474654377876 0.013824884792626725 0.013824884792626725 0.006912442396313363 0.023041474654377878 0.011520737327188939 0.02073732718894009 0.016129032258064512 0.011520737327188939 0.0184331797235023 0.0023041474654377876 0.023041474654377878 0.023041474654377878 0.016129032258064512 0.023041474654377878 0.0184331797235023 0.0184331797235023 0.0184331797235023 0.023041474654377878 0.004608294930875575 0.023041474654377878 0.016129032258064512 0.006912442396313363 0.023041474654377878 0.016129032258064512 0.00921658986175115 0.013824884792626725 0.023041474654377878 0.011520737327188939 0.00921658986175115 0.023041474654377878 0.013824884792626725 0.016129032258064512 0.006912442396313363 0.0023041474654377876 0.0184331797235023 0.0 
0.023598820058997043 0.023598820058997043 0.005899705014749261 0.005899705014749261 0.029498525073746305 0.014749262536873153 0.023598820058997043 0.020648967551622415 0.014749262536873153 0.020648967551622415 0.008849557522123892 0.017699115044247784 0.0029498525073746304 0.026548672566371674 0.0029498525073746304 0.029498525073746305 0.020648967551622415 0.017699115044247784 0.0029498525073746304 0.011799410029498521 0.011799410029498521 0.0029498525073746304 0.017699115044247784 0.011799410029498521 0.008849557522123892 0.014749262536873153 0.0029498525073746304 0.026548672566371674 0.029498525073746305 0.005899705014749261 0.017699115044247784 0.005899705014749261 0.008849557522123892 0.008849557522123892 0.005899705014749261 0.026548672566371674 0.029498525073746305 0.017699115044247784 0.005899705014749261 0.020648967551622415 0.0029498525073746304 0.017699115044247784 0.020648967551622415 0.008849557522123892 0.020648967551622415 0.017699115044247784 0.008849557522123892 0.023598820058997043 0.0029498525073746304 0.017699115044247784 0.014749262536873153 0.0029498525073746304 0.014749262536873153 0.017699115044247784 0.017699115044247784 0.017699115044247784 0.008849557522123892 0.008849557522123892 0.008849557522123892 0.017699115044247784 0.026548672566371674 0.005899705014749261 0.005899705014749261 0.008849557522123892 0.023598820058997043 0.023598820058997043 0.014749262536873153 0.014749262536873153 0.0 
0.008571428571428575 0.01714285714285715 0.02571428571428572 0.02857142857142858 0.01428571428571429 0.011428571428571432 0.022857142857142864 0.002857142857142858 0.02857142857142858 0.008571428571428575 0.022857142857142864 0.002857142857142858 0.008571428571428575 0.002857142857142858 0.008571428571428575 0.002857142857142858 0.022857142857142864 0.008571428571428575 0.01714285714285715 0.020000000000000007 0.020000000000000007 0.011428571428571432 0.008571428571428575 0.002857142857142858 0.008571428571428575 0.011428571428571432 0.01428571428571429 0.020000000000000007 0.008571428571428575 0.011428571428571432 0.005714285714285716 0.022857142857142864 0.020000000000000007 0.01714285714285715 0.01714285714285715 0.020000000000000007 0.005714285714285716 0.008571428571428575 0.02857142857142858 0.005714285714285716 0.02571428571428572 0.020000000000000007 0.01428571428571429 0.01428571428571429 0.011428571428571432 0.005714285714285716 0.020000000000000007 0.011428571428571432 0.01714285714285715 0.002857142857142858 0.01428571428571429 0.020000000000000007 0.02571428571428572 0.02571428571428572 0.020000000000000007 0.005714285714285716 0.020000000000000007 0.005714285714285716 0.02571428571428572 0.01428571428571429 0.008571428571428575 0.002857142857142858 0.020000000000000007 0.01428571428571429 0.02571428571428572 0.008571428571428575 0.02857142857142858 0.01714285714285715 0.0 
0.022842639593908632 0.002538071065989848 0.02538071065989848 0.022842639593908632 0.007614213197969544 0.01776649746192894 0.01269035532994924 0.020304568527918784 0.005076142131979696 0.02538071065989848 0.01269035532994924 0.020304568527918784 0.02538071065989848 0.015228426395939089 0.010152284263959392 0.022842639593908632 0.02538071065989848 0.010152284263959392 0.010152284263959392 0.015228426395939089 0.002538071065989848 0.02538071065989848 0.02538071065989848 0.01269035532994924 0.010152284263959392 0.01269035532994924 0.010152284263959392 0.020304568527918784 0.01776649746192894 0.002538071065989848 0.007614213197969544 0.010152284263959392 0.010152284263959392 0.010152284263959392 0.02538071065989848 0.022842639593908632 0.005076142131979696 0.015228426395939089 0.020304568527918784 0.015228426395939089 0.007614213197969544 0.01776649746192894 0.007614213197969544 0.005076142131979696 0.002538071065989848 0.01269035532994924 0.010152284263959392 0.022842639593908632 0.010152284263959392 0.005076142131979696 0.020304568527918784 0.022842639593908632 0.022842639593908632 0.01776649746192894 0.007614213197969544 0.005076142131979696 0.002538071065989848 0.015228426395939089 0.010152284263959392 0.022842639593908632 0.02538071065989848 0.01269035532994924 0.020304568527918784 0.015228426395939089 0.022842639593908632 0.022842639593908632 0.015228426395939089 0.005076142131979696 0.0 
0.025773195876288665 0.025773195876288665 0.023195876288659798 0.010309278350515465 0.023195876288659798 0.018041237113402064 0.0154639175257732 0.0077319587628866 0.010309278350515465 0.012886597938144333 0.005154639175257733 0.018041237113402064 0.005154639175257733 0.005154639175257733 0.02061855670103093 0.023195876288659798 0.023195876288659798 0.010309278350515465 0.02061855670103093 0.010309278350515465 0.02061855670103093 0.025773195876288665 0.0077319587628866 0.0077319587628866 0.025773195876288665 0.005154639175257733 0.025773195876288665 0.025773195876288665 0.0077319587628866 0.025773195876288665 0.0077319587628866 0.010309278350515465 0.012886597938144333 0.012886597938144333 0.005154639175257733 0.025773195876288665 0.010309278350515465 0.012886597938144333 0.0154639175257732 0.0154639175257732 0.025773195876288665 0.012886597938144333 0.025773195876288665 0.023195876288659798 0.023195876288659798 0.02061855670103093 0.0077319587628866 0.0025773195876288664 0.0077319587628866 0.018041237113402064 0.005154639175257733 0.023195876288659798 0.023195876288659798 0.018041237113402064 0.005154639175257733 0.010309278350515465 0.010309278350515465 0.0077319587628866 0.0077319587628866 0.005154639175257733 0.005154639175257733 0.0077319587628866 0.018041237113402064 0.012886597938144333 0.018041237113402064 0.0077319587628866 0.0025773195876288664 0.023195876288659798 0.0 
0.02406417112299465 0.013368983957219251 0.0053475935828877 0.01871657754010695 0.00267379679144385 0.0053475935828877 0.02406417112299465 0.01871657754010695 0.02406417112299465 0.026737967914438502 0.02406417112299465 0.013368983957219251 0.026737967914438502 0.01871657754010695 0.0106951871657754 0.0106951871657754 0.013368983957219251 0.00267379679144385 0.02406417112299465 0.0106951871657754 0.008021390374331552 0.013368983957219251 0.013368983957219251 0.0213903743315508 0.01871657754010695 0.013368983957219251 0.008021390374331552 0.01871657754010695 0.016042780748663103 0.01871657754010695 0.00267379679144385 0.00267379679144385 0.0213903743315508 0.01871657754010695 0.013368983957219251 0.0213903743315508 0.01871657754010695 0.00267379679144385 0.008021390374331552 0.013368983957219251 0.016042780748663103 0.0106951871657754 0.01871657754010695 0.0053475935828877 0.016042780748663103 0.016042780748663103 0.016042780748663103 0.02406417112299465 0.0106951871657754 0.00267379679144385 0.02406417112299465 0.0053475935828877 0.026737967914438502 0.00267379679144385 0.02406417112299465 0.00267379679144385 0.016042780748663103 0.026737967914438502 0.008021390374331552 0.026737967914438502 0.016042780748663103 0.013368983957219251 0.026737967914438502 0.00267379679144385 0.026737967914438502 0.0106951871657754 0.0106951871657754 0.00267379679144385 0.0 
0.013586956521739127 0.008152173913043476 0.021739130434782605 0.02445652173913043 0.013586956521739127 0.005434782608695651 0.01902173913043478 0.016304347826086953 0.005434782608695651 0.02445652173913043 0.013586956521739127 0.016304347826086953 0.013586956521739127 0.013586956521739127 0.0027173913043478256 0.005434782608695651 0.0027173913043478256 0.01902173913043478 0.005434782608695651 0.021739130434782605 0.005434782608695651 0.02445652173913043 0.01902173913043478 0.008152173913043476 0.005434782608695651 0.016304347826086953 0.0027173913043478256 0.02445652173913043 0.01902173913043478 0.013586956521739127 0.005434782608695651 0.008152173913043476 0.010869565217391302 0.008152173913043476 0.02445652173913043 0.016304347826086953 0.021739130434782605 0.008152173913043476 0.027173913043478253 0.013586956521739127 0.0027173913043478256 0.008152173913043476 0.027173913043478253 0.010869565217391302 0.016304347826086953 0.027173913043478253 0.02445652173913043 0.016304347826086953 0.008152173913043476 0.02445652173913043 0.02445652173913043 0.008152173913043476 0.01902173913043478 0.005434782608695651 0.013586956521739127 0.013586956521739127 0.010869565217391302 0.016304347826086953 0.005434782608695651 0.027173913043478253 0.02445652173913043 0.016304347826086953 0.021739130434782605 0.016304347826086953 0.010869565217391302 0.016304347826086953 0.008152173913043476 0.027173913043478253 0.0 
0.016666666666666663 0.005555555555555555 0.02222222222222222 0.016666666666666663 0.024999999999999994 0.024999999999999994 0.013888888888888885 0.013888888888888885 0.013888888888888885 0.0027777777777777775 0.016666666666666663 0.0027777777777777775 0.02777777777777777 0.008333333333333331 0.005555555555555555 0.0027777777777777775 0.005555555555555555 0.008333333333333331 0.024999999999999994 0.02777777777777777 0.01944444444444444 0.0027777777777777775 0.01111111111111111 0.02222222222222222 0.005555555555555555 0.024999999999999994 0.0027777777777777775 0.01111111111111111 0.01944444444444444 0.024999999999999994 0.024999999999999994 0.013888888888888885 0.013888888888888885 0.016666666666666663 0.02222222222222222 0.024999999999999994 0.02222222222222222 0.01944444444444444 0.005555555555555555 0.0027777777777777775 0.016666666666666663 0.013888888888888885 0.008333333333333331 0.02222222222222222 0.016666666666666663 0.01111111111111111 0.008333333333333331 0.016666666666666663 0.02777777777777777 0.016666666666666663 0.01111111111111111 0.008333333333333331 0.016666666666666663 0.005555555555555555 0.008333333333333331 0.01944444444444444 0.016666666666666663 0.005555555555555555 0.016666666666666663 0.013888888888888885 0.016666666666666663 0.008333333333333331 0.01111111111111111 0.005555555555555555 0.02222222222222222 0.02777777777777777 0.013888888888888885 0.016666666666666663 0.0 
0.008522727272727274 0.005681818181818183 0.0028409090909090914 0.017045454545454548 0.0028409090909090914 0.008522727272727274 0.025568181818181823 0.02272727272727273 0.017045454545454548 0.005681818181818183 0.014204545454545456 0.0028409090909090914 0.011363636363636366 0.01988636363636364 0.008522727272727274 0.0028409090909090914 0.02272727272727273 0.011363636363636366 0.02840909090909091 0.02840909090909091 0.017045454545454548 0.025568181818181823 0.025568181818181823 0.01988636363636364 0.008522727272727274 0.02840909090909091 0.005681818181818183 0.025568181818181823 0.0028409090909090914 0.02272727272727273 0.014204545454545456 0.02272727272727273 0.008522727272727274 0.005681818181818183 0.02272727272727273 0.011363636363636366 0.008522727272727274 0.02272727272727273 0.014204545454545456 0.0028409090909090914 0.025568181818181823 0.008522727272727274 0.025568181818181823 0.017045454545454548 0.02272727272727273 0.005681818181818183 0.025568181818181823 0.017045454545454548 0.005681818181818183 0.005681818181818183 0.0028409090909090914 0.0028409090909090914 0.011363636363636366 0.02272727272727273 0.02840909090909091 0.011363636363636366 0.014204545454545456 0.008522727272727274 0.02272727272727273 0.005681818181818183 0.02840909090909091 0.011363636363636366 0.005681818181818183 0.025568181818181823 0.01988636363636364 0.011363636363636366 0.0028409090909090914 0.02272727272727273 0.0 
0.007978723404255322 0.023936170212765964 0.026595744680851074 0.01861702127659575 0.015957446808510644 0.023936170212765964 0.007978723404255322 0.010638297872340429 0.015957446808510644 0.007978723404255322 0.007978723404255322 0.007978723404255322 0.002659574468085107 0.013297872340425537 0.01861702127659575 0.021276595744680857 0.01861702127659575 0.021276595744680857 0.026595744680851074 0.026595744680851074 0.002659574468085107 0.002659574468085107 0.013297872340425537 0.002659574468085107 0.01861702127659575 0.013297872340425537 0.023936170212765964 0.010638297872340429 0.021276595744680857 0.015957446808510644 0.023936170212765964 0.010638297872340429 0.023936170212765964 0.015957446808510644 0.01861702127659575 0.002659574468085107 0.005319148936170214 0.026595744680851074 0.015957446808510644 0.002659574468085107 0.005319148936170214 0.023936170212765964 0.013297872340425537 0.007978723404255322 0.021276595744680857 0.021276595744680857 0.021276595744680857 0.007978723404255322 0.010638297872340429 0.002659574468085107 0.023936170212765964 0.013297872340425537 0.013297872340425537 0.013297872340425537 0.002659574468085107 0.002659574468085107 0.026595744680851074 0.015957446808510644 0.021276595744680857 0.026595744680851074 0.002659574468085107 0.002659574468085107 0.026595744680851074 0.021276595744680857 0.01861702127659575 0.015957446808510644 0.010638297872340429 0.010638297872340429 0.0 
0.023376623376623374 0.02597402597402597 0.0077922077922077905 0.02597402597402597 0.023376623376623374 0.02597402597402597 0.005194805194805194 0.020779220779220776 0.023376623376623374 0.015584415584415581 0.015584415584415581 0.002597402597402597 0.002597402597402597 0.015584415584415581 0.012987012987012984 0.0077922077922077905 0.005194805194805194 0.012987012987012984 0.015584415584415581 0.02597402597402597 0.020779220779220776 0.018181818181818177 0.023376623376623374 0.010389610389610388 0.005194805194805194 0.020779220779220776 0.012987012987012984 0.02597402597402597 0.018181818181818177 0.0077922077922077905 0.010389610389610388 0.020779220779220776 0.0077922077922077905 0.023376623376623374 0.002597402597402597 0.002597402597402597 0.012987012987012984 0.005194805194805194 0.023376623376623374 0.015584415584415581 0.002597402597402597 0.018181818181818177 0.010389610389610388 0.023376623376623374 0.010389610389610388 0.023376623376623374 0.015584415584415581 0.010389610389610388 0.010389610389610388 0.015584415584415581 0.02597402597402597 0.015584415584415581 0.012987012987012984 0.02597402597402597 0.002597402597402597 0.002597402597402597 0.010389610389610388 0.0077922077922077905 0.005194805194805194 0.015584415584415581 0.012987012987012984 0.012987012987012984 0.020779220779220776 0.02597402597402597 0.010389610389610388 0.018181818181818177 0.020779220779220776 0.010389610389610388 0.0 
0.007575757575757577 0.025252525252525256 0.01767676767676768 0.005050505050505052 0.015151515151515154 0.01767676767676768 0.012626262626262628 0.012626262626262628 0.012626262626262628 0.012626262626262628 0.005050505050505052 0.025252525252525256 0.005050505050505052 0.025252525252525256 0.015151515151515154 0.005050505050505052 0.002525252525252526 0.010101010101010104 0.02272727272727273 0.015151515151515154 0.012626262626262628 0.002525252525252526 0.007575757575757577 0.010101010101010104 0.012626262626262628 0.025252525252525256 0.02272727272727273 0.025252525252525256 0.025252525252525256 0.025252525252525256 0.015151515151515154 0.015151515151515154 0.01767676767676768 0.02272727272727273 0.020202020202020207 0.002525252525252526 0.005050505050505052 0.007575757575757577 0.007575757575757577 0.015151515151515154 0.005050505050505052 0.020202020202020207 0.025252525252525256 0.015151515151515154 0.015151515151515154 0.012626262626262628 0.01767676767676768 0.010101010101010104 0.012626262626262628 0.020202020202020207 0.010101010101010104 0.007575757575757577 0.010101010101010104 0.02272727272727273 0.025252525252525256 0.02272727272727273 0.015151515151515154 0.012626262626262628 0.010101010101010104 0.025252525252525256 0.007575757575757577 0.02272727272727273 0.002525252525252526 0.025252525252525256 0.010101010101010104 0.01767676767676768 0.025252525252525256 0.005050505050505052 0.0 
0.007894736842105267 0.02631578947368422 0.01315789473684211 0.023684210526315797 0.005263157894736844 0.02631578947368422 0.01315789473684211 0.023684210526315797 0.010526315789473687 0.01315789473684211 0.005263157894736844 0.021052631578947375 0.015789473684210534 0.007894736842105267 0.015789473684210534 0.015789473684210534 0.02631578947368422 0.021052631578947375 0.015789473684210534 0.007894736842105267 0.002631578947368422 0.010526315789473687 0.023684210526315797 0.015789473684210534 0.018421052631578953 0.018421052631578953 0.021052631578947375 0.021052631578947375 0.015789473684210534 0.005263157894736844 0.02631578947368422 0.02631578947368422 0.021052631578947375 0.01315789473684211 0.021052631578947375 0.018421052631578953 0.002631578947368422 0.007894736842105267 0.002631578947368422 0.005263157894736844 0.007894736842105267 0.018421052631578953 0.005263157894736844 0.02631578947368422 0.005263157894736844 0.002631578947368422 0.007894736842105267 0.015789473684210534 0.021052631578947375 0.005263157894736844 0.002631578947368422 0.023684210526315797 0.01315789473684211 0.021052631578947375 0.023684210526315797 0.023684210526315797 0.018421052631578953 0.018421052631578953 0.010526315789473687 0.007894736842105267 0.018421052631578953 0.005263157894736844 0.018421052631578953 0.021052631578947375 0.007894736842105267 0.005263157894736844 0.023684210526315797 0.007894736842105267 0.0 
0.022613065326633163 0.02010050251256281 0.012562814070351756 0.02010050251256281 0.022613065326633163 0.025125628140703512 0.012562814070351756 0.012562814070351756 0.007537688442211053 0.007537688442211053 0.0025125628140703514 0.007537688442211053 0.007537688442211053 0.0025125628140703514 0.010050251256281405 0.0025125628140703514 0.02010050251256281 0.015075376884422106 0.015075376884422106 0.015075376884422106 0.02010050251256281 0.022613065326633163 0.010050251256281405 0.022613065326633163 0.005025125628140703 0.02010050251256281 0.025125628140703512 0.01758793969849246 0.02010050251256281 0.012562814070351756 0.0025125628140703514 0.005025125628140703 0.025125628140703512 0.022613065326633163 0.022613065326633163 0.01758793969849246 0.025125628140703512 0.005025125628140703 0.005025125628140703 0.022613065326633163 0.01758793969849246 0.007537688442211053 0.02010050251256281 0.005025125628140703 0.01758793969849246 0.007537688442211053 0.007537688442211053 0.012562814070351756 0.01758793969849246 0.010050251256281405 0.025125628140703512 0.022613065326633163 0.02010050251256281 0.005025125628140703 0.025125628140703512 0.005025125628140703 0.010050251256281405 0.010050251256281405 0.025125628140703512 0.01758793969849246 0.0025125628140703514 0.015075376884422106 0.02010050251256281 0.012562814070351756 0.012562814070351756 0.012562814070351756 0.02010050251256281 0.025125628140703512 0.0 
0.016129032258064526 0.021505376344086037 0.008064516129032263 0.010752688172043019 0.008064516129032263 0.005376344086021509 0.026881720430107545 0.005376344086021509 0.0026881720430107546 0.026881720430107545 0.02419354838709679 0.016129032258064526 0.02419354838709679 0.021505376344086037 0.008064516129032263 0.010752688172043019 0.016129032258064526 0.010752688172043019 0.0026881720430107546 0.005376344086021509 0.005376344086021509 0.018817204301075283 0.016129032258064526 0.018817204301075283 0.02419354838709679 0.005376344086021509 0.018817204301075283 0.0026881720430107546 0.026881720430107545 0.02419354838709679 0.010752688172043019 0.026881720430107545 0.026881720430107545 0.005376344086021509 0.013440860215053772 0.02419354838709679 0.005376344086021509 0.018817204301075283 0.005376344086021509 0.010752688172043019 0.016129032258064526 0.0026881720430107546 0.021505376344086037 0.021505376344086037 0.026881720430107545 0.013440860215053772 0.02419354838709679 0.02419354838709679 0.0026881720430107546 0.02419354838709679 0.008064516129032263 0.021505376344086037 0.008064516129032263 0.005376344086021509 0.008064516129032263 0.021505376344086037 0.018817204301075283 0.010752688172043019 0.018817204301075283 0.0026881720430107546 0.021505376344086037 0.018817204301075283 0.008064516129032263 0.013440860215053772 0.010752688172043019 0.018817204301075283 0.016129032258064526 0.010752688172043019 0.0 
0.00797872340425532 0.026595744680851068 0.00797872340425532 0.00797872340425532 0.013297872340425534 0.026595744680851068 0.018617021276595747 0.02393617021276596 0.02393617021276596 0.026595744680851068 0.018617021276595747 0.026595744680851068 0.0026595744680851068 0.0053191489361702135 0.01595744680851064 0.013297872340425534 0.013297872340425534 0.026595744680851068 0.0026595744680851068 0.0026595744680851068 0.0026595744680851068 0.018617021276595747 0.00797872340425532 0.0026595744680851068 0.010638297872340427 0.0026595744680851068 0.0053191489361702135 0.013297872340425534 0.0026595744680851068 0.00797872340425532 0.01595744680851064 0.01595744680851064 0.010638297872340427 0.018617021276595747 0.026595744680851068 0.026595744680851068 0.018617021276595747 0.0026595744680851068 0.021276595744680854 0.00797872340425532 0.026595744680851068 0.021276595744680854 0.01595744680851064 0.00797872340425532 0.026595744680851068 0.0026595744680851068 0.0053191489361702135 0.010638297872340427 0.021276595744680854 0.02393617021276596 0.0053191489361702135 0.02393617021276596 0.010638297872340427 0.018617021276595747 0.0053191489361702135 0.021276595744680854 0.018617021276595747 0.02393617021276596 0.00797872340425532 0.00797872340425532 0.010638297872340427 0.018617021276595747 0.010638297872340427 0.021276595744680854 0.02393617021276596 0.021276595744680854 0.01595744680851064 0.021276595744680854 0.0 
0.008310249307479232 0.024930747922437695 0.013850415512465384 0.011080332409972308 0.002770083102493077 0.019390581717451536 0.027700831024930768 0.024930747922437695 0.024930747922437695 0.027700831024930768 0.002770083102493077 0.002770083102493077 0.002770083102493077 0.016620498614958464 0.002770083102493077 0.011080332409972308 0.022160664819944616 0.008310249307479232 0.002770083102493077 0.027700831024930768 0.022160664819944616 0.019390581717451536 0.002770083102493077 0.016620498614958464 0.002770083102493077 0.013850415512465384 0.008310249307479232 0.011080332409972308 0.008310249307479232 0.019390581717451536 0.008310249307479232 0.024930747922437695 0.005540166204986154 0.016620498614958464 0.024930747922437695 0.022160664819944616 0.019390581717451536 0.013850415512465384 0.016620498614958464 0.027700831024930768 0.002770083102493077 0.024930747922437695 0.016620498614958464 0.024930747922437695 0.024930747922437695 0.019390581717451536 0.019390581717451536 0.005540166204986154 0.002770083102493077 0.011080332409972308 0.022160664819944616 0.027700831024930768 0.005540166204986154 0.013850415512465384 0.019390581717451536 0.005540166204986154 0.002770083102493077 0.016620498614958464 0.008310249307479232 0.024930747922437695 0.016620498614958464 0.016620498614958464 0.013850415512465384 0.016620498614958464 0.008310249307479232 0.008310249307479232 0.013850415512465384 0.016620498614958464 0.0 
0.011235955056179775 0.014044943820224719 0.0028089887640449437 0.016853932584269662 0.014044943820224719 0.0056179775280898875 0.0056179775280898875 0.019662921348314606 0.011235955056179775 0.016853932584269662 0.0056179775280898875 0.016853932584269662 0.019662921348314606 0.016853932584269662 0.016853932584269662 0.0028089887640449437 0.014044943820224719 0.0056179775280898875 0.02247191011235955 0.02247191011235955 0.019662921348314606 0.016853932584269662 0.02247191011235955 0.0056179775280898875 0.0028089887640449437 0.011235955056179775 0.0028089887640449437 0.019662921348314606 0.008426966292134831 0.0056179775280898875 0.02247191011235955 0.028089887640449437 0.014044943820224719 0.014044943820224719 0.02247191011235955 0.0056179775280898875 0.014044943820224719 0.0028089887640449437 0.02247191011235955 0.016853932584269662 0.0056179775280898875 0.028089887640449437 0.014044943820224719 0.014044943820224719 0.028089887640449437 0.019662921348314606 0.016853932584269662 0.011235955056179775 0.025280898876404494 0.0056179775280898875 0.016853932584269662 0.014044943820224719 0.025280898876404494 0.0056179775280898875 0.028089887640449437 0.008426966292134831 0.025280898876404494 0.014044943820224719 0.008426966292134831 0.014044943820224719 0.011235955056179775 0.028089887640449437 0.008426966292134831 0.019662921348314606 0.0056179775280898875 0.016853932584269662 0.016853932584269662 0.025280898876404494 0.0 
1.0 0.0 0.0 0.0 0.0 0.0 0.0 0.0 0.0 0.0 0.0 0.0 0.0 0.0 0.0 0.0 0.0 0.0 0.0 0.0 0.0 0.0 0.0 0.0 0.0 0.0 0.0 0.0 0.0 0.0 0.0 0.0 0.0 0.0 0.0 0.0 0.0 0.0 0.0 0.0 0.0 0.0 0.0 0.0 0.0 0.0 0.0 0.0 0.0 0.0 0.0 0.0 0.0 0.0 0.0 0.0 0.0 0.0 0.0 0.0 0.0 0.0 0.0 0.0 0.0 0.0 0.0 0.0 0.0 

emissions
1 1 1 1 1 1 1 1 1 1 1 1 1 1 1 1 1 1 1 1 1 1 1 1 1 1 1 1 1 1 1 1 1 1 1 1 1 1 1 1 1 1 1 1 1 1 1 1 1 1 1 1 1 1 1 1 1 1 1 1 1 1 1 1 1 1 1 0 0 
0 0 0 0 0 0 0 0 0 0 0 0 0 0 0 0 0 0 0 0 0 0 0 0 0 0 0 0 0 0 0 0 0 0 0 0 0 0 0 0 0 0 0 0 0 0 0 0 0 0 0 0 0 0 0 0 0 0 0 0 0 0 0 0 0 0 0 0 1 
0 0 0 0 0 0 0 0 0 0 0 0 0 0 0 0 0 0 0 0 0 0 0 0 0 0 0 0 0 0 0 0 0 0 0 0 0 0 0 0 0 0 0 0 0 0 0 0 0 0 0 0 0 0 0 0 0 0 0 0 0 0 0 0 0 0 0 1 0 
