states
0 1 2 3 4 5 6 7 8 9 10 11 12 13 14 15 16 17 18 19 20 21 22 23 24 25 26 27 28 29 30 31 32 33 34 35 36 37 38 39 40 41 42 43 44 45 46 47 48 49 50 51 52 53 54 55 56 57 58 59 60 
labels
empty init elected 
initial
0.0 0.0 0.0 0.0 0.0 0.0 0.0 0.0 0.0 0.0 0.0 0.0 0.0 0.0 0.0 0.0 0.0 0.0 0.0 0.0 0.0 0.0 0.0 0.0 0.0 0.0 0.0 0.0 0.0 0.0 0.0 0.0 0.0 0.0 0.0 0.0 0.0 0.0 0.0 0.0 0.0 0.0 0.0 0.0 0.0 0.0 0.0 0.0 0.0 0.0 0.0 0.0 0.0 0.0 0.0 0.0 0.0 0.0 0.0 0.0 1.0
transitions
0.018404907975460124 0.003067484662576687 0.012269938650306749 0.012269938650306749 0.024539877300613498 0.03067484662576687 0.012269938650306749 0.018404907975460124 0.009202453987730062 0.015337423312883436 0.024539877300613498 0.02147239263803681 0.027607361963190184 0.027607361963190184 0.006134969325153374 0.02147239263803681 0.024539877300613498 0.024539877300613498 0.027607361963190184 0.006134969325153374 0.018404907975460124 0.03067484662576687 0.027607361963190184 0.03067484662576687 0.015337423312883436 0.012269938650306749 0.003067484662576687 0.012269938650306749 0.018404907975460124 0.003067484662576687 0.009202453987730062 0.012269938650306749 0.027607361963190184 0.006134969325153374 0.012269938650306749 0.012269938650306749 0.012269938650306749 0.024539877300613498 0.003067484662576687 0.006134969325153374 0.03067484662576687 0.03067484662576687 0.003067484662576687 0.015337423312883436 0.024539877300613498 0.012269938650306749 0.009202453987730062 0.024539877300613498 0.009202453987730062 0.003067484662576687 0.003067484662576687 0.015337423312883436 0.018404907975460124 0.018404907975460124 0.02147239263803681 0.027607361963190184 0.015337423312883436 0.006134969325153374 0.015337423312883436 0.03067484662576687 0.0 
0.030716723549488054 0.006825938566552901 0.006825938566552901 0.027303754266211604 0.034129692832764506 0.034129692832764506 0.013651877133105802 0.023890784982935155 0.027303754266211604 0.010238907849829351 0.0034129692832764505 0.013651877133105802 0.020477815699658702 0.034129692832764506 0.017064846416382253 0.017064846416382253 0.023890784982935155 0.017064846416382253 0.017064846416382253 0.013651877133105802 0.017064846416382253 0.017064846416382253 0.030716723549488054 0.017064846416382253 0.013651877133105802 0.027303754266211604 0.020477815699658702 0.020477815699658702 0.0034129692832764505 0.006825938566552901 0.020477815699658702 0.034129692832764506 0.013651877133105802 0.0034129692832764505 0.020477815699658702 0.0034129692832764505 0.006825938566552901 0.010238907849829351 0.017064846416382253 0.010238907849829351 0.0034129692832764505 0.013651877133105802 0.010238907849829351 0.0034129692832764505 0.027303754266211604 0.020477815699658702 0.034129692832764506 0.0034129692832764505 0.010238907849829351 0.027303754266211604 0.010238907849829351 0.034129692832764506 0.010238907849829351 0.013651877133105802 0.013651877133105802 0.010238907849829351 0.013651877133105802 0.017064846416382253 0.006825938566552901 0.010238907849829351 0.0 
0.028011204481792704 0.005602240896358541 0.014005602240896352 0.01960784313725489 0.025210084033613436 0.008403361344537811 0.011204481792717082 0.0028011204481792704 0.0028011204481792704 0.01960784313725489 0.0028011204481792704 0.01960784313725489 0.011204481792717082 0.011204481792717082 0.025210084033613436 0.025210084033613436 0.025210084033613436 0.008403361344537811 0.011204481792717082 0.008403361344537811 0.0028011204481792704 0.025210084033613436 0.025210084033613436 0.011204481792717082 0.025210084033613436 0.008403361344537811 0.025210084033613436 0.014005602240896352 0.011204481792717082 0.0028011204481792704 0.014005602240896352 0.011204481792717082 0.01960784313725489 0.028011204481792704 0.025210084033613436 0.0028011204481792704 0.025210084033613436 0.016806722689075623 0.028011204481792704 0.0028011204481792704 0.028011204481792704 0.01960784313725489 0.016806722689075623 0.011204481792717082 0.005602240896358541 0.025210084033613436 0.0028011204481792704 0.014005602240896352 0.028011204481792704 0.01960784313725489 0.016806722689075623 0.022408963585434163 0.025210084033613436 0.025210084033613436 0.028011204481792704 0.008403361344537811 0.025210084033613436 0.01960784313725489 0.01960784313725489 0.028011204481792704 0.0 
0.0058479532163742695 0.020467836257309944 0.026315789473684216 0.026315789473684216 0.011695906432748539 0.008771929824561405 0.011695906432748539 0.020467836257309944 0.011695906432748539 0.020467836257309944 0.01754385964912281 0.023391812865497078 0.0029239766081871348 0.026315789473684216 0.014619883040935675 0.020467836257309944 0.01754385964912281 0.026315789473684216 0.008771929824561405 0.011695906432748539 0.02923976608187135 0.023391812865497078 0.01754385964912281 0.011695906432748539 0.014619883040935675 0.01754385964912281 0.011695906432748539 0.011695906432748539 0.023391812865497078 0.02923976608187135 0.02923976608187135 0.02923976608187135 0.023391812865497078 0.011695906432748539 0.008771929824561405 0.011695906432748539 0.02923976608187135 0.023391812865497078 0.023391812865497078 0.01754385964912281 0.0058479532163742695 0.008771929824561405 0.008771929824561405 0.026315789473684216 0.0058479532163742695 0.01754385964912281 0.026315789473684216 0.014619883040935675 0.0029239766081871348 0.008771929824561405 0.01754385964912281 0.01754385964912281 0.0029239766081871348 0.026315789473684216 0.0058479532163742695 0.0058479532163742695 0.0029239766081871348 0.011695906432748539 0.026315789473684216 0.026315789473684216 0.0 
0.015290519877675837 0.015290519877675837 0.0030581039755351674 0.030581039755351674 0.01223241590214067 0.02446483180428134 0.01223241590214067 0.009174311926605503 0.006116207951070335 0.006116207951070335 0.009174311926605503 0.006116207951070335 0.015290519877675837 0.009174311926605503 0.018348623853211007 0.018348623853211007 0.018348623853211007 0.009174311926605503 0.018348623853211007 0.02446483180428134 0.02446483180428134 0.021406727828746173 0.006116207951070335 0.021406727828746173 0.02446483180428134 0.009174311926605503 0.01223241590214067 0.006116207951070335 0.030581039755351674 0.018348623853211007 0.030581039755351674 0.030581039755351674 0.009174311926605503 0.0030581039755351674 0.030581039755351674 0.006116207951070335 0.030581039755351674 0.0030581039755351674 0.021406727828746173 0.0030581039755351674 0.015290519877675837 0.02752293577981651 0.015290519877675837 0.01223241590214067 0.01223241590214067 0.02752293577981651 0.02752293577981651 0.02446483180428134 0.0030581039755351674 0.01223241590214067 0.02752293577981651 0.02446483180428134 0.02446483180428134 0.006116207951070335 0.02752293577981651 0.015290519877675837 0.02446483180428134 0.0030581039755351674 0.015290519877675837 0.030581039755351674 0.0 
0.0029239766081871356 0.02046783625730995 0.014619883040935679 0.008771929824561406 0.014619883040935679 0.02046783625730995 0.011695906432748543 0.011695906432748543 0.023391812865497085 0.02631578947368422 0.017543859649122813 0.0029239766081871356 0.02631578947368422 0.017543859649122813 0.014619883040935679 0.023391812865497085 0.014619883040935679 0.005847953216374271 0.011695906432748543 0.011695906432748543 0.029239766081871357 0.008771929824561406 0.017543859649122813 0.008771929824561406 0.011695906432748543 0.017543859649122813 0.023391812865497085 0.008771929824561406 0.023391812865497085 0.005847953216374271 0.02046783625730995 0.017543859649122813 0.0029239766081871356 0.0029239766081871356 0.011695906432748543 0.005847953216374271 0.029239766081871357 0.029239766081871357 0.02046783625730995 0.02046783625730995 0.023391812865497085 0.02631578947368422 0.02631578947368422 0.023391812865497085 0.0029239766081871356 0.02631578947368422 0.02046783625730995 0.02631578947368422 0.029239766081871357 0.02631578947368422 0.011695906432748543 0.02046783625730995 0.005847953216374271 0.023391812865497085 0.014619883040935679 0.029239766081871357 0.008771929824561406 0.0029239766081871356 0.02631578947368422 0.008771929824561406 0.0 
0.025723472668810293 0.028938906752411578 0.016077170418006433 0.016077170418006433 0.006430868167202573 0.025723472668810293 0.022508038585209007 0.03215434083601287 0.016077170418006433 0.006430868167202573 0.019292604501607722 0.03215434083601287 0.025723472668810293 0.006430868167202573 0.012861736334405146 0.019292604501607722 0.025723472668810293 0.012861736334405146 0.022508038585209007 0.022508038585209007 0.025723472668810293 0.03215434083601287 0.006430868167202573 0.03215434083601287 0.022508038585209007 0.0032154340836012866 0.012861736334405146 0.028938906752411578 0.016077170418006433 0.006430868167202573 0.016077170418006433 0.019292604501607722 0.0032154340836012866 0.012861736334405146 0.006430868167202573 0.016077170418006433 0.016077170418006433 0.016077170418006433 0.0032154340836012866 0.0032154340836012866 0.028938906752411578 0.016077170418006433 0.022508038585209007 0.03215434083601287 0.012861736334405146 0.012861736334405146 0.009646302250803861 0.006430868167202573 0.009646302250803861 0.006430868167202573 0.012861736334405146 0.016077170418006433 0.006430868167202573 0.006430868167202573 0.0032154340836012866 0.025723472668810293 0.028938906752411578 0.016077170418006433 0.012861736334405146 0.019292604501607722 0.0 
0.020408163265306124 0.011661807580174929 0.008746355685131197 0.029154518950437323 0.026239067055393594 0.005830903790087464 0.014577259475218662 0.002915451895043732 0.026239067055393594 0.011661807580174929 0.029154518950437323 0.017492711370262395 0.017492711370262395 0.005830903790087464 0.023323615160349857 0.026239067055393594 0.020408163265306124 0.014577259475218662 0.023323615160349857 0.011661807580174929 0.017492711370262395 0.011661807580174929 0.020408163265306124 0.014577259475218662 0.023323615160349857 0.011661807580174929 0.002915451895043732 0.017492711370262395 0.029154518950437323 0.011661807580174929 0.023323615160349857 0.017492711370262395 0.017492711370262395 0.026239067055393594 0.002915451895043732 0.026239067055393594 0.011661807580174929 0.020408163265306124 0.029154518950437323 0.011661807580174929 0.008746355685131197 0.023323615160349857 0.002915451895043732 0.011661807580174929 0.002915451895043732 0.011661807580174929 0.020408163265306124 0.005830903790087464 0.029154518950437323 0.008746355685131197 0.029154518950437323 0.014577259475218662 0.029154518950437323 0.005830903790087464 0.011661807580174929 0.008746355685131197 0.014577259475218662 0.029154518950437323 0.023323615160349857 0.014577259475218662 0.0 
0.03105590062111803 0.015527950310559015 0.0062111801242236055 0.00931677018633541 0.024844720496894422 0.00931677018633541 0.012422360248447211 0.03105590062111803 0.024844720496894422 0.02173913043478262 0.02173913043478262 0.00931677018633541 0.012422360248447211 0.02173913043478262 0.0031055900621118028 0.027950310559006226 0.0031055900621118028 0.024844720496894422 0.02173913043478262 0.01863354037267082 0.03105590062111803 0.02173913043478262 0.01863354037267082 0.00931677018633541 0.024844720496894422 0.0062111801242236055 0.03105590062111803 0.00931677018633541 0.00931677018633541 0.01863354037267082 0.02173913043478262 0.015527950310559015 0.00931677018633541 0.00931677018633541 0.0062111801242236055 0.0031055900621118028 0.03105590062111803 0.0031055900621118028 0.00931677018633541 0.027950310559006226 0.012422360248447211 0.0031055900621118028 0.027950310559006226 0.027950310559006226 0.0062111801242236055 0.0031055900621118028 0.01863354037267082 0.027950310559006226 0.00931677018633541 0.012422360248447211 0.01863354037267082 0.012422360248447211 0.027950310559006226 0.02173913043478262 0.015527950310559015 0.02173913043478262 0.012422360248447211 0.02173913043478262 0.00931677018633541 0.02173913043478262 0.0 
0.01785714285714286 0.01785714285714286 0.029761904761904767 0.014880952380952384 0.020833333333333336 0.01785714285714286 0.005952380952380954 0.011904761904761908 0.011904761904761908 0.02678571428571429 0.029761904761904767 0.01785714285714286 0.01785714285714286 0.020833333333333336 0.002976190476190477 0.029761904761904767 0.023809523809523815 0.01785714285714286 0.005952380952380954 0.01785714285714286 0.020833333333333336 0.020833333333333336 0.02678571428571429 0.023809523809523815 0.01785714285714286 0.011904761904761908 0.00892857142857143 0.029761904761904767 0.029761904761904767 0.011904761904761908 0.00892857142857143 0.01785714285714286 0.014880952380952384 0.005952380952380954 0.01785714285714286 0.02678571428571429 0.011904761904761908 0.01785714285714286 0.02678571428571429 0.014880952380952384 0.005952380952380954 0.023809523809523815 0.02678571428571429 0.005952380952380954 0.00892857142857143 0.005952380952380954 0.005952380952380954 0.023809523809523815 0.01785714285714286 0.002976190476190477 0.014880952380952384 0.005952380952380954 0.005952380952380954 0.020833333333333336 0.020833333333333336 0.002976190476190477 0.00892857142857143 0.011904761904761908 0.023809523809523815 0.029761904761904767 0.0 
0.009345794392523364 0.01557632398753894 0.03115264797507788 0.003115264797507788 0.021806853582554516 0.03115264797507788 0.009345794392523364 0.01557632398753894 0.024922118380062305 0.012461059190031152 0.003115264797507788 0.018691588785046728 0.01557632398753894 0.003115264797507788 0.009345794392523364 0.012461059190031152 0.006230529595015576 0.024922118380062305 0.006230529595015576 0.012461059190031152 0.01557632398753894 0.006230529595015576 0.024922118380062305 0.01557632398753894 0.003115264797507788 0.009345794392523364 0.024922118380062305 0.01557632398753894 0.003115264797507788 0.009345794392523364 0.021806853582554516 0.03115264797507788 0.009345794392523364 0.01557632398753894 0.03115264797507788 0.03115264797507788 0.018691588785046728 0.01557632398753894 0.01557632398753894 0.03115264797507788 0.028037383177570093 0.006230529595015576 0.018691588785046728 0.024922118380062305 0.003115264797507788 0.006230529595015576 0.012461059190031152 0.03115264797507788 0.009345794392523364 0.028037383177570093 0.009345794392523364 0.01557632398753894 0.028037383177570093 0.009345794392523364 0.03115264797507788 0.028037383177570093 0.024922118380062305 0.028037383177570093 0.009345794392523364 0.012461059190031152 0.0 
0.01290322580645161 0.022580645161290318 0.0032258064516129024 0.01290322580645161 0.022580645161290318 0.01290322580645161 0.032258064516129024 0.022580645161290318 0.01290322580645161 0.009677419354838708 0.009677419354838708 0.009677419354838708 0.022580645161290318 0.016129032258064512 0.022580645161290318 0.0032258064516129024 0.016129032258064512 0.032258064516129024 0.009677419354838708 0.006451612903225805 0.022580645161290318 0.006451612903225805 0.02580645161290322 0.019354838709677417 0.022580645161290318 0.006451612903225805 0.022580645161290318 0.022580645161290318 0.022580645161290318 0.022580645161290318 0.009677419354838708 0.019354838709677417 0.009677419354838708 0.009677419354838708 0.01290322580645161 0.009677419354838708 0.032258064516129024 0.01290322580645161 0.029032258064516123 0.019354838709677417 0.016129032258064512 0.019354838709677417 0.006451612903225805 0.019354838709677417 0.029032258064516123 0.009677419354838708 0.032258064516129024 0.032258064516129024 0.019354838709677417 0.022580645161290318 0.016129032258064512 0.0032258064516129024 0.029032258064516123 0.019354838709677417 0.019354838709677417 0.019354838709677417 0.006451612903225805 0.0032258064516129024 0.0032258064516129024 0.0032258064516129024 0.0 
0.003246753246753248 0.003246753246753248 0.025974025974025983 0.02272727272727273 0.012987012987012991 0.019480519480519484 0.016233766233766236 0.012987012987012991 0.016233766233766236 0.019480519480519484 0.006493506493506496 0.012987012987012991 0.02272727272727273 0.025974025974025983 0.016233766233766236 0.003246753246753248 0.003246753246753248 0.025974025974025983 0.012987012987012991 0.012987012987012991 0.003246753246753248 0.003246753246753248 0.03246753246753247 0.016233766233766236 0.016233766233766236 0.019480519480519484 0.029220779220779227 0.029220779220779227 0.003246753246753248 0.006493506493506496 0.019480519480519484 0.03246753246753247 0.03246753246753247 0.02272727272727273 0.006493506493506496 0.016233766233766236 0.003246753246753248 0.016233766233766236 0.025974025974025983 0.025974025974025983 0.025974025974025983 0.02272727272727273 0.009740259740259742 0.02272727272727273 0.003246753246753248 0.009740259740259742 0.025974025974025983 0.025974025974025983 0.009740259740259742 0.02272727272727273 0.006493506493506496 0.012987012987012991 0.025974025974025983 0.003246753246753248 0.019480519480519484 0.016233766233766236 0.019480519480519484 0.019480519480519484 0.012987012987012991 0.029220779220779227 0.0 
0.0030120481927710836 0.006024096385542167 0.018072289156626502 0.015060240963855418 0.006024096385542167 0.018072289156626502 0.0030120481927710836 0.021084337349397585 0.027108433734939753 0.027108433734939753 0.021084337349397585 0.012048192771084335 0.015060240963855418 0.015060240963855418 0.012048192771084335 0.021084337349397585 0.018072289156626502 0.030120481927710836 0.027108433734939753 0.006024096385542167 0.012048192771084335 0.027108433734939753 0.006024096385542167 0.018072289156626502 0.027108433734939753 0.0030120481927710836 0.012048192771084335 0.02409638554216867 0.006024096385542167 0.02409638554216867 0.027108433734939753 0.0030120481927710836 0.02409638554216867 0.018072289156626502 0.030120481927710836 0.030120481927710836 0.021084337349397585 0.027108433734939753 0.02409638554216867 0.018072289156626502 0.030120481927710836 0.006024096385542167 0.0030120481927710836 0.0030120481927710836 0.018072289156626502 0.021084337349397585 0.012048192771084335 0.021084337349397585 0.006024096385542167 0.02409638554216867 0.02409638554216867 0.0030120481927710836 0.02409638554216867 0.021084337349397585 0.0030120481927710836 0.015060240963855418 0.009036144578313251 0.02409638554216867 0.018072289156626502 0.009036144578313251 0.0 
0.02752293577981652 0.018348623853211014 0.02140672782874618 0.02140672782874618 0.015290519877675842 0.006116207951070337 0.018348623853211014 0.015290519877675842 0.018348623853211014 0.018348623853211014 0.02140672782874618 0.012232415902140675 0.02752293577981652 0.006116207951070337 0.015290519877675842 0.009174311926605507 0.030581039755351685 0.02446483180428135 0.015290519877675842 0.006116207951070337 0.02752293577981652 0.009174311926605507 0.012232415902140675 0.012232415902140675 0.015290519877675842 0.006116207951070337 0.02140672782874618 0.009174311926605507 0.018348623853211014 0.015290519877675842 0.030581039755351685 0.006116207951070337 0.018348623853211014 0.030581039755351685 0.015290519877675842 0.018348623853211014 0.02446483180428135 0.015290519877675842 0.015290519877675842 0.009174311926605507 0.009174311926605507 0.006116207951070337 0.012232415902140675 0.0030581039755351687 0.006116207951070337 0.030581039755351685 0.006116207951070337 0.02140672782874618 0.030581039755351685 0.02752293577981652 0.02140672782874618 0.012232415902140675 0.0030581039755351687 0.02446483180428135 0.012232415902140675 0.009174311926605507 0.018348623853211014 0.030581039755351685 0.02446483180428135 0.012232415902140675 0.0 
0.01466275659824048 0.023460410557184768 0.02052785923753667 0.023460410557184768 0.011730205278592384 0.02052785923753667 0.02932551319648096 0.011730205278592384 0.023460410557184768 0.005865102639296192 0.011730205278592384 0.023460410557184768 0.026392961876832863 0.026392961876832863 0.01466275659824048 0.017595307917888575 0.011730205278592384 0.02052785923753667 0.02932551319648096 0.02052785923753667 0.008797653958944288 0.02932551319648096 0.011730205278592384 0.017595307917888575 0.023460410557184768 0.02932551319648096 0.002932551319648096 0.023460410557184768 0.005865102639296192 0.008797653958944288 0.017595307917888575 0.002932551319648096 0.017595307917888575 0.026392961876832863 0.02932551319648096 0.026392961876832863 0.008797653958944288 0.017595307917888575 0.011730205278592384 0.005865102639296192 0.023460410557184768 0.011730205278592384 0.026392961876832863 0.017595307917888575 0.017595307917888575 0.005865102639296192 0.02932551319648096 0.023460410557184768 0.008797653958944288 0.005865102639296192 0.002932551319648096 0.005865102639296192 0.002932551319648096 0.005865102639296192 0.005865102639296192 0.02052785923753667 0.026392961876832863 0.026392961876832863 0.011730205278592384 0.008797653958944288 0.0 
0.0032679738562091496 0.026143790849673196 0.01633986928104575 0.022875816993464047 0.0032679738562091496 0.019607843137254898 0.013071895424836598 0.013071895424836598 0.0326797385620915 0.01633986928104575 0.0326797385620915 0.0032679738562091496 0.022875816993464047 0.019607843137254898 0.013071895424836598 0.0032679738562091496 0.0032679738562091496 0.006535947712418299 0.009803921568627449 0.0032679738562091496 0.009803921568627449 0.009803921568627449 0.0326797385620915 0.022875816993464047 0.026143790849673196 0.029411764705882346 0.0326797385620915 0.029411764705882346 0.009803921568627449 0.01633986928104575 0.026143790849673196 0.026143790849673196 0.019607843137254898 0.026143790849673196 0.009803921568627449 0.01633986928104575 0.006535947712418299 0.006535947712418299 0.006535947712418299 0.026143790849673196 0.0326797385620915 0.0032679738562091496 0.0326797385620915 0.0032679738562091496 0.009803921568627449 0.006535947712418299 0.01633986928104575 0.022875816993464047 0.0032679738562091496 0.022875816993464047 0.022875816993464047 0.009803921568627449 0.029411764705882346 0.022875816993464047 0.022875816993464047 0.019607843137254898 0.009803921568627449 0.019607843137254898 0.0032679738562091496 0.013071895424836598 0.0 
0.03144654088050315 0.03144654088050315 0.02515723270440252 0.003144654088050315 0.015723270440251576 0.00628930817610063 0.01257861635220126 0.01886792452830189 0.02515723270440252 0.022012578616352203 0.009433962264150945 0.02515723270440252 0.01257861635220126 0.015723270440251576 0.03144654088050315 0.02515723270440252 0.003144654088050315 0.003144654088050315 0.00628930817610063 0.028301886792452834 0.01257861635220126 0.01886792452830189 0.003144654088050315 0.00628930817610063 0.00628930817610063 0.01257861635220126 0.02515723270440252 0.03144654088050315 0.01257861635220126 0.02515723270440252 0.003144654088050315 0.009433962264150945 0.015723270440251576 0.015723270440251576 0.022012578616352203 0.003144654088050315 0.00628930817610063 0.02515723270440252 0.022012578616352203 0.01886792452830189 0.01886792452830189 0.02515723270440252 0.01257861635220126 0.022012578616352203 0.028301886792452834 0.028301886792452834 0.009433962264150945 0.00628930817610063 0.003144654088050315 0.028301886792452834 0.02515723270440252 0.02515723270440252 0.003144654088050315 0.015723270440251576 0.028301886792452834 0.003144654088050315 0.015723270440251576 0.01886792452830189 0.02515723270440252 0.009433962264150945 0.0 
0.01792114695340502 0.03584229390681004 0.028673835125448032 0.021505376344086027 0.003584229390681004 0.01792114695340502 0.03584229390681004 0.01792114695340502 0.003584229390681004 0.010752688172043013 0.021505376344086027 0.021505376344086027 0.014336917562724016 0.003584229390681004 0.003584229390681004 0.007168458781362008 0.03584229390681004 0.03584229390681004 0.010752688172043013 0.007168458781362008 0.003584229390681004 0.007168458781362008 0.02508960573476703 0.014336917562724016 0.01792114695340502 0.014336917562724016 0.02508960573476703 0.01792114695340502 0.010752688172043013 0.014336917562724016 0.02508960573476703 0.014336917562724016 0.014336917562724016 0.03225806451612904 0.007168458781362008 0.014336917562724016 0.014336917562724016 0.007168458781362008 0.021505376344086027 0.014336917562724016 0.02508960573476703 0.01792114695340502 0.03225806451612904 0.021505376344086027 0.028673835125448032 0.007168458781362008 0.03225806451612904 0.010752688172043013 0.003584229390681004 0.003584229390681004 0.01792114695340502 0.010752688172043013 0.007168458781362008 0.010752688172043013 0.010752688172043013 0.014336917562724016 0.01792114695340502 0.028673835125448032 0.021505376344086027 0.007168458781362008 0.0 
0.012903225806451615 0.006451612903225807 0.0032258064516129037 0.006451612903225807 0.01612903225806452 0.0032258064516129037 0.009677419354838712 0.006451612903225807 0.012903225806451615 0.006451612903225807 0.01612903225806452 0.02580645161290323 0.019354838709677424 0.022580645161290325 0.03225806451612904 0.009677419354838712 0.019354838709677424 0.009677419354838712 0.009677419354838712 0.006451612903225807 0.012903225806451615 0.029032258064516134 0.012903225806451615 0.0032258064516129037 0.02580645161290323 0.012903225806451615 0.029032258064516134 0.009677419354838712 0.01612903225806452 0.012903225806451615 0.006451612903225807 0.022580645161290325 0.019354838709677424 0.029032258064516134 0.01612903225806452 0.012903225806451615 0.022580645161290325 0.019354838709677424 0.012903225806451615 0.02580645161290323 0.029032258064516134 0.029032258064516134 0.012903225806451615 0.02580645161290323 0.029032258064516134 0.019354838709677424 0.02580645161290323 0.009677419354838712 0.02580645161290323 0.029032258064516134 0.0032258064516129037 0.02580645161290323 0.01612903225806452 0.029032258064516134 0.01612903225806452 0.01612903225806452 0.0032258064516129037 0.01612903225806452 0.029032258064516134 0.0032258064516129037 0.0 
0.0034843205574912883 0.01742160278745644 0.027874564459930307 0.013937282229965153 0.027874564459930307 0.027874564459930307 0.010452961672473867 0.010452961672473867 0.006968641114982577 0.027874564459930307 0.0034843205574912883 0.027874564459930307 0.020905923344947733 0.03484320557491288 0.027874564459930307 0.006968641114982577 0.006968641114982577 0.010452961672473867 0.01742160278745644 0.006968641114982577 0.01742160278745644 0.020905923344947733 0.031358885017421595 0.010452961672473867 0.006968641114982577 0.02439024390243902 0.013937282229965153 0.0034843205574912883 0.013937282229965153 0.03484320557491288 0.020905923344947733 0.006968641114982577 0.013937282229965153 0.027874564459930307 0.006968641114982577 0.006968641114982577 0.027874564459930307 0.03484320557491288 0.01742160278745644 0.010452961672473867 0.0034843205574912883 0.013937282229965153 0.010452961672473867 0.01742160278745644 0.0034843205574912883 0.0034843205574912883 0.03484320557491288 0.013937282229965153 0.031358885017421595 0.013937282229965153 0.0034843205574912883 0.01742160278745644 0.01742160278745644 0.0034843205574912883 0.010452961672473867 0.020905923344947733 0.020905923344947733 0.031358885017421595 0.010452961672473867 0.027874564459930307 0.0 
0.013157894736842108 0.023026315789473686 0.006578947368421054 0.003289473684210527 0.00986842105263158 0.00986842105263158 0.01973684210526316 0.01973684210526316 0.006578947368421054 0.00986842105263158 0.029605263157894742 0.026315789473684216 0.013157894736842108 0.026315789473684216 0.013157894736842108 0.006578947368421054 0.003289473684210527 0.006578947368421054 0.003289473684210527 0.029605263157894742 0.029605263157894742 0.01973684210526316 0.013157894736842108 0.013157894736842108 0.006578947368421054 0.003289473684210527 0.023026315789473686 0.006578947368421054 0.023026315789473686 0.03289473684210527 0.01973684210526316 0.026315789473684216 0.003289473684210527 0.006578947368421054 0.016447368421052634 0.03289473684210527 0.01973684210526316 0.006578947368421054 0.023026315789473686 0.01973684210526316 0.016447368421052634 0.016447368421052634 0.016447368421052634 0.026315789473684216 0.00986842105263158 0.00986842105263158 0.023026315789473686 0.01973684210526316 0.013157894736842108 0.003289473684210527 0.029605263157894742 0.029605263157894742 0.006578947368421054 0.029605263157894742 0.026315789473684216 0.01973684210526316 0.026315789473684216 0.03289473684210527 0.016447368421052634 0.003289473684210527 0.0 
0.026229508196721315 0.009836065573770494 0.013114754098360657 0.03278688524590165 0.01967213114754099 0.016393442622950824 0.0032786885245901644 0.016393442622950824 0.01967213114754099 0.02950819672131148 0.006557377049180329 0.016393442622950824 0.02950819672131148 0.0032786885245901644 0.006557377049180329 0.006557377049180329 0.02950819672131148 0.03278688524590165 0.016393442622950824 0.03278688524590165 0.0032786885245901644 0.013114754098360657 0.0032786885245901644 0.026229508196721315 0.0032786885245901644 0.02950819672131148 0.006557377049180329 0.009836065573770494 0.02950819672131148 0.01967213114754099 0.02950819672131148 0.009836065573770494 0.006557377049180329 0.013114754098360657 0.01967213114754099 0.0032786885245901644 0.009836065573770494 0.01967213114754099 0.02950819672131148 0.02295081967213115 0.009836065573770494 0.026229508196721315 0.026229508196721315 0.006557377049180329 0.02950819672131148 0.016393442622950824 0.03278688524590165 0.013114754098360657 0.013114754098360657 0.009836065573770494 0.03278688524590165 0.0032786885245901644 0.016393442622950824 0.02295081967213115 0.016393442622950824 0.013114754098360657 0.009836065573770494 0.013114754098360657 0.006557377049180329 0.006557377049180329 0.0 
0.009230769230769233 0.02461538461538462 0.009230769230769233 0.02461538461538462 0.0030769230769230774 0.006153846153846155 0.027692307692307697 0.0030769230769230774 0.018461538461538467 0.009230769230769233 0.027692307692307697 0.0030769230769230774 0.015384615384615387 0.0030769230769230774 0.01230769230769231 0.027692307692307697 0.006153846153846155 0.02153846153846154 0.015384615384615387 0.02153846153846154 0.030769230769230774 0.02153846153846154 0.015384615384615387 0.02461538461538462 0.009230769230769233 0.030769230769230774 0.027692307692307697 0.0030769230769230774 0.027692307692307697 0.02153846153846154 0.009230769230769233 0.02153846153846154 0.030769230769230774 0.018461538461538467 0.01230769230769231 0.02461538461538462 0.027692307692307697 0.01230769230769231 0.027692307692307697 0.027692307692307697 0.030769230769230774 0.030769230769230774 0.015384615384615387 0.015384615384615387 0.006153846153846155 0.0030769230769230774 0.02461538461538462 0.02153846153846154 0.009230769230769233 0.006153846153846155 0.0030769230769230774 0.02153846153846154 0.006153846153846155 0.02153846153846154 0.02461538461538462 0.006153846153846155 0.018461538461538467 0.009230769230769233 0.0030769230769230774 0.009230769230769233 0.0 
0.019283746556473823 0.019283746556473823 0.011019283746556469 0.016528925619834704 0.013774104683195586 0.022038567493112938 0.011019283746556469 0.008264462809917352 0.019283746556473823 0.02754820936639117 0.0055096418732782345 0.016528925619834704 0.0055096418732782345 0.02754820936639117 0.011019283746556469 0.0055096418732782345 0.0027548209366391172 0.022038567493112938 0.011019283746556469 0.02754820936639117 0.019283746556473823 0.013774104683195586 0.013774104683195586 0.011019283746556469 0.016528925619834704 0.013774104683195586 0.013774104683195586 0.02754820936639117 0.0027548209366391172 0.0027548209366391172 0.02754820936639117 0.016528925619834704 0.0027548209366391172 0.019283746556473823 0.011019283746556469 0.024793388429752056 0.02754820936639117 0.019283746556473823 0.008264462809917352 0.0055096418732782345 0.022038567493112938 0.022038567493112938 0.019283746556473823 0.022038567493112938 0.016528925619834704 0.02754820936639117 0.024793388429752056 0.024793388429752056 0.0055096418732782345 0.013774104683195586 0.019283746556473823 0.013774104683195586 0.008264462809917352 0.022038567493112938 0.024793388429752056 0.016528925619834704 0.022038567493112938 0.02754820936639117 0.02754820936639117 0.019283746556473823 0.0 
0.02793296089385474 0.02793296089385474 0.011173184357541898 0.02793296089385474 0.011173184357541898 0.022346368715083796 0.008379888268156423 0.025139664804469268 0.005586592178770949 0.011173184357541898 0.008379888268156423 0.005586592178770949 0.022346368715083796 0.025139664804469268 0.022346368715083796 0.016759776536312845 0.022346368715083796 0.022346368715083796 0.005586592178770949 0.016759776536312845 0.01955307262569832 0.016759776536312845 0.025139664804469268 0.025139664804469268 0.005586592178770949 0.016759776536312845 0.008379888268156423 0.02793296089385474 0.016759776536312845 0.005586592178770949 0.025139664804469268 0.005586592178770949 0.022346368715083796 0.025139664804469268 0.016759776536312845 0.0027932960893854745 0.005586592178770949 0.02793296089385474 0.016759776536312845 0.005586592178770949 0.01396648044692737 0.02793296089385474 0.025139664804469268 0.008379888268156423 0.025139664804469268 0.011173184357541898 0.011173184357541898 0.022346368715083796 0.01396648044692737 0.025139664804469268 0.011173184357541898 0.011173184357541898 0.005586592178770949 0.022346368715083796 0.016759776536312845 0.016759776536312845 0.022346368715083796 0.022346368715083796 0.011173184357541898 0.008379888268156423 0.0 
0.005917159763313609 0.008875739644970414 0.029585798816568046 0.01775147928994083 0.026627218934911243 0.026627218934911243 0.026627218934911243 0.008875739644970414 0.008875739644970414 0.026627218934911243 0.014792899408284023 0.005917159763313609 0.005917159763313609 0.0029585798816568047 0.008875739644970414 0.005917159763313609 0.023668639053254437 0.0029585798816568047 0.008875739644970414 0.029585798816568046 0.011834319526627219 0.014792899408284023 0.029585798816568046 0.011834319526627219 0.0029585798816568047 0.0029585798816568047 0.020710059171597635 0.014792899408284023 0.011834319526627219 0.011834319526627219 0.005917159763313609 0.0029585798816568047 0.023668639053254437 0.026627218934911243 0.020710059171597635 0.008875739644970414 0.026627218934911243 0.026627218934911243 0.029585798816568046 0.020710059171597635 0.014792899408284023 0.005917159763313609 0.026627218934911243 0.01775147928994083 0.014792899408284023 0.011834319526627219 0.01775147928994083 0.023668639053254437 0.020710059171597635 0.020710059171597635 0.029585798816568046 0.011834319526627219 0.011834319526627219 0.008875739644970414 0.023668639053254437 0.011834319526627219 0.029585798816568046 0.029585798816568046 0.01775147928994083 0.029585798816568046 0.0 
0.02903225806451613 0.012903225806451613 0.02903225806451613 0.01935483870967742 0.03225806451612903 0.0032258064516129032 0.025806451612903226 0.0032258064516129032 0.0064516129032258064 0.02258064516129032 0.02258064516129032 0.016129032258064516 0.01935483870967742 0.025806451612903226 0.02258064516129032 0.0032258064516129032 0.0064516129032258064 0.02258064516129032 0.02258064516129032 0.016129032258064516 0.00967741935483871 0.00967741935483871 0.016129032258064516 0.016129032258064516 0.012903225806451613 0.0064516129032258064 0.0032258064516129032 0.02258064516129032 0.02258064516129032 0.0032258064516129032 0.03225806451612903 0.02903225806451613 0.03225806451612903 0.01935483870967742 0.00967741935483871 0.03225806451612903 0.02903225806451613 0.016129032258064516 0.016129032258064516 0.0032258064516129032 0.00967741935483871 0.01935483870967742 0.025806451612903226 0.025806451612903226 0.0064516129032258064 0.012903225806451613 0.00967741935483871 0.0032258064516129032 0.012903225806451613 0.00967741935483871 0.00967741935483871 0.00967741935483871 0.012903225806451613 0.01935483870967742 0.0064516129032258064 0.025806451612903226 0.01935483870967742 0.012903225806451613 0.03225806451612903 0.012903225806451613 0.0 
0.0028985507246376825 0.020289855072463777 0.01159420289855073 0.020289855072463777 0.028985507246376826 0.017391304347826094 0.005797101449275365 0.028985507246376826 0.01159420289855073 0.01159420289855073 0.028985507246376826 0.02318840579710146 0.02608695652173914 0.014492753623188413 0.02318840579710146 0.02608695652173914 0.028985507246376826 0.014492753623188413 0.005797101449275365 0.017391304347826094 0.0028985507246376825 0.01159420289855073 0.020289855072463777 0.01159420289855073 0.0028985507246376825 0.01159420289855073 0.020289855072463777 0.028985507246376826 0.017391304347826094 0.005797101449275365 0.02318840579710146 0.01159420289855073 0.014492753623188413 0.02318840579710146 0.0028985507246376825 0.01159420289855073 0.017391304347826094 0.020289855072463777 0.020289855072463777 0.02318840579710146 0.014492753623188413 0.02318840579710146 0.008695652173913047 0.0028985507246376825 0.005797101449275365 0.020289855072463777 0.017391304347826094 0.028985507246376826 0.014492753623188413 0.02608695652173914 0.02318840579710146 0.02608695652173914 0.020289855072463777 0.005797101449275365 0.014492753623188413 0.02608695652173914 0.017391304347826094 0.005797101449275365 0.020289855072463777 0.008695652173913047 0.0 
0.02222222222222222 0.016666666666666663 0.02222222222222222 0.02777777777777777 0.01944444444444444 0.01944444444444444 0.01111111111111111 0.02777777777777777 0.02777777777777777 0.01111111111111111 0.013888888888888885 0.013888888888888885 0.005555555555555555 0.01111111111111111 0.02777777777777777 0.016666666666666663 0.005555555555555555 0.02777777777777777 0.02222222222222222 0.016666666666666663 0.013888888888888885 0.008333333333333331 0.0027777777777777775 0.024999999999999994 0.02222222222222222 0.005555555555555555 0.005555555555555555 0.005555555555555555 0.02777777777777777 0.02222222222222222 0.013888888888888885 0.024999999999999994 0.01944444444444444 0.005555555555555555 0.008333333333333331 0.024999999999999994 0.013888888888888885 0.02222222222222222 0.02777777777777777 0.024999999999999994 0.024999999999999994 0.01111111111111111 0.008333333333333331 0.016666666666666663 0.01944444444444444 0.013888888888888885 0.016666666666666663 0.02222222222222222 0.02777777777777777 0.0027777777777777775 0.01111111111111111 0.016666666666666663 0.016666666666666663 0.02222222222222222 0.024999999999999994 0.0027777777777777775 0.008333333333333331 0.01944444444444444 0.016666666666666663 0.005555555555555555 0.0 
0.01851851851851852 0.00617283950617284 0.0308641975308642 0.00925925925925926 0.01234567901234568 0.00308641975308642 0.01234567901234568 0.00308641975308642 0.00617283950617284 0.00925925925925926 0.00925925925925926 0.01234567901234568 0.0154320987654321 0.01851851851851852 0.02777777777777778 0.01851851851851852 0.00617283950617284 0.02160493827160494 0.00617283950617284 0.0308641975308642 0.02160493827160494 0.00617283950617284 0.01851851851851852 0.02160493827160494 0.00925925925925926 0.00925925925925926 0.0308641975308642 0.00925925925925926 0.02777777777777778 0.02160493827160494 0.01234567901234568 0.0154320987654321 0.00617283950617284 0.02160493827160494 0.02160493827160494 0.02777777777777778 0.02777777777777778 0.02777777777777778 0.01851851851851852 0.00925925925925926 0.00925925925925926 0.01851851851851852 0.0308641975308642 0.01851851851851852 0.0154320987654321 0.00617283950617284 0.00617283950617284 0.02777777777777778 0.02777777777777778 0.01234567901234568 0.00308641975308642 0.0308641975308642 0.00925925925925926 0.0308641975308642 0.01234567901234568 0.02160493827160494 0.0154320987654321 0.02469135802469136 0.01851851851851852 0.01851851851851852 0.0 
0.011799410029498521 0.026548672566371674 0.023598820058997043 0.005899705014749261 0.023598820058997043 0.017699115044247784 0.014749262536873153 0.0029498525073746304 0.017699115044247784 0.023598820058997043 0.026548672566371674 0.005899705014749261 0.020648967551622415 0.020648967551622415 0.029498525073746305 0.0029498525073746304 0.008849557522123892 0.026548672566371674 0.020648967551622415 0.020648967551622415 0.011799410029498521 0.014749262536873153 0.014749262536873153 0.014749262536873153 0.005899705014749261 0.014749262536873153 0.011799410029498521 0.026548672566371674 0.029498525073746305 0.008849557522123892 0.005899705014749261 0.023598820058997043 0.026548672566371674 0.011799410029498521 0.011799410029498521 0.029498525073746305 0.0029498525073746304 0.023598820058997043 0.023598820058997043 0.017699115044247784 0.011799410029498521 0.023598820058997043 0.026548672566371674 0.017699115044247784 0.017699115044247784 0.005899705014749261 0.023598820058997043 0.020648967551622415 0.005899705014749261 0.026548672566371674 0.005899705014749261 0.008849557522123892 0.0029498525073746304 0.008849557522123892 0.014749262536873153 0.014749262536873153 0.026548672566371674 0.014749262536873153 0.023598820058997043 0.017699115044247784 0.0 
0.008152173913043476 0.010869565217391302 0.0027173913043478256 0.021739130434782605 0.027173913043478253 0.01902173913043478 0.027173913043478253 0.02445652173913043 0.005434782608695651 0.021739130434782605 0.01902173913043478 0.02445652173913043 0.013586956521739127 0.010869565217391302 0.016304347826086953 0.008152173913043476 0.0027173913043478256 0.005434782608695651 0.013586956521739127 0.0027173913043478256 0.016304347826086953 0.02445652173913043 0.010869565217391302 0.027173913043478253 0.005434782608695651 0.016304347826086953 0.027173913043478253 0.0027173913043478256 0.02445652173913043 0.005434782608695651 0.01902173913043478 0.027173913043478253 0.021739130434782605 0.005434782608695651 0.013586956521739127 0.027173913043478253 0.02445652173913043 0.01902173913043478 0.021739130434782605 0.016304347826086953 0.021739130434782605 0.02445652173913043 0.016304347826086953 0.005434782608695651 0.013586956521739127 0.021739130434782605 0.02445652173913043 0.021739130434782605 0.021739130434782605 0.027173913043478253 0.027173913043478253 0.0027173913043478256 0.01902173913043478 0.010869565217391302 0.021739130434782605 0.008152173913043476 0.01902173913043478 0.010869565217391302 0.016304347826086953 0.02445652173913043 0.0 
0.029850746268656716 0.01791044776119403 0.0029850746268656717 0.020895522388059702 0.029850746268656716 0.005970149253731343 0.014925373134328358 0.023880597014925373 0.01791044776119403 0.008955223880597015 0.020895522388059702 0.014925373134328358 0.023880597014925373 0.011940298507462687 0.020895522388059702 0.023880597014925373 0.0029850746268656717 0.020895522388059702 0.014925373134328358 0.008955223880597015 0.011940298507462687 0.008955223880597015 0.0029850746268656717 0.029850746268656716 0.01791044776119403 0.026865671641791045 0.005970149253731343 0.0029850746268656717 0.029850746268656716 0.01791044776119403 0.029850746268656716 0.008955223880597015 0.005970149253731343 0.011940298507462687 0.0029850746268656717 0.020895522388059702 0.0029850746268656717 0.023880597014925373 0.029850746268656716 0.011940298507462687 0.026865671641791045 0.014925373134328358 0.014925373134328358 0.01791044776119403 0.005970149253731343 0.020895522388059702 0.026865671641791045 0.020895522388059702 0.005970149253731343 0.014925373134328358 0.014925373134328358 0.029850746268656716 0.026865671641791045 0.020895522388059702 0.008955223880597015 0.011940298507462687 0.026865671641791045 0.0029850746268656717 0.01791044776119403 0.026865671641791045 0.0 
0.02867383512544802 0.02150537634408602 0.02508960573476702 0.02150537634408602 0.02867383512544802 0.017921146953405014 0.01075268817204301 0.02508960573476702 0.02508960573476702 0.032258064516129024 0.007168458781362005 0.0035842293906810027 0.02150537634408602 0.0035842293906810027 0.007168458781362005 0.017921146953405014 0.007168458781362005 0.03584229390681003 0.0035842293906810027 0.01433691756272401 0.03584229390681003 0.01433691756272401 0.0035842293906810027 0.032258064516129024 0.01075268817204301 0.02150537634408602 0.017921146953405014 0.01075268817204301 0.017921146953405014 0.01075268817204301 0.0035842293906810027 0.007168458781362005 0.02150537634408602 0.02150537634408602 0.032258064516129024 0.0035842293906810027 0.0035842293906810027 0.02150537634408602 0.02867383512544802 0.01433691756272401 0.02508960573476702 0.0035842293906810027 0.01075268817204301 0.0035842293906810027 0.02150537634408602 0.007168458781362005 0.02867383512544802 0.01433691756272401 0.01075268817204301 0.01433691756272401 0.01075268817204301 0.01433691756272401 0.02867383512544802 0.02867383512544802 0.007168458781362005 0.017921146953405014 0.02508960573476702 0.02867383512544802 0.0035842293906810027 0.0035842293906810027 0.0 
0.019444444444444445 0.013888888888888888 0.013888888888888888 0.016666666666666666 0.005555555555555556 0.008333333333333333 0.019444444444444445 0.025 0.008333333333333333 0.027777777777777776 0.027777777777777776 0.016666666666666666 0.016666666666666666 0.025 0.016666666666666666 0.027777777777777776 0.005555555555555556 0.027777777777777776 0.013888888888888888 0.019444444444444445 0.027777777777777776 0.025 0.002777777777777778 0.016666666666666666 0.019444444444444445 0.002777777777777778 0.019444444444444445 0.002777777777777778 0.019444444444444445 0.022222222222222223 0.005555555555555556 0.005555555555555556 0.016666666666666666 0.002777777777777778 0.019444444444444445 0.013888888888888888 0.013888888888888888 0.013888888888888888 0.022222222222222223 0.008333333333333333 0.005555555555555556 0.013888888888888888 0.027777777777777776 0.025 0.013888888888888888 0.013888888888888888 0.022222222222222223 0.002777777777777778 0.022222222222222223 0.025 0.027777777777777776 0.027777777777777776 0.016666666666666666 0.008333333333333333 0.019444444444444445 0.027777777777777776 0.016666666666666666 0.019444444444444445 0.016666666666666666 0.011111111111111112 0.0 
0.01194029850746269 0.0029850746268656725 0.01194029850746269 0.014925373134328361 0.005970149253731345 0.0029850746268656725 0.029850746268656723 0.029850746268656723 0.01194029850746269 0.029850746268656723 0.01194029850746269 0.014925373134328361 0.020895522388059706 0.017910447761194034 0.02388059701492538 0.005970149253731345 0.017910447761194034 0.02388059701492538 0.020895522388059706 0.020895522388059706 0.020895522388059706 0.005970149253731345 0.02686567164179105 0.014925373134328361 0.008955223880597017 0.0029850746268656725 0.008955223880597017 0.02686567164179105 0.01194029850746269 0.02388059701492538 0.008955223880597017 0.005970149253731345 0.014925373134328361 0.014925373134328361 0.014925373134328361 0.008955223880597017 0.014925373134328361 0.02686567164179105 0.02388059701492538 0.029850746268656723 0.02686567164179105 0.029850746268656723 0.017910447761194034 0.029850746268656723 0.005970149253731345 0.02686567164179105 0.02686567164179105 0.020895522388059706 0.0029850746268656725 0.0029850746268656725 0.008955223880597017 0.01194029850746269 0.008955223880597017 0.005970149253731345 0.029850746268656723 0.017910447761194034 0.020895522388059706 0.005970149253731345 0.02686567164179105 0.02388059701492538 0.0 
0.023952095808383235 0.011976047904191617 0.014970059880239521 0.029940119760479042 0.020958083832335328 0.029940119760479042 0.020958083832335328 0.014970059880239521 0.005988023952095809 0.008982035928143712 0.0029940119760479044 0.0029940119760479044 0.023952095808383235 0.020958083832335328 0.008982035928143712 0.029940119760479042 0.02694610778443114 0.02694610778443114 0.008982035928143712 0.005988023952095809 0.008982035928143712 0.023952095808383235 0.020958083832335328 0.020958083832335328 0.008982035928143712 0.005988023952095809 0.017964071856287425 0.020958083832335328 0.029940119760479042 0.029940119760479042 0.011976047904191617 0.029940119760479042 0.014970059880239521 0.008982035928143712 0.005988023952095809 0.020958083832335328 0.0029940119760479044 0.008982035928143712 0.020958083832335328 0.011976047904191617 0.023952095808383235 0.017964071856287425 0.008982035928143712 0.020958083832335328 0.020958083832335328 0.005988023952095809 0.029940119760479042 0.0029940119760479044 0.005988023952095809 0.011976047904191617 0.011976047904191617 0.005988023952095809 0.011976047904191617 0.014970059880239521 0.011976047904191617 0.029940119760479042 0.029940119760479042 0.017964071856287425 0.020958083832335328 0.02694610778443114 0.0 
0.03039513677811553 0.018237082066869317 0.018237082066869317 0.027355623100303976 0.015197568389057765 0.018237082066869317 0.0030395136778115527 0.012158054711246211 0.0060790273556231055 0.021276595744680868 0.027355623100303976 0.021276595744680868 0.012158054711246211 0.015197568389057765 0.018237082066869317 0.027355623100303976 0.009118541033434659 0.03039513677811553 0.012158054711246211 0.009118541033434659 0.03039513677811553 0.0060790273556231055 0.0060790273556231055 0.027355623100303976 0.021276595744680868 0.012158054711246211 0.009118541033434659 0.009118541033434659 0.015197568389057765 0.024316109422492422 0.009118541033434659 0.015197568389057765 0.015197568389057765 0.03039513677811553 0.0060790273556231055 0.018237082066869317 0.012158054711246211 0.024316109422492422 0.015197568389057765 0.009118541033434659 0.0030395136778115527 0.03039513677811553 0.009118541033434659 0.009118541033434659 0.03039513677811553 0.021276595744680868 0.027355623100303976 0.03039513677811553 0.0060790273556231055 0.0060790273556231055 0.0060790273556231055 0.0030395136778115527 0.0060790273556231055 0.024316109422492422 0.0030395136778115527 0.021276595744680868 0.018237082066869317 0.03039513677811553 0.027355623100303976 0.018237082066869317 0.0 
0.02083333333333333 0.026785714285714277 0.00595238095238095 0.014880952380952377 0.017857142857142853 0.029761904761904753 0.002976190476190475 0.017857142857142853 0.02083333333333333 0.029761904761904753 0.00595238095238095 0.00595238095238095 0.0119047619047619 0.00595238095238095 0.02083333333333333 0.002976190476190475 0.0238095238095238 0.02083333333333333 0.014880952380952377 0.029761904761904753 0.008928571428571426 0.0119047619047619 0.02083333333333333 0.02083333333333333 0.008928571428571426 0.00595238095238095 0.0238095238095238 0.026785714285714277 0.026785714285714277 0.014880952380952377 0.008928571428571426 0.029761904761904753 0.026785714285714277 0.002976190476190475 0.0119047619047619 0.002976190476190475 0.017857142857142853 0.0238095238095238 0.0238095238095238 0.014880952380952377 0.026785714285714277 0.008928571428571426 0.029761904761904753 0.017857142857142853 0.00595238095238095 0.0238095238095238 0.0238095238095238 0.00595238095238095 0.017857142857142853 0.002976190476190475 0.0238095238095238 0.026785714285714277 0.014880952380952377 0.017857142857142853 0.008928571428571426 0.002976190476190475 0.026785714285714277 0.02083333333333333 0.017857142857142853 0.0119047619047619 0.0 
0.026548672566371685 0.029498525073746316 0.0029498525073746317 0.023598820058997053 0.008849557522123895 0.026548672566371685 0.023598820058997053 0.020648967551622422 0.0029498525073746317 0.01769911504424779 0.008849557522123895 0.020648967551622422 0.026548672566371685 0.014749262536873158 0.0029498525073746317 0.011799410029498527 0.014749262536873158 0.005899705014749263 0.026548672566371685 0.008849557522123895 0.026548672566371685 0.029498525073746316 0.026548672566371685 0.023598820058997053 0.029498525073746316 0.011799410029498527 0.020648967551622422 0.011799410029498527 0.023598820058997053 0.023598820058997053 0.008849557522123895 0.023598820058997053 0.026548672566371685 0.014749262536873158 0.011799410029498527 0.0029498525073746317 0.008849557522123895 0.01769911504424779 0.014749262536873158 0.008849557522123895 0.023598820058997053 0.011799410029498527 0.023598820058997053 0.011799410029498527 0.005899705014749263 0.014749262536873158 0.01769911504424779 0.011799410029498527 0.008849557522123895 0.005899705014749263 0.011799410029498527 0.014749262536873158 0.014749262536873158 0.020648967551622422 0.029498525073746316 0.029498525073746316 0.011799410029498527 0.023598820058997053 0.014749262536873158 0.0029498525073746317 0.0 
0.0030959752321981426 0.0030959752321981426 0.0030959752321981426 0.015479876160990712 0.018575851393188854 0.018575851393188854 0.030959752321981424 0.009287925696594427 0.0030959752321981426 0.02476780185758514 0.006191950464396285 0.030959752321981424 0.030959752321981424 0.0030959752321981426 0.02476780185758514 0.021671826625386997 0.02476780185758514 0.030959752321981424 0.0030959752321981426 0.030959752321981424 0.015479876160990712 0.02786377708978328 0.018575851393188854 0.009287925696594427 0.018575851393188854 0.015479876160990712 0.006191950464396285 0.0030959752321981426 0.009287925696594427 0.018575851393188854 0.015479876160990712 0.009287925696594427 0.02476780185758514 0.01238390092879257 0.018575851393188854 0.021671826625386997 0.015479876160990712 0.030959752321981424 0.02786377708978328 0.0030959752321981426 0.0030959752321981426 0.009287925696594427 0.021671826625386997 0.006191950464396285 0.018575851393188854 0.030959752321981424 0.018575851393188854 0.009287925696594427 0.01238390092879257 0.01238390092879257 0.01238390092879257 0.02786377708978328 0.018575851393188854 0.030959752321981424 0.018575851393188854 0.006191950464396285 0.02786377708978328 0.02476780185758514 0.02476780185758514 0.006191950464396285 0.0 
0.03311258278145696 0.003311258278145696 0.03311258278145696 0.01655629139072848 0.02317880794701987 0.003311258278145696 0.013245033112582783 0.013245033112582783 0.01655629139072848 0.006622516556291392 0.003311258278145696 0.01655629139072848 0.02317880794701987 0.02980132450331126 0.009933774834437088 0.006622516556291392 0.009933774834437088 0.006622516556291392 0.003311258278145696 0.006622516556291392 0.02317880794701987 0.01655629139072848 0.01655629139072848 0.019867549668874177 0.03311258278145696 0.013245033112582783 0.02317880794701987 0.003311258278145696 0.009933774834437088 0.003311258278145696 0.026490066225165566 0.026490066225165566 0.006622516556291392 0.01655629139072848 0.03311258278145696 0.02980132450331126 0.003311258278145696 0.013245033112582783 0.01655629139072848 0.02317880794701987 0.006622516556291392 0.013245033112582783 0.013245033112582783 0.009933774834437088 0.01655629139072848 0.01655629139072848 0.01655629139072848 0.03311258278145696 0.019867549668874177 0.02980132450331126 0.013245033112582783 0.02317880794701987 0.019867549668874177 0.013245033112582783 0.013245033112582783 0.026490066225165566 0.003311258278145696 0.03311258278145696 0.026490066225165566 0.01655629139072848 0.0 
0.0035335689045936387 0.021201413427561835 0.014134275618374555 0.02473498233215547 0.02826855123674911 0.0035335689045936387 0.014134275618374555 0.010600706713780918 0.0035335689045936387 0.02826855123674911 0.0035335689045936387 0.02826855123674911 0.010600706713780918 0.0035335689045936387 0.010600706713780918 0.02473498233215547 0.0035335689045936387 0.031802120141342746 0.014134275618374555 0.014134275618374555 0.02473498233215547 0.02473498233215547 0.02473498233215547 0.017667844522968195 0.010600706713780918 0.021201413427561835 0.017667844522968195 0.010600706713780918 0.0035335689045936387 0.03533568904593639 0.007067137809187277 0.021201413427561835 0.03533568904593639 0.021201413427561835 0.031802120141342746 0.017667844522968195 0.03533568904593639 0.0035335689045936387 0.02473498233215547 0.007067137809187277 0.007067137809187277 0.014134275618374555 0.0035335689045936387 0.014134275618374555 0.007067137809187277 0.014134275618374555 0.007067137809187277 0.017667844522968195 0.02826855123674911 0.02473498233215547 0.017667844522968195 0.021201413427561835 0.02473498233215547 0.0035335689045936387 0.017667844522968195 0.03533568904593639 0.014134275618374555 0.02826855123674911 0.0035335689045936387 0.0035335689045936387 0.0 
0.02465753424657533 0.010958904109589036 0.019178082191780816 0.016438356164383553 0.021917808219178072 0.010958904109589036 0.008219178082191777 0.02465753424657533 0.005479452054794518 0.010958904109589036 0.02465753424657533 0.010958904109589036 0.016438356164383553 0.005479452054794518 0.008219178082191777 0.019178082191780816 0.010958904109589036 0.008219178082191777 0.016438356164383553 0.010958904109589036 0.016438356164383553 0.005479452054794518 0.027397260273972587 0.005479452054794518 0.016438356164383553 0.027397260273972587 0.02465753424657533 0.027397260273972587 0.010958904109589036 0.008219178082191777 0.008219178082191777 0.013698630136986294 0.021917808219178072 0.02465753424657533 0.02465753424657533 0.016438356164383553 0.016438356164383553 0.010958904109589036 0.021917808219178072 0.019178082191780816 0.002739726027397259 0.02465753424657533 0.016438356164383553 0.016438356164383553 0.010958904109589036 0.02465753424657533 0.027397260273972587 0.027397260273972587 0.021917808219178072 0.013698630136986294 0.021917808219178072 0.005479452054794518 0.010958904109589036 0.016438356164383553 0.02465753424657533 0.027397260273972587 0.016438356164383553 0.02465753424657533 0.021917808219178072 0.010958904109589036 0.0 
0.017543859649122813 0.029239766081871357 0.02046783625730995 0.017543859649122813 0.011695906432748543 0.008771929824561406 0.011695906432748543 0.029239766081871357 0.005847953216374271 0.02046783625730995 0.029239766081871357 0.011695906432748543 0.023391812865497085 0.023391812865497085 0.017543859649122813 0.008771929824561406 0.005847953216374271 0.023391812865497085 0.017543859649122813 0.0029239766081871356 0.011695906432748543 0.023391812865497085 0.005847953216374271 0.0029239766081871356 0.02631578947368422 0.005847953216374271 0.023391812865497085 0.023391812865497085 0.02046783625730995 0.0029239766081871356 0.017543859649122813 0.017543859649122813 0.02046783625730995 0.017543859649122813 0.011695906432748543 0.011695906432748543 0.02631578947368422 0.011695906432748543 0.029239766081871357 0.011695906432748543 0.011695906432748543 0.02046783625730995 0.014619883040935679 0.008771929824561406 0.017543859649122813 0.005847953216374271 0.02631578947368422 0.029239766081871357 0.02631578947368422 0.017543859649122813 0.02631578947368422 0.011695906432748543 0.0029239766081871356 0.02046783625730995 0.011695906432748543 0.005847953216374271 0.023391812865497085 0.02631578947368422 0.011695906432748543 0.023391812865497085 0.0 
0.020710059171597635 0.023668639053254437 0.029585798816568046 0.020710059171597635 0.029585798816568046 0.020710059171597635 0.023668639053254437 0.026627218934911243 0.01775147928994083 0.020710059171597635 0.011834319526627219 0.023668639053254437 0.008875739644970414 0.023668639053254437 0.026627218934911243 0.008875739644970414 0.011834319526627219 0.005917159763313609 0.026627218934911243 0.005917159763313609 0.0029585798816568047 0.0029585798816568047 0.01775147928994083 0.005917159763313609 0.01775147928994083 0.0029585798816568047 0.011834319526627219 0.026627218934911243 0.0029585798816568047 0.026627218934911243 0.029585798816568046 0.014792899408284023 0.020710059171597635 0.029585798816568046 0.0029585798816568047 0.005917159763313609 0.023668639053254437 0.008875739644970414 0.020710059171597635 0.011834319526627219 0.014792899408284023 0.014792899408284023 0.01775147928994083 0.0029585798816568047 0.0029585798816568047 0.026627218934911243 0.020710059171597635 0.020710059171597635 0.014792899408284023 0.026627218934911243 0.029585798816568046 0.0029585798816568047 0.023668639053254437 0.01775147928994083 0.020710059171597635 0.011834319526627219 0.029585798816568046 0.0029585798816568047 0.014792899408284023 0.008875739644970414 0.0 
0.006097560975609754 0.024390243902439015 0.006097560975609754 0.003048780487804877 0.00914634146341463 0.024390243902439015 0.02743902439024389 0.02743902439024389 0.003048780487804877 0.021341463414634138 0.01829268292682926 0.015243902439024383 0.024390243902439015 0.015243902439024383 0.003048780487804877 0.021341463414634138 0.015243902439024383 0.021341463414634138 0.015243902439024383 0.003048780487804877 0.00914634146341463 0.02743902439024389 0.024390243902439015 0.02743902439024389 0.021341463414634138 0.015243902439024383 0.015243902439024383 0.030487804878048766 0.02743902439024389 0.015243902439024383 0.01829268292682926 0.012195121951219507 0.015243902439024383 0.00914634146341463 0.00914634146341463 0.024390243902439015 0.030487804878048766 0.01829268292682926 0.00914634146341463 0.006097560975609754 0.015243902439024383 0.015243902439024383 0.006097560975609754 0.02743902439024389 0.030487804878048766 0.00914634146341463 0.01829268292682926 0.02743902439024389 0.00914634146341463 0.030487804878048766 0.015243902439024383 0.030487804878048766 0.021341463414634138 0.006097560975609754 0.00914634146341463 0.021341463414634138 0.00914634146341463 0.003048780487804877 0.003048780487804877 0.021341463414634138 0.0 
0.03215434083601287 0.022508038585209007 0.009646302250803861 0.012861736334405148 0.009646302250803861 0.003215434083601287 0.03215434083601287 0.022508038585209007 0.006430868167202574 0.016077170418006433 0.016077170418006433 0.009646302250803861 0.019292604501607722 0.009646302250803861 0.012861736334405148 0.009646302250803861 0.012861736334405148 0.02893890675241158 0.009646302250803861 0.016077170418006433 0.025723472668810296 0.012861736334405148 0.012861736334405148 0.012861736334405148 0.022508038585209007 0.009646302250803861 0.019292604501607722 0.02893890675241158 0.025723472668810296 0.012861736334405148 0.012861736334405148 0.025723472668810296 0.009646302250803861 0.009646302250803861 0.003215434083601287 0.025723472668810296 0.003215434083601287 0.03215434083601287 0.019292604501607722 0.016077170418006433 0.02893890675241158 0.022508038585209007 0.016077170418006433 0.006430868167202574 0.022508038585209007 0.019292604501607722 0.02893890675241158 0.025723472668810296 0.016077170418006433 0.009646302250803861 0.009646302250803861 0.03215434083601287 0.003215434083601287 0.006430868167202574 0.016077170418006433 0.03215434083601287 0.016077170418006433 0.012861736334405148 0.003215434083601287 0.019292604501607722 0.0 
0.026315789473684223 0.026315789473684223 0.02339181286549709 0.008771929824561408 0.017543859649122816 0.005847953216374272 0.017543859649122816 0.008771929824561408 0.005847953216374272 0.008771929824561408 0.02923976608187136 0.02046783625730995 0.02339181286549709 0.01461988304093568 0.02046783625730995 0.005847953216374272 0.017543859649122816 0.02339181286549709 0.017543859649122816 0.01461988304093568 0.026315789473684223 0.008771929824561408 0.02923976608187136 0.02046783625730995 0.005847953216374272 0.026315789473684223 0.02339181286549709 0.02923976608187136 0.005847953216374272 0.005847953216374272 0.005847953216374272 0.02923976608187136 0.02339181286549709 0.02923976608187136 0.026315789473684223 0.02923976608187136 0.011695906432748544 0.017543859649122816 0.005847953216374272 0.005847953216374272 0.002923976608187136 0.02339181286549709 0.02046783625730995 0.008771929824561408 0.02046783625730995 0.01461988304093568 0.005847953216374272 0.002923976608187136 0.01461988304093568 0.01461988304093568 0.02339181286549709 0.002923976608187136 0.002923976608187136 0.02339181286549709 0.02923976608187136 0.002923976608187136 0.02046783625730995 0.02923976608187136 0.01461988304093568 0.02046783625730995 0.0 
0.026578073089700997 0.023255813953488372 0.023255813953488372 0.023255813953488372 0.0033222591362126247 0.026578073089700997 0.019933554817275746 0.009966777408637873 0.009966777408637873 0.016611295681063124 0.0033222591362126247 0.016611295681063124 0.026578073089700997 0.013289036544850499 0.029900332225913623 0.023255813953488372 0.023255813953488372 0.019933554817275746 0.009966777408637873 0.023255813953488372 0.023255813953488372 0.019933554817275746 0.0033222591362126247 0.009966777408637873 0.006644518272425249 0.023255813953488372 0.006644518272425249 0.016611295681063124 0.009966777408637873 0.006644518272425249 0.019933554817275746 0.009966777408637873 0.006644518272425249 0.019933554817275746 0.009966777408637873 0.023255813953488372 0.023255813953488372 0.009966777408637873 0.0033222591362126247 0.016611295681063124 0.019933554817275746 0.026578073089700997 0.013289036544850499 0.023255813953488372 0.019933554817275746 0.019933554817275746 0.03322259136212625 0.009966777408637873 0.0033222591362126247 0.019933554817275746 0.006644518272425249 0.013289036544850499 0.0033222591362126247 0.026578073089700997 0.006644518272425249 0.03322259136212625 0.013289036544850499 0.023255813953488372 0.019933554817275746 0.023255813953488372 0.0 
0.029239766081871354 0.020467836257309947 0.00584795321637427 0.017543859649122813 0.014619883040935677 0.02339181286549708 0.020467836257309947 0.01169590643274854 0.008771929824561406 0.01169590643274854 0.020467836257309947 0.017543859649122813 0.02339181286549708 0.02339181286549708 0.020467836257309947 0.020467836257309947 0.017543859649122813 0.02631578947368422 0.017543859649122813 0.01169590643274854 0.02339181286549708 0.008771929824561406 0.02339181286549708 0.008771929824561406 0.029239766081871354 0.017543859649122813 0.002923976608187135 0.008771929824561406 0.02631578947368422 0.00584795321637427 0.02631578947368422 0.008771929824561406 0.02631578947368422 0.020467836257309947 0.02631578947368422 0.01169590643274854 0.020467836257309947 0.014619883040935677 0.002923976608187135 0.020467836257309947 0.020467836257309947 0.01169590643274854 0.014619883040935677 0.02631578947368422 0.020467836257309947 0.002923976608187135 0.002923976608187135 0.01169590643274854 0.017543859649122813 0.02339181286549708 0.002923976608187135 0.029239766081871354 0.029239766081871354 0.02631578947368422 0.002923976608187135 0.00584795321637427 0.029239766081871354 0.014619883040935677 0.002923976608187135 0.008771929824561406 0.0 
0.015527950310559013 0.027950310559006226 0.009316770186335407 0.009316770186335407 0.02484472049689442 0.02173913043478262 0.01242236024844721 0.009316770186335407 0.02173913043478262 0.018633540372670815 0.015527950310559013 0.01242236024844721 0.01242236024844721 0.031055900621118026 0.02484472049689442 0.015527950310559013 0.015527950310559013 0.018633540372670815 0.031055900621118026 0.015527950310559013 0.006211180124223605 0.006211180124223605 0.02484472049689442 0.031055900621118026 0.0031055900621118023 0.0031055900621118023 0.018633540372670815 0.02484472049689442 0.0031055900621118023 0.018633540372670815 0.009316770186335407 0.0031055900621118023 0.031055900621118026 0.02484472049689442 0.018633540372670815 0.0031055900621118023 0.01242236024844721 0.018633540372670815 0.01242236024844721 0.009316770186335407 0.009316770186335407 0.0031055900621118023 0.027950310559006226 0.01242236024844721 0.031055900621118026 0.031055900621118026 0.031055900621118026 0.02173913043478262 0.015527950310559013 0.031055900621118026 0.01242236024844721 0.015527950310559013 0.006211180124223605 0.0031055900621118023 0.031055900621118026 0.006211180124223605 0.006211180124223605 0.02484472049689442 0.009316770186335407 0.02484472049689442 0.0 
0.0028490028490028496 0.005698005698005699 0.025641025641025647 0.0028490028490028496 0.011396011396011398 0.0170940170940171 0.005698005698005699 0.00854700854700855 0.005698005698005699 0.014245014245014249 0.022792022792022797 0.028490028490028498 0.025641025641025647 0.014245014245014249 0.014245014245014249 0.019943019943019946 0.0170940170940171 0.005698005698005699 0.0028490028490028496 0.005698005698005699 0.0028490028490028496 0.011396011396011398 0.0170940170940171 0.0170940170940171 0.019943019943019946 0.028490028490028498 0.00854700854700855 0.028490028490028498 0.0170940170940171 0.022792022792022797 0.0170940170940171 0.028490028490028498 0.025641025641025647 0.005698005698005699 0.0170940170940171 0.025641025641025647 0.028490028490028498 0.005698005698005699 0.014245014245014249 0.0028490028490028496 0.00854700854700855 0.0028490028490028496 0.028490028490028498 0.022792022792022797 0.028490028490028498 0.011396011396011398 0.025641025641025647 0.022792022792022797 0.022792022792022797 0.025641025641025647 0.005698005698005699 0.028490028490028498 0.025641025641025647 0.028490028490028498 0.0028490028490028496 0.022792022792022797 0.022792022792022797 0.019943019943019946 0.0170940170940171 0.025641025641025647 0.0 
0.018126888217522664 0.015105740181268885 0.003021148036253777 0.03021148036253777 0.006042296072507554 0.02719033232628399 0.003021148036253777 0.012084592145015107 0.024169184290030215 0.012084592145015107 0.024169184290030215 0.018126888217522664 0.012084592145015107 0.02719033232628399 0.012084592145015107 0.006042296072507554 0.012084592145015107 0.012084592145015107 0.003021148036253777 0.024169184290030215 0.009063444108761332 0.003021148036253777 0.02114803625377644 0.02114803625377644 0.024169184290030215 0.024169184290030215 0.006042296072507554 0.009063444108761332 0.02719033232628399 0.018126888217522664 0.006042296072507554 0.024169184290030215 0.012084592145015107 0.006042296072507554 0.02114803625377644 0.02719033232628399 0.009063444108761332 0.024169184290030215 0.02719033232628399 0.03021148036253777 0.02114803625377644 0.03021148036253777 0.02719033232628399 0.018126888217522664 0.003021148036253777 0.003021148036253777 0.03021148036253777 0.015105740181268885 0.02114803625377644 0.003021148036253777 0.03021148036253777 0.015105740181268885 0.009063444108761332 0.009063444108761332 0.015105740181268885 0.024169184290030215 0.006042296072507554 0.03021148036253777 0.02114803625377644 0.015105740181268885 0.0 
0.020833333333333336 0.026785714285714288 0.020833333333333336 0.029761904761904764 0.00892857142857143 0.02380952380952381 0.014880952380952382 0.0029761904761904765 0.005952380952380953 0.020833333333333336 0.014880952380952382 0.0029761904761904765 0.0029761904761904765 0.00892857142857143 0.02380952380952381 0.020833333333333336 0.020833333333333336 0.02380952380952381 0.02380952380952381 0.0029761904761904765 0.029761904761904764 0.014880952380952382 0.005952380952380953 0.014880952380952382 0.029761904761904764 0.01785714285714286 0.029761904761904764 0.0029761904761904765 0.020833333333333336 0.014880952380952382 0.014880952380952382 0.005952380952380953 0.02380952380952381 0.0029761904761904765 0.005952380952380953 0.00892857142857143 0.026785714285714288 0.02380952380952381 0.029761904761904764 0.026785714285714288 0.0029761904761904765 0.0029761904761904765 0.0029761904761904765 0.00892857142857143 0.020833333333333336 0.026785714285714288 0.011904761904761906 0.02380952380952381 0.011904761904761906 0.011904761904761906 0.01785714285714286 0.01785714285714286 0.014880952380952382 0.026785714285714288 0.029761904761904764 0.00892857142857143 0.026785714285714288 0.01785714285714286 0.02380952380952381 0.01785714285714286 0.0 
0.01404494382022472 0.01404494382022472 0.022471910112359553 0.025280898876404497 0.025280898876404497 0.016853932584269666 0.01966292134831461 0.01966292134831461 0.011235955056179777 0.01966292134831461 0.002808988764044944 0.016853932584269666 0.01966292134831461 0.02808988764044944 0.016853932584269666 0.01404494382022472 0.011235955056179777 0.002808988764044944 0.016853932584269666 0.005617977528089888 0.016853932584269666 0.005617977528089888 0.005617977528089888 0.025280898876404497 0.022471910112359553 0.02808988764044944 0.011235955056179777 0.016853932584269666 0.008426966292134833 0.01966292134831461 0.011235955056179777 0.025280898876404497 0.01404494382022472 0.025280898876404497 0.002808988764044944 0.025280898876404497 0.01404494382022472 0.002808988764044944 0.016853932584269666 0.016853932584269666 0.008426966292134833 0.01404494382022472 0.025280898876404497 0.025280898876404497 0.01404494382022472 0.005617977528089888 0.025280898876404497 0.025280898876404497 0.025280898876404497 0.011235955056179777 0.011235955056179777 0.008426966292134833 0.02808988764044944 0.016853932584269666 0.022471910112359553 0.016853932584269666 0.025280898876404497 0.022471910112359553 0.02808988764044944 0.002808988764044944 0.0 
0.009345794392523364 0.024922118380062305 0.012461059190031152 0.018691588785046728 0.006230529595015576 0.018691588785046728 0.006230529595015576 0.006230529595015576 0.009345794392523364 0.01557632398753894 0.012461059190031152 0.006230529595015576 0.03115264797507788 0.006230529595015576 0.009345794392523364 0.028037383177570093 0.006230529595015576 0.024922118380062305 0.028037383177570093 0.009345794392523364 0.03115264797507788 0.021806853582554516 0.018691588785046728 0.006230529595015576 0.03115264797507788 0.021806853582554516 0.03115264797507788 0.009345794392523364 0.018691588785046728 0.021806853582554516 0.006230529595015576 0.018691588785046728 0.028037383177570093 0.01557632398753894 0.021806853582554516 0.018691588785046728 0.021806853582554516 0.003115264797507788 0.009345794392523364 0.018691588785046728 0.021806853582554516 0.009345794392523364 0.03115264797507788 0.006230529595015576 0.01557632398753894 0.028037383177570093 0.028037383177570093 0.012461059190031152 0.024922118380062305 0.009345794392523364 0.03115264797507788 0.006230529595015576 0.006230529595015576 0.006230529595015576 0.021806853582554516 0.012461059190031152 0.021806853582554516 0.018691588785046728 0.01557632398753894 0.009345794392523364 0.0 
0.022284122562674095 0.025069637883008356 0.025069637883008356 0.002785515320334262 0.022284122562674095 0.025069637883008356 0.025069637883008356 0.022284122562674095 0.013927576601671309 0.019498607242339833 0.027855153203342618 0.019498607242339833 0.025069637883008356 0.011142061281337047 0.022284122562674095 0.025069637883008356 0.013927576601671309 0.008356545961002786 0.011142061281337047 0.002785515320334262 0.013927576601671309 0.025069637883008356 0.002785515320334262 0.013927576601671309 0.008356545961002786 0.019498607242339833 0.008356545961002786 0.008356545961002786 0.008356545961002786 0.022284122562674095 0.027855153203342618 0.019498607242339833 0.027855153203342618 0.019498607242339833 0.002785515320334262 0.008356545961002786 0.005571030640668524 0.013927576601671309 0.019498607242339833 0.011142061281337047 0.025069637883008356 0.022284122562674095 0.016713091922005572 0.027855153203342618 0.002785515320334262 0.008356545961002786 0.005571030640668524 0.002785515320334262 0.016713091922005572 0.027855153203342618 0.022284122562674095 0.011142061281337047 0.013927576601671309 0.013927576601671309 0.022284122562674095 0.005571030640668524 0.022284122562674095 0.022284122562674095 0.025069637883008356 0.027855153203342618 0.0 
0.018292682926829253 0.021341463414634134 0.006097560975609752 0.003048780487804876 0.003048780487804876 0.003048780487804876 0.009146341463414627 0.012195121951219504 0.006097560975609752 0.021341463414634134 0.01524390243902438 0.003048780487804876 0.027439024390243885 0.027439024390243885 0.021341463414634134 0.01524390243902438 0.018292682926829253 0.018292682926829253 0.024390243902439008 0.024390243902439008 0.03048780487804876 0.012195121951219504 0.018292682926829253 0.018292682926829253 0.01524390243902438 0.03048780487804876 0.003048780487804876 0.03048780487804876 0.018292682926829253 0.021341463414634134 0.024390243902439008 0.003048780487804876 0.027439024390243885 0.003048780487804876 0.024390243902439008 0.027439024390243885 0.027439024390243885 0.03048780487804876 0.01524390243902438 0.003048780487804876 0.012195121951219504 0.021341463414634134 0.027439024390243885 0.012195121951219504 0.01524390243902438 0.01524390243902438 0.01524390243902438 0.006097560975609752 0.012195121951219504 0.027439024390243885 0.027439024390243885 0.012195121951219504 0.009146341463414627 0.006097560975609752 0.01524390243902438 0.024390243902439008 0.021341463414634134 0.027439024390243885 0.003048780487804876 0.006097560975609752 0.0 
1.0 0.0 0.0 0.0 0.0 0.0 0.0 0.0 0.0 0.0 0.0 0.0 0.0 0.0 0.0 0.0 0.0 0.0 0.0 0.0 0.0 0.0 0.0 0.0 0.0 0.0 0.0 0.0 0.0 0.0 0.0 0.0 0.0 0.0 0.0 0.0 0.0 0.0 0.0 0.0 0.0 0.0 0.0 0.0 0.0 0.0 0.0 0.0 0.0 0.0 0.0 0.0 0.0 0.0 0.0 0.0 0.0 0.0 0.0 0.0 0.0 

emissions
1 1 1 1 1 1 1 1 1 1 1 1 1 1 1 1 1 1 1 1 1 1 1 1 1 1 1 1 1 1 1 1 1 1 1 1 1 1 1 1 1 1 1 1 1 1 1 1 1 1 1 1 1 1 1 1 1 1 1 0 0 
0 0 0 0 0 0 0 0 0 0 0 0 0 0 0 0 0 0 0 0 0 0 0 0 0 0 0 0 0 0 0 0 0 0 0 0 0 0 0 0 0 0 0 0 0 0 0 0 0 0 0 0 0 0 0 0 0 0 0 0 1 
0 0 0 0 0 0 0 0 0 0 0 0 0 0 0 0 0 0 0 0 0 0 0 0 0 0 0 0 0 0 0 0 0 0 0 0 0 0 0 0 0 0 0 0 0 0 0 0 0 0 0 0 0 0 0 0 0 0 0 1 0 
