states
0 1 2 3 4 5 6 7 8 9 10 11 12 13 14 15 16 17 18 19 20 21 22 23 24 25 26 27 28 29 30 31 32 33 34 35 36 37 38 39 40 41 42 43 44 45 46 47 48 49 50 51 52 53 54 55 56 57 58 59 60 
labels
empty init elected 
initial
0.0 0.0 0.0 0.0 0.0 0.0 0.0 0.0 0.0 0.0 0.0 0.0 0.0 0.0 0.0 0.0 0.0 0.0 0.0 0.0 0.0 0.0 0.0 0.0 0.0 0.0 0.0 0.0 0.0 0.0 0.0 0.0 0.0 0.0 0.0 0.0 0.0 0.0 0.0 0.0 0.0 0.0 0.0 0.0 0.0 0.0 0.0 0.0 0.0 0.0 0.0 0.0 0.0 0.0 0.0 0.0 0.0 0.0 0.0 0.0 1.0
transitions
0.01671309192200557 0.02506963788300835 0.02785515320334261 0.01671309192200557 0.0027855153203342614 0.0027855153203342614 0.005571030640668523 0.02228412256267409 0.01949860724233983 0.02785515320334261 0.008356545961002784 0.013927576601671305 0.01671309192200557 0.008356545961002784 0.013927576601671305 0.008356545961002784 0.013927576601671305 0.02228412256267409 0.02228412256267409 0.02785515320334261 0.005571030640668523 0.02228412256267409 0.0027855153203342614 0.01949860724233983 0.02785515320334261 0.02785515320334261 0.02228412256267409 0.01949860724233983 0.02785515320334261 0.005571030640668523 0.0027855153203342614 0.005571030640668523 0.02506963788300835 0.02506963788300835 0.011142061281337046 0.02785515320334261 0.02506963788300835 0.02228412256267409 0.011142061281337046 0.01949860724233983 0.01671309192200557 0.005571030640668523 0.02785515320334261 0.011142061281337046 0.013927576601671305 0.02506963788300835 0.005571030640668523 0.013927576601671305 0.0027855153203342614 0.011142061281337046 0.02785515320334261 0.008356545961002784 0.0027855153203342614 0.013927576601671305 0.02785515320334261 0.008356545961002784 0.02228412256267409 0.02228412256267409 0.02785515320334261 0.02506963788300835 0.0 
0.020114942528735635 0.028735632183908053 0.01149425287356322 0.02298850574712644 0.02298850574712644 0.014367816091954026 0.01724137931034483 0.028735632183908053 0.01149425287356322 0.020114942528735635 0.025862068965517248 0.002873563218390805 0.008620689655172415 0.02298850574712644 0.02298850574712644 0.028735632183908053 0.02298850574712644 0.01149425287356322 0.002873563218390805 0.025862068965517248 0.02298850574712644 0.02298850574712644 0.00574712643678161 0.00574712643678161 0.01149425287356322 0.002873563218390805 0.025862068965517248 0.020114942528735635 0.014367816091954026 0.01724137931034483 0.020114942528735635 0.008620689655172415 0.01724137931034483 0.02298850574712644 0.025862068965517248 0.014367816091954026 0.014367816091954026 0.02298850574712644 0.02298850574712644 0.014367816091954026 0.028735632183908053 0.002873563218390805 0.008620689655172415 0.002873563218390805 0.02298850574712644 0.00574712643678161 0.02298850574712644 0.028735632183908053 0.025862068965517248 0.014367816091954026 0.002873563218390805 0.00574712643678161 0.028735632183908053 0.025862068965517248 0.008620689655172415 0.01149425287356322 0.00574712643678161 0.008620689655172415 0.02298850574712644 0.008620689655172415 0.0 
0.021148036253776443 0.0030211480362537773 0.030211480362537776 0.009063444108761334 0.021148036253776443 0.021148036253776443 0.009063444108761334 0.02416918429003022 0.02416918429003022 0.0030211480362537773 0.021148036253776443 0.018126888217522667 0.006042296072507555 0.015105740181268888 0.021148036253776443 0.0030211480362537773 0.021148036253776443 0.018126888217522667 0.006042296072507555 0.009063444108761334 0.006042296072507555 0.018126888217522667 0.015105740181268888 0.0030211480362537773 0.02416918429003022 0.027190332326283997 0.030211480362537776 0.018126888217522667 0.02416918429003022 0.0030211480362537773 0.030211480362537776 0.01208459214501511 0.030211480362537776 0.006042296072507555 0.015105740181268888 0.015105740181268888 0.021148036253776443 0.027190332326283997 0.027190332326283997 0.030211480362537776 0.009063444108761334 0.02416918429003022 0.018126888217522667 0.018126888217522667 0.015105740181268888 0.018126888217522667 0.027190332326283997 0.018126888217522667 0.027190332326283997 0.006042296072507555 0.006042296072507555 0.027190332326283997 0.02416918429003022 0.0030211480362537773 0.01208459214501511 0.015105740181268888 0.009063444108761334 0.0030211480362537773 0.01208459214501511 0.018126888217522667 0.0 
0.006711409395973155 0.010067114093959733 0.01677852348993289 0.01342281879194631 0.0033557046979865775 0.023489932885906045 0.0033557046979865775 0.02684563758389262 0.010067114093959733 0.0302013422818792 0.01342281879194631 0.0033557046979865775 0.0302013422818792 0.01677852348993289 0.010067114093959733 0.03355704697986578 0.0033557046979865775 0.01342281879194631 0.0302013422818792 0.006711409395973155 0.01677852348993289 0.01342281879194631 0.01342281879194631 0.023489932885906045 0.02684563758389262 0.01342281879194631 0.020134228187919465 0.01342281879194631 0.010067114093959733 0.01677852348993289 0.01677852348993289 0.0033557046979865775 0.01342281879194631 0.01342281879194631 0.0302013422818792 0.01342281879194631 0.020134228187919465 0.023489932885906045 0.02684563758389262 0.020134228187919465 0.006711409395973155 0.02684563758389262 0.0033557046979865775 0.010067114093959733 0.0302013422818792 0.010067114093959733 0.006711409395973155 0.01677852348993289 0.0033557046979865775 0.01677852348993289 0.006711409395973155 0.02684563758389262 0.01342281879194631 0.006711409395973155 0.023489932885906045 0.023489932885906045 0.03355704697986578 0.023489932885906045 0.03355704697986578 0.023489932885906045 0.0 
0.0029850746268656717 0.0029850746268656717 0.008955223880597015 0.029850746268656716 0.020895522388059702 0.0029850746268656717 0.020895522388059702 0.023880597014925373 0.0029850746268656717 0.011940298507462687 0.029850746268656716 0.0029850746268656717 0.011940298507462687 0.014925373134328358 0.023880597014925373 0.01791044776119403 0.011940298507462687 0.026865671641791045 0.026865671641791045 0.0029850746268656717 0.020895522388059702 0.023880597014925373 0.029850746268656716 0.01791044776119403 0.014925373134328358 0.029850746268656716 0.01791044776119403 0.008955223880597015 0.01791044776119403 0.020895522388059702 0.020895522388059702 0.026865671641791045 0.023880597014925373 0.023880597014925373 0.023880597014925373 0.008955223880597015 0.020895522388059702 0.0029850746268656717 0.01791044776119403 0.008955223880597015 0.005970149253731343 0.026865671641791045 0.01791044776119403 0.029850746268656716 0.014925373134328358 0.029850746268656716 0.005970149253731343 0.008955223880597015 0.0029850746268656717 0.014925373134328358 0.023880597014925373 0.0029850746268656717 0.020895522388059702 0.008955223880597015 0.014925373134328358 0.011940298507462687 0.020895522388059702 0.023880597014925373 0.020895522388059702 0.011940298507462687 0.0 
0.002840909090909091 0.019886363636363636 0.014204545454545454 0.022727272727272728 0.019886363636363636 0.008522727272727272 0.028409090909090908 0.017045454545454544 0.028409090909090908 0.028409090909090908 0.028409090909090908 0.02556818181818182 0.019886363636363636 0.014204545454545454 0.008522727272727272 0.028409090909090908 0.014204545454545454 0.002840909090909091 0.002840909090909091 0.011363636363636364 0.014204545454545454 0.028409090909090908 0.011363636363636364 0.028409090909090908 0.005681818181818182 0.008522727272727272 0.017045454545454544 0.014204545454545454 0.002840909090909091 0.02556818181818182 0.008522727272727272 0.011363636363636364 0.028409090909090908 0.028409090909090908 0.014204545454545454 0.014204545454545454 0.02556818181818182 0.008522727272727272 0.005681818181818182 0.019886363636363636 0.011363636363636364 0.02556818181818182 0.028409090909090908 0.022727272727272728 0.002840909090909091 0.017045454545454544 0.008522727272727272 0.008522727272727272 0.02556818181818182 0.017045454545454544 0.002840909090909091 0.017045454545454544 0.028409090909090908 0.02556818181818182 0.019886363636363636 0.019886363636363636 0.002840909090909091 0.014204545454545454 0.022727272727272728 0.011363636363636364 0.0 
0.0032362459546925577 0.006472491909385115 0.022653721682847905 0.0032362459546925577 0.022653721682847905 0.006472491909385115 0.022653721682847905 0.01618122977346279 0.009708737864077673 0.019417475728155345 0.01618122977346279 0.022653721682847905 0.009708737864077673 0.03236245954692558 0.009708737864077673 0.02588996763754046 0.019417475728155345 0.0032362459546925577 0.02588996763754046 0.02912621359223302 0.02912621359223302 0.02912621359223302 0.0032362459546925577 0.02588996763754046 0.009708737864077673 0.0032362459546925577 0.02588996763754046 0.006472491909385115 0.006472491909385115 0.03236245954692558 0.019417475728155345 0.006472491909385115 0.019417475728155345 0.03236245954692558 0.022653721682847905 0.01618122977346279 0.03236245954692558 0.02912621359223302 0.02588996763754046 0.019417475728155345 0.006472491909385115 0.02912621359223302 0.0032362459546925577 0.019417475728155345 0.01294498381877023 0.03236245954692558 0.0032362459546925577 0.01618122977346279 0.02912621359223302 0.022653721682847905 0.009708737864077673 0.01618122977346279 0.01294498381877023 0.009708737864077673 0.0032362459546925577 0.0032362459546925577 0.01618122977346279 0.009708737864077673 0.019417475728155345 0.0032362459546925577 0.0 
0.0031645569620253155 0.012658227848101262 0.02848101265822784 0.018987341772151896 0.012658227848101262 0.006329113924050631 0.01582278481012658 0.025316455696202524 0.012658227848101262 0.009493670886075948 0.009493670886075948 0.009493670886075948 0.022151898734177212 0.022151898734177212 0.0031645569620253155 0.006329113924050631 0.018987341772151896 0.022151898734177212 0.018987341772151896 0.02848101265822784 0.02848101265822784 0.018987341772151896 0.018987341772151896 0.025316455696202524 0.018987341772151896 0.03164556962025316 0.006329113924050631 0.012658227848101262 0.03164556962025316 0.012658227848101262 0.012658227848101262 0.012658227848101262 0.022151898734177212 0.006329113924050631 0.012658227848101262 0.0031645569620253155 0.018987341772151896 0.0031645569620253155 0.018987341772151896 0.009493670886075948 0.025316455696202524 0.022151898734177212 0.01582278481012658 0.0031645569620253155 0.009493670886075948 0.01582278481012658 0.02848101265822784 0.025316455696202524 0.022151898734177212 0.025316455696202524 0.025316455696202524 0.006329113924050631 0.025316455696202524 0.025316455696202524 0.012658227848101262 0.02848101265822784 0.012658227848101262 0.0031645569620253155 0.022151898734177212 0.012658227848101262 0.0 
0.0034129692832764492 0.023890784982935145 0.020477815699658692 0.03412969283276449 0.023890784982935145 0.017064846416382246 0.023890784982935145 0.023890784982935145 0.010238907849829346 0.010238907849829346 0.017064846416382246 0.0068259385665528985 0.010238907849829346 0.013651877133105797 0.03412969283276449 0.013651877133105797 0.023890784982935145 0.027303754266211594 0.0034129692832764492 0.013651877133105797 0.013651877133105797 0.023890784982935145 0.03071672354948804 0.023890784982935145 0.020477815699658692 0.0068259385665528985 0.013651877133105797 0.010238907849829346 0.023890784982935145 0.013651877133105797 0.023890784982935145 0.027303754266211594 0.010238907849829346 0.03071672354948804 0.0034129692832764492 0.0068259385665528985 0.03071672354948804 0.023890784982935145 0.0034129692832764492 0.0034129692832764492 0.0068259385665528985 0.010238907849829346 0.027303754266211594 0.027303754266211594 0.017064846416382246 0.017064846416382246 0.0034129692832764492 0.0068259385665528985 0.0034129692832764492 0.03071672354948804 0.020477815699658692 0.023890784982935145 0.010238907849829346 0.020477815699658692 0.017064846416382246 0.013651877133105797 0.0034129692832764492 0.023890784982935145 0.010238907849829346 0.0068259385665528985 0.0 
0.03246753246753248 0.01623376623376624 0.01623376623376624 0.003246753246753248 0.03246753246753248 0.02922077922077923 0.025974025974025983 0.025974025974025983 0.022727272727272735 0.006493506493506496 0.025974025974025983 0.009740259740259744 0.01623376623376624 0.019480519480519487 0.022727272727272735 0.025974025974025983 0.009740259740259744 0.003246753246753248 0.019480519480519487 0.009740259740259744 0.025974025974025983 0.03246753246753248 0.03246753246753248 0.025974025974025983 0.006493506493506496 0.006493506493506496 0.01623376623376624 0.022727272727272735 0.019480519480519487 0.022727272727272735 0.01623376623376624 0.006493506493506496 0.006493506493506496 0.019480519480519487 0.006493506493506496 0.009740259740259744 0.022727272727272735 0.009740259740259744 0.012987012987012991 0.012987012987012991 0.009740259740259744 0.012987012987012991 0.003246753246753248 0.003246753246753248 0.006493506493506496 0.019480519480519487 0.003246753246753248 0.019480519480519487 0.02922077922077923 0.02922077922077923 0.003246753246753248 0.003246753246753248 0.003246753246753248 0.03246753246753248 0.02922077922077923 0.019480519480519487 0.03246753246753248 0.012987012987012991 0.01623376623376624 0.003246753246753248 0.0 
0.027700831024930758 0.02493074792243768 0.01939058171745153 0.011080332409972303 0.027700831024930758 0.027700831024930758 0.0027700831024930757 0.02493074792243768 0.005540166204986151 0.01939058171745153 0.01939058171745153 0.005540166204986151 0.011080332409972303 0.022160664819944605 0.011080332409972303 0.008310249307479228 0.011080332409972303 0.0027700831024930757 0.008310249307479228 0.02493074792243768 0.008310249307479228 0.027700831024930758 0.0027700831024930757 0.005540166204986151 0.011080332409972303 0.027700831024930758 0.013850415512465379 0.02493074792243768 0.02493074792243768 0.02493074792243768 0.008310249307479228 0.02493074792243768 0.01939058171745153 0.013850415512465379 0.027700831024930758 0.0027700831024930757 0.016620498614958457 0.016620498614958457 0.01939058171745153 0.005540166204986151 0.022160664819944605 0.01939058171745153 0.016620498614958457 0.022160664819944605 0.005540166204986151 0.027700831024930758 0.022160664819944605 0.016620498614958457 0.01939058171745153 0.022160664819944605 0.01939058171745153 0.022160664819944605 0.016620498614958457 0.01939058171745153 0.02493074792243768 0.022160664819944605 0.013850415512465379 0.008310249307479228 0.013850415512465379 0.0027700831024930757 0.0 
0.0032573289902280123 0.01302931596091205 0.019543973941368073 0.032573289902280124 0.0032573289902280123 0.01302931596091205 0.022801302931596087 0.019543973941368073 0.006514657980456025 0.006514657980456025 0.02931596091205211 0.016286644951140062 0.0260586319218241 0.0032573289902280123 0.006514657980456025 0.0260586319218241 0.006514657980456025 0.019543973941368073 0.016286644951140062 0.019543973941368073 0.022801302931596087 0.009771986970684036 0.019543973941368073 0.01302931596091205 0.032573289902280124 0.01302931596091205 0.032573289902280124 0.019543973941368073 0.006514657980456025 0.032573289902280124 0.0260586319218241 0.0260586319218241 0.0032573289902280123 0.02931596091205211 0.022801302931596087 0.006514657980456025 0.009771986970684036 0.0032573289902280123 0.016286644951140062 0.016286644951140062 0.022801302931596087 0.006514657980456025 0.0032573289902280123 0.032573289902280124 0.016286644951140062 0.032573289902280124 0.01302931596091205 0.0032573289902280123 0.019543973941368073 0.006514657980456025 0.006514657980456025 0.032573289902280124 0.022801302931596087 0.0032573289902280123 0.009771986970684036 0.02931596091205211 0.01302931596091205 0.0260586319218241 0.009771986970684036 0.019543973941368073 0.0 
0.02258064516129032 0.0032258064516129032 0.016129032258064516 0.00967741935483871 0.012903225806451613 0.0064516129032258064 0.0032258064516129032 0.01935483870967742 0.025806451612903226 0.0032258064516129032 0.00967741935483871 0.00967741935483871 0.0032258064516129032 0.03225806451612903 0.01935483870967742 0.0064516129032258064 0.0064516129032258064 0.02258064516129032 0.012903225806451613 0.00967741935483871 0.0064516129032258064 0.0064516129032258064 0.00967741935483871 0.025806451612903226 0.01935483870967742 0.00967741935483871 0.03225806451612903 0.016129032258064516 0.025806451612903226 0.012903225806451613 0.01935483870967742 0.0032258064516129032 0.00967741935483871 0.0064516129032258064 0.016129032258064516 0.03225806451612903 0.016129032258064516 0.02258064516129032 0.03225806451612903 0.012903225806451613 0.02903225806451613 0.02903225806451613 0.025806451612903226 0.0064516129032258064 0.02903225806451613 0.025806451612903226 0.02903225806451613 0.03225806451612903 0.00967741935483871 0.00967741935483871 0.01935483870967742 0.01935483870967742 0.012903225806451613 0.01935483870967742 0.03225806451612903 0.00967741935483871 0.025806451612903226 0.016129032258064516 0.0064516129032258064 0.02258064516129032 0.0 
0.032573289902280124 0.02931596091205211 0.006514657980456025 0.02931596091205211 0.006514657980456025 0.022801302931596087 0.009771986970684036 0.022801302931596087 0.006514657980456025 0.02931596091205211 0.01302931596091205 0.0260586319218241 0.0032573289902280123 0.0260586319218241 0.0032573289902280123 0.0032573289902280123 0.0260586319218241 0.01302931596091205 0.032573289902280124 0.019543973941368073 0.009771986970684036 0.019543973941368073 0.006514657980456025 0.009771986970684036 0.019543973941368073 0.01302931596091205 0.01302931596091205 0.022801302931596087 0.006514657980456025 0.02931596091205211 0.006514657980456025 0.02931596091205211 0.022801302931596087 0.016286644951140062 0.022801302931596087 0.032573289902280124 0.019543973941368073 0.016286644951140062 0.0260586319218241 0.009771986970684036 0.0032573289902280123 0.009771986970684036 0.0032573289902280123 0.019543973941368073 0.032573289902280124 0.016286644951140062 0.006514657980456025 0.016286644951140062 0.019543973941368073 0.009771986970684036 0.032573289902280124 0.01302931596091205 0.006514657980456025 0.019543973941368073 0.006514657980456025 0.006514657980456025 0.0260586319218241 0.006514657980456025 0.009771986970684036 0.022801302931596087 0.0 
0.002793296089385475 0.0223463687150838 0.0223463687150838 0.013966480446927373 0.0111731843575419 0.008379888268156424 0.0223463687150838 0.025139664804469275 0.01675977653631285 0.008379888268156424 0.013966480446927373 0.027932960893854747 0.008379888268156424 0.008379888268156424 0.0111731843575419 0.01675977653631285 0.027932960893854747 0.019553072625698324 0.013966480446927373 0.027932960893854747 0.002793296089385475 0.008379888268156424 0.025139664804469275 0.0111731843575419 0.0223463687150838 0.0111731843575419 0.027932960893854747 0.008379888268156424 0.0111731843575419 0.025139664804469275 0.025139664804469275 0.002793296089385475 0.008379888268156424 0.019553072625698324 0.025139664804469275 0.0111731843575419 0.019553072625698324 0.013966480446927373 0.027932960893854747 0.0223463687150838 0.019553072625698324 0.0111731843575419 0.008379888268156424 0.027932960893854747 0.00558659217877095 0.01675977653631285 0.01675977653631285 0.019553072625698324 0.027932960893854747 0.013966480446927373 0.019553072625698324 0.0223463687150838 0.025139664804469275 0.01675977653631285 0.0223463687150838 0.008379888268156424 0.01675977653631285 0.0111731843575419 0.013966480446927373 0.01675977653631285 0.0 
0.03134796238244514 0.009404388714733543 0.01567398119122257 0.003134796238244514 0.012539184952978056 0.018808777429467086 0.009404388714733543 0.0219435736677116 0.009404388714733543 0.02821316614420063 0.003134796238244514 0.009404388714733543 0.0219435736677116 0.01567398119122257 0.02821316614420063 0.01567398119122257 0.012539184952978056 0.01567398119122257 0.03134796238244514 0.02821316614420063 0.012539184952978056 0.018808777429467086 0.009404388714733543 0.003134796238244514 0.025078369905956112 0.03134796238244514 0.02821316614420063 0.006269592476489028 0.01567398119122257 0.0219435736677116 0.006269592476489028 0.0219435736677116 0.03134796238244514 0.012539184952978056 0.01567398119122257 0.012539184952978056 0.025078369905956112 0.012539184952978056 0.02821316614420063 0.012539184952978056 0.01567398119122257 0.01567398119122257 0.01567398119122257 0.0219435736677116 0.012539184952978056 0.003134796238244514 0.01567398119122257 0.0219435736677116 0.01567398119122257 0.03134796238244514 0.012539184952978056 0.003134796238244514 0.0219435736677116 0.009404388714733543 0.03134796238244514 0.009404388714733543 0.03134796238244514 0.003134796238244514 0.006269592476489028 0.009404388714733543 0.0 
0.014577259475218658 0.02040816326530612 0.0029154518950437317 0.02040816326530612 0.0029154518950437317 0.0029154518950437317 0.008746355685131196 0.02040816326530612 0.014577259475218658 0.0058309037900874635 0.01749271137026239 0.026239067055393587 0.008746355685131196 0.008746355685131196 0.02040816326530612 0.01749271137026239 0.0058309037900874635 0.008746355685131196 0.023323615160349854 0.02040816326530612 0.023323615160349854 0.014577259475218658 0.01749271137026239 0.023323615160349854 0.008746355685131196 0.011661807580174927 0.023323615160349854 0.014577259475218658 0.0058309037900874635 0.01749271137026239 0.026239067055393587 0.011661807580174927 0.0058309037900874635 0.0029154518950437317 0.026239067055393587 0.026239067055393587 0.014577259475218658 0.014577259475218658 0.008746355685131196 0.02040816326530612 0.026239067055393587 0.01749271137026239 0.023323615160349854 0.023323615160349854 0.029154518950437316 0.023323615160349854 0.026239067055393587 0.026239067055393587 0.029154518950437316 0.014577259475218658 0.029154518950437316 0.02040816326530612 0.008746355685131196 0.011661807580174927 0.014577259475218658 0.011661807580174927 0.01749271137026239 0.008746355685131196 0.02040816326530612 0.029154518950437316 0.0 
0.019178082191780823 0.0027397260273972603 0.0136986301369863 0.021917808219178082 0.010958904109589041 0.021917808219178082 0.019178082191780823 0.01643835616438356 0.0027397260273972603 0.00821917808219178 0.0273972602739726 0.0273972602739726 0.010958904109589041 0.00821917808219178 0.01643835616438356 0.005479452054794521 0.021917808219178082 0.0273972602739726 0.024657534246575342 0.021917808219178082 0.010958904109589041 0.005479452054794521 0.021917808219178082 0.010958904109589041 0.021917808219178082 0.0273972602739726 0.010958904109589041 0.024657534246575342 0.021917808219178082 0.0136986301369863 0.0273972602739726 0.024657534246575342 0.0273972602739726 0.01643835616438356 0.019178082191780823 0.0027397260273972603 0.010958904109589041 0.010958904109589041 0.01643835616438356 0.005479452054794521 0.024657534246575342 0.01643835616438356 0.00821917808219178 0.010958904109589041 0.010958904109589041 0.021917808219178082 0.019178082191780823 0.024657534246575342 0.021917808219178082 0.024657534246575342 0.00821917808219178 0.021917808219178082 0.021917808219178082 0.024657534246575342 0.021917808219178082 0.00821917808219178 0.010958904109589041 0.021917808219178082 0.0027397260273972603 0.0136986301369863 0.0 
0.002638522427440632 0.023746701846965687 0.026385224274406323 0.013192612137203161 0.007915567282321897 0.021108179419525055 0.023746701846965687 0.010554089709762527 0.013192612137203161 0.002638522427440632 0.021108179419525055 0.021108179419525055 0.026385224274406323 0.023746701846965687 0.021108179419525055 0.005277044854881264 0.013192612137203161 0.023746701846965687 0.010554089709762527 0.026385224274406323 0.013192612137203161 0.007915567282321897 0.026385224274406323 0.002638522427440632 0.005277044854881264 0.007915567282321897 0.023746701846965687 0.010554089709762527 0.018469656992084426 0.026385224274406323 0.021108179419525055 0.023746701846965687 0.018469656992084426 0.026385224274406323 0.026385224274406323 0.026385224274406323 0.023746701846965687 0.007915567282321897 0.005277044854881264 0.018469656992084426 0.013192612137203161 0.026385224274406323 0.010554089709762527 0.005277044854881264 0.010554089709762527 0.018469656992084426 0.015831134564643794 0.013192612137203161 0.026385224274406323 0.018469656992084426 0.023746701846965687 0.013192612137203161 0.002638522427440632 0.010554089709762527 0.026385224274406323 0.010554089709762527 0.023746701846965687 0.007915567282321897 0.023746701846965687 0.021108179419525055 0.0 
0.016611295681063128 0.023255813953488375 0.016611295681063128 0.026578073089701 0.01993355481727575 0.01993355481727575 0.016611295681063128 0.026578073089701 0.026578073089701 0.009966777408637875 0.029900332225913626 0.00664451827242525 0.026578073089701 0.00664451827242525 0.01993355481727575 0.00664451827242525 0.029900332225913626 0.00664451827242525 0.009966777408637875 0.009966777408637875 0.003322259136212625 0.0132890365448505 0.0132890365448505 0.016611295681063128 0.026578073089701 0.026578073089701 0.0132890365448505 0.026578073089701 0.023255813953488375 0.01993355481727575 0.026578073089701 0.009966777408637875 0.026578073089701 0.01993355481727575 0.01993355481727575 0.029900332225913626 0.026578073089701 0.00664451827242525 0.016611295681063128 0.009966777408637875 0.00664451827242525 0.016611295681063128 0.026578073089701 0.023255813953488375 0.016611295681063128 0.00664451827242525 0.0132890365448505 0.003322259136212625 0.00664451827242525 0.016611295681063128 0.003322259136212625 0.003322259136212625 0.009966777408637875 0.016611295681063128 0.029900332225913626 0.026578073089701 0.0132890365448505 0.00664451827242525 0.003322259136212625 0.01993355481727575 0.0 
0.028169014084507067 0.007042253521126767 0.01760563380281692 0.03169014084507045 0.01760563380281692 0.01056338028169015 0.007042253521126767 0.014084507042253534 0.007042253521126767 0.028169014084507067 0.028169014084507067 0.0035211267605633834 0.028169014084507067 0.01056338028169015 0.014084507042253534 0.01760563380281692 0.0035211267605633834 0.01760563380281692 0.01760563380281692 0.01760563380281692 0.01760563380281692 0.01056338028169015 0.01056338028169015 0.01760563380281692 0.014084507042253534 0.0035211267605633834 0.01056338028169015 0.014084507042253534 0.0211267605633803 0.007042253521126767 0.0035211267605633834 0.03521126760563384 0.014084507042253534 0.03169014084507045 0.02464788732394368 0.028169014084507067 0.0035211267605633834 0.03169014084507045 0.0035211267605633834 0.01760563380281692 0.03169014084507045 0.03169014084507045 0.014084507042253534 0.007042253521126767 0.01056338028169015 0.028169014084507067 0.02464788732394368 0.028169014084507067 0.014084507042253534 0.0035211267605633834 0.014084507042253534 0.014084507042253534 0.014084507042253534 0.007042253521126767 0.01056338028169015 0.0035211267605633834 0.014084507042253534 0.028169014084507067 0.0211267605633803 0.03169014084507045 0.0 
0.002932551319648096 0.01466275659824048 0.005865102639296192 0.01466275659824048 0.02052785923753667 0.026392961876832863 0.026392961876832863 0.002932551319648096 0.002932551319648096 0.02052785923753667 0.02052785923753667 0.026392961876832863 0.02932551319648096 0.011730205278592384 0.02932551319648096 0.023460410557184768 0.005865102639296192 0.002932551319648096 0.011730205278592384 0.005865102639296192 0.02932551319648096 0.011730205278592384 0.02932551319648096 0.011730205278592384 0.008797653958944288 0.02052785923753667 0.005865102639296192 0.023460410557184768 0.011730205278592384 0.023460410557184768 0.002932551319648096 0.011730205278592384 0.011730205278592384 0.026392961876832863 0.02932551319648096 0.002932551319648096 0.02932551319648096 0.017595307917888575 0.011730205278592384 0.01466275659824048 0.01466275659824048 0.002932551319648096 0.026392961876832863 0.026392961876832863 0.023460410557184768 0.026392961876832863 0.011730205278592384 0.008797653958944288 0.011730205278592384 0.005865102639296192 0.02932551319648096 0.02932551319648096 0.01466275659824048 0.017595307917888575 0.02932551319648096 0.01466275659824048 0.026392961876832863 0.02052785923753667 0.017595307917888575 0.002932551319648096 0.0 
0.028938906752411578 0.022508038585209007 0.022508038585209007 0.028938906752411578 0.022508038585209007 0.016077170418006433 0.0032154340836012866 0.016077170418006433 0.019292604501607722 0.016077170418006433 0.03215434083601287 0.009646302250803861 0.0032154340836012866 0.009646302250803861 0.012861736334405146 0.022508038585209007 0.028938906752411578 0.025723472668810293 0.009646302250803861 0.006430868167202573 0.012861736334405146 0.006430868167202573 0.009646302250803861 0.009646302250803861 0.012861736334405146 0.03215434083601287 0.009646302250803861 0.022508038585209007 0.009646302250803861 0.03215434083601287 0.006430868167202573 0.006430868167202573 0.019292604501607722 0.016077170418006433 0.028938906752411578 0.016077170418006433 0.025723472668810293 0.009646302250803861 0.012861736334405146 0.0032154340836012866 0.019292604501607722 0.028938906752411578 0.009646302250803861 0.03215434083601287 0.016077170418006433 0.0032154340836012866 0.0032154340836012866 0.012861736334405146 0.016077170418006433 0.03215434083601287 0.022508038585209007 0.025723472668810293 0.022508038585209007 0.028938906752411578 0.0032154340836012866 0.028938906752411578 0.0032154340836012866 0.019292604501607722 0.009646302250803861 0.0032154340836012866 0.0 
0.02623906705539358 0.020408163265306117 0.005830903790087463 0.02915451895043731 0.017492711370262388 0.0029154518950437313 0.0029154518950437313 0.02623906705539358 0.005830903790087463 0.011661807580174925 0.02332361516034985 0.017492711370262388 0.005830903790087463 0.008746355685131194 0.020408163265306117 0.011661807580174925 0.008746355685131194 0.005830903790087463 0.02623906705539358 0.020408163265306117 0.017492711370262388 0.02915451895043731 0.005830903790087463 0.017492711370262388 0.005830903790087463 0.020408163265306117 0.011661807580174925 0.0029154518950437313 0.017492711370262388 0.02332361516034985 0.011661807580174925 0.008746355685131194 0.02915451895043731 0.014577259475218655 0.014577259475218655 0.014577259475218655 0.02915451895043731 0.02915451895043731 0.02915451895043731 0.014577259475218655 0.02623906705539358 0.005830903790087463 0.020408163265306117 0.020408163265306117 0.02332361516034985 0.008746355685131194 0.014577259475218655 0.017492711370262388 0.02332361516034985 0.011661807580174925 0.02332361516034985 0.005830903790087463 0.020408163265306117 0.02332361516034985 0.02915451895043731 0.014577259475218655 0.02623906705539358 0.02332361516034985 0.0029154518950437313 0.014577259475218655 0.0 
0.006779661016949155 0.033898305084745776 0.02711864406779662 0.030508474576271198 0.02372881355932204 0.033898305084745776 0.006779661016949155 0.030508474576271198 0.01355932203389831 0.016949152542372888 0.02711864406779662 0.010169491525423732 0.010169491525423732 0.02372881355932204 0.006779661016949155 0.010169491525423732 0.010169491525423732 0.006779661016949155 0.020338983050847463 0.020338983050847463 0.010169491525423732 0.01355932203389831 0.01355932203389831 0.01355932203389831 0.0033898305084745775 0.020338983050847463 0.01355932203389831 0.006779661016949155 0.0033898305084745775 0.02372881355932204 0.016949152542372888 0.01355932203389831 0.006779661016949155 0.020338983050847463 0.020338983050847463 0.033898305084745776 0.0033898305084745775 0.02372881355932204 0.02711864406779662 0.030508474576271198 0.010169491525423732 0.030508474576271198 0.020338983050847463 0.0033898305084745775 0.030508474576271198 0.010169491525423732 0.030508474576271198 0.033898305084745776 0.016949152542372888 0.006779661016949155 0.010169491525423732 0.006779661016949155 0.02372881355932204 0.020338983050847463 0.0033898305084745775 0.02372881355932204 0.006779661016949155 0.0033898305084745775 0.006779661016949155 0.01355932203389831 0.0 
0.019230769230769232 0.016025641025641024 0.02564102564102564 0.022435897435897436 0.016025641025641024 0.009615384615384616 0.03205128205128205 0.01282051282051282 0.009615384615384616 0.028846153846153848 0.016025641025641024 0.009615384615384616 0.019230769230769232 0.00641025641025641 0.009615384615384616 0.019230769230769232 0.01282051282051282 0.01282051282051282 0.01282051282051282 0.009615384615384616 0.028846153846153848 0.00641025641025641 0.03205128205128205 0.022435897435897436 0.016025641025641024 0.01282051282051282 0.016025641025641024 0.028846153846153848 0.01282051282051282 0.028846153846153848 0.02564102564102564 0.00641025641025641 0.01282051282051282 0.016025641025641024 0.003205128205128205 0.009615384615384616 0.01282051282051282 0.016025641025641024 0.009615384615384616 0.003205128205128205 0.019230769230769232 0.028846153846153848 0.02564102564102564 0.028846153846153848 0.028846153846153848 0.016025641025641024 0.022435897435897436 0.01282051282051282 0.016025641025641024 0.019230769230769232 0.00641025641025641 0.016025641025641024 0.019230769230769232 0.009615384615384616 0.016025641025641024 0.003205128205128205 0.028846153846153848 0.01282051282051282 0.02564102564102564 0.003205128205128205 0.0 
0.01253918495297805 0.01880877742946708 0.01880877742946708 0.028213166144200615 0.00940438871473354 0.006269592476489025 0.031347962382445124 0.01253918495297805 0.006269592476489025 0.00940438871473354 0.028213166144200615 0.031347962382445124 0.031347962382445124 0.031347962382445124 0.0031347962382445127 0.006269592476489025 0.0031347962382445127 0.01253918495297805 0.006269592476489025 0.0031347962382445127 0.02194357366771159 0.01253918495297805 0.01880877742946708 0.01880877742946708 0.006269592476489025 0.015673981191222562 0.031347962382445124 0.015673981191222562 0.0031347962382445127 0.0250783699059561 0.0250783699059561 0.01880877742946708 0.015673981191222562 0.01253918495297805 0.0250783699059561 0.01880877742946708 0.0031347962382445127 0.031347962382445124 0.0250783699059561 0.0031347962382445127 0.028213166144200615 0.0250783699059561 0.0250783699059561 0.015673981191222562 0.006269592476489025 0.01880877742946708 0.0031347962382445127 0.00940438871473354 0.01253918495297805 0.0250783699059561 0.0250783699059561 0.0250783699059561 0.0031347962382445127 0.00940438871473354 0.01880877742946708 0.02194357366771159 0.00940438871473354 0.01253918495297805 0.028213166144200615 0.01880877742946708 0.0 
0.005730659025787969 0.008595988538681954 0.02005730659025789 0.017191977077363908 0.017191977077363908 0.02005730659025789 0.02578796561604586 0.008595988538681954 0.022922636103151876 0.008595988538681954 0.028653295128939847 0.02005730659025789 0.014326647564469924 0.005730659025787969 0.022922636103151876 0.02578796561604586 0.028653295128939847 0.022922636103151876 0.028653295128939847 0.014326647564469924 0.022922636103151876 0.022922636103151876 0.017191977077363908 0.02005730659025789 0.02005730659025789 0.005730659025787969 0.011461318051575938 0.0028653295128939845 0.022922636103151876 0.02578796561604586 0.008595988538681954 0.0028653295128939845 0.011461318051575938 0.014326647564469924 0.022922636103151876 0.02005730659025789 0.005730659025787969 0.02578796561604586 0.02578796561604586 0.028653295128939847 0.0028653295128939845 0.02005730659025789 0.0028653295128939845 0.022922636103151876 0.014326647564469924 0.02005730659025789 0.005730659025787969 0.008595988538681954 0.02005730659025789 0.011461318051575938 0.008595988538681954 0.0028653295128939845 0.017191977077363908 0.005730659025787969 0.028653295128939847 0.02005730659025789 0.02578796561604586 0.028653295128939847 0.008595988538681954 0.02005730659025789 0.0 
0.030959752321981424 0.021671826625386997 0.006191950464396285 0.0030959752321981426 0.021671826625386997 0.018575851393188854 0.015479876160990712 0.018575851393188854 0.02786377708978328 0.015479876160990712 0.021671826625386997 0.0030959752321981426 0.018575851393188854 0.021671826625386997 0.02476780185758514 0.018575851393188854 0.030959752321981424 0.0030959752321981426 0.015479876160990712 0.0030959752321981426 0.021671826625386997 0.030959752321981424 0.015479876160990712 0.015479876160990712 0.0030959752321981426 0.018575851393188854 0.018575851393188854 0.006191950464396285 0.0030959752321981426 0.018575851393188854 0.018575851393188854 0.018575851393188854 0.0030959752321981426 0.021671826625386997 0.0030959752321981426 0.006191950464396285 0.01238390092879257 0.02476780185758514 0.021671826625386997 0.0030959752321981426 0.021671826625386997 0.030959752321981424 0.018575851393188854 0.006191950464396285 0.02476780185758514 0.015479876160990712 0.02476780185758514 0.021671826625386997 0.009287925696594427 0.0030959752321981426 0.018575851393188854 0.015479876160990712 0.02786377708978328 0.009287925696594427 0.021671826625386997 0.02786377708978328 0.006191950464396285 0.02786377708978328 0.01238390092879257 0.030959752321981424 0.0 
0.026315789473684226 0.023026315789473697 0.01973684210526317 0.023026315789473697 0.03289473684210528 0.0032894736842105283 0.009868421052631585 0.006578947368421057 0.023026315789473697 0.01644736842105264 0.023026315789473697 0.013157894736842113 0.023026315789473697 0.0032894736842105283 0.009868421052631585 0.03289473684210528 0.009868421052631585 0.026315789473684226 0.01644736842105264 0.006578947368421057 0.009868421052631585 0.023026315789473697 0.009868421052631585 0.03289473684210528 0.0032894736842105283 0.026315789473684226 0.01973684210526317 0.029605263157894756 0.01644736842105264 0.03289473684210528 0.006578947368421057 0.009868421052631585 0.029605263157894756 0.026315789473684226 0.029605263157894756 0.009868421052631585 0.023026315789473697 0.009868421052631585 0.03289473684210528 0.009868421052631585 0.009868421052631585 0.0032894736842105283 0.026315789473684226 0.006578947368421057 0.006578947368421057 0.006578947368421057 0.01644736842105264 0.006578947368421057 0.0032894736842105283 0.01973684210526317 0.0032894736842105283 0.01644736842105264 0.006578947368421057 0.03289473684210528 0.01973684210526317 0.013157894736842113 0.0032894736842105283 0.026315789473684226 0.0032894736842105283 0.029605263157894756 0.0 
0.002873563218390805 0.01724137931034483 0.002873563218390805 0.014367816091954025 0.014367816091954025 0.020114942528735635 0.02298850574712644 0.02873563218390805 0.008620689655172415 0.008620689655172415 0.014367816091954025 0.02873563218390805 0.008620689655172415 0.01149425287356322 0.002873563218390805 0.008620689655172415 0.020114942528735635 0.002873563218390805 0.01724137931034483 0.00574712643678161 0.020114942528735635 0.008620689655172415 0.01724137931034483 0.002873563218390805 0.02873563218390805 0.00574712643678161 0.00574712643678161 0.01149425287356322 0.02873563218390805 0.02873563218390805 0.01724137931034483 0.02873563218390805 0.020114942528735635 0.02298850574712644 0.020114942528735635 0.02298850574712644 0.020114942528735635 0.02298850574712644 0.02298850574712644 0.008620689655172415 0.02873563218390805 0.02873563218390805 0.002873563218390805 0.014367816091954025 0.014367816091954025 0.02873563218390805 0.02873563218390805 0.014367816091954025 0.00574712643678161 0.01724137931034483 0.02873563218390805 0.02873563218390805 0.020114942528735635 0.008620689655172415 0.002873563218390805 0.008620689655172415 0.01149425287356322 0.02873563218390805 0.025862068965517244 0.025862068965517244 0.0 
0.014367816091954023 0.02586206896551724 0.008620689655172414 0.020114942528735632 0.014367816091954023 0.020114942528735632 0.014367816091954023 0.017241379310344827 0.022988505747126436 0.0028735632183908046 0.017241379310344827 0.017241379310344827 0.011494252873563218 0.02586206896551724 0.008620689655172414 0.0028735632183908046 0.017241379310344827 0.011494252873563218 0.02586206896551724 0.02586206896551724 0.017241379310344827 0.02586206896551724 0.022988505747126436 0.014367816091954023 0.028735632183908046 0.017241379310344827 0.017241379310344827 0.0028735632183908046 0.022988505747126436 0.005747126436781609 0.014367816091954023 0.014367816091954023 0.02586206896551724 0.008620689655172414 0.008620689655172414 0.020114942528735632 0.022988505747126436 0.005747126436781609 0.017241379310344827 0.011494252873563218 0.02586206896551724 0.014367816091954023 0.0028735632183908046 0.014367816091954023 0.0028735632183908046 0.017241379310344827 0.028735632183908046 0.022988505747126436 0.028735632183908046 0.017241379310344827 0.028735632183908046 0.017241379310344827 0.028735632183908046 0.022988505747126436 0.008620689655172414 0.014367816091954023 0.008620689655172414 0.028735632183908046 0.014367816091954023 0.0028735632183908046 0.0 
0.01916932907348242 0.012779552715654946 0.031948881789137365 0.025559105431309893 0.015974440894568682 0.022364217252396155 0.0031948881789137366 0.0031948881789137366 0.015974440894568682 0.006389776357827473 0.012779552715654946 0.015974440894568682 0.006389776357827473 0.022364217252396155 0.012779552715654946 0.00958466453674121 0.015974440894568682 0.00958466453674121 0.022364217252396155 0.025559105431309893 0.006389776357827473 0.0031948881789137366 0.0031948881789137366 0.028753993610223627 0.01916932907348242 0.00958466453674121 0.031948881789137365 0.025559105431309893 0.01916932907348242 0.01916932907348242 0.025559105431309893 0.00958466453674121 0.0031948881789137366 0.028753993610223627 0.012779552715654946 0.00958466453674121 0.025559105431309893 0.028753993610223627 0.012779552715654946 0.01916932907348242 0.0031948881789137366 0.022364217252396155 0.0031948881789137366 0.028753993610223627 0.006389776357827473 0.031948881789137365 0.022364217252396155 0.012779552715654946 0.015974440894568682 0.028753993610223627 0.025559105431309893 0.01916932907348242 0.031948881789137365 0.01916932907348242 0.00958466453674121 0.0031948881789137366 0.022364217252396155 0.0031948881789137366 0.022364217252396155 0.015974440894568682 0.0 
0.016483516483516484 0.027472527472527472 0.016483516483516484 0.008241758241758242 0.0027472527472527475 0.019230769230769232 0.027472527472527472 0.008241758241758242 0.0027472527472527475 0.008241758241758242 0.027472527472527472 0.0027472527472527475 0.02197802197802198 0.027472527472527472 0.016483516483516484 0.013736263736263736 0.008241758241758242 0.027472527472527472 0.027472527472527472 0.01098901098901099 0.02197802197802198 0.013736263736263736 0.01098901098901099 0.013736263736263736 0.013736263736263736 0.027472527472527472 0.02197802197802198 0.013736263736263736 0.016483516483516484 0.027472527472527472 0.027472527472527472 0.02197802197802198 0.01098901098901099 0.0027472527472527475 0.008241758241758242 0.005494505494505495 0.013736263736263736 0.013736263736263736 0.01098901098901099 0.027472527472527472 0.01098901098901099 0.016483516483516484 0.019230769230769232 0.024725274725274724 0.027472527472527472 0.008241758241758242 0.024725274725274724 0.01098901098901099 0.01098901098901099 0.008241758241758242 0.019230769230769232 0.027472527472527472 0.024725274725274724 0.02197802197802198 0.019230769230769232 0.019230769230769232 0.016483516483516484 0.02197802197802198 0.013736263736263736 0.008241758241758242 0.0 
0.01623376623376624 0.01623376623376624 0.03246753246753248 0.006493506493506496 0.006493506493506496 0.02922077922077923 0.03246753246753248 0.022727272727272735 0.012987012987012991 0.019480519480519487 0.003246753246753248 0.01623376623376624 0.025974025974025983 0.03246753246753248 0.01623376623376624 0.019480519480519487 0.009740259740259744 0.006493506493506496 0.03246753246753248 0.02922077922077923 0.019480519480519487 0.003246753246753248 0.009740259740259744 0.03246753246753248 0.01623376623376624 0.003246753246753248 0.03246753246753248 0.012987012987012991 0.01623376623376624 0.003246753246753248 0.009740259740259744 0.01623376623376624 0.006493506493506496 0.022727272727272735 0.003246753246753248 0.02922077922077923 0.025974025974025983 0.003246753246753248 0.006493506493506496 0.012987012987012991 0.025974025974025983 0.006493506493506496 0.03246753246753248 0.012987012987012991 0.006493506493506496 0.006493506493506496 0.022727272727272735 0.025974025974025983 0.02922077922077923 0.006493506493506496 0.006493506493506496 0.02922077922077923 0.009740259740259744 0.003246753246753248 0.009740259740259744 0.009740259740259744 0.02922077922077923 0.022727272727272735 0.025974025974025983 0.006493506493506496 0.0 
0.024456521739130425 0.02717391304347825 0.008152173913043475 0.008152173913043475 0.010869565217391299 0.01630434782608695 0.008152173913043475 0.008152173913043475 0.010869565217391299 0.024456521739130425 0.021739130434782598 0.013586956521739125 0.005434782608695649 0.01630434782608695 0.02717391304347825 0.005434782608695649 0.021739130434782598 0.005434782608695649 0.02717391304347825 0.02717391304347825 0.0027173913043478247 0.019021739130434777 0.021739130434782598 0.0027173913043478247 0.024456521739130425 0.024456521739130425 0.01630434782608695 0.019021739130434777 0.0027173913043478247 0.010869565217391299 0.019021739130434777 0.013586956521739125 0.02717391304347825 0.010869565217391299 0.01630434782608695 0.01630434782608695 0.013586956521739125 0.008152173913043475 0.021739130434782598 0.005434782608695649 0.024456521739130425 0.01630434782608695 0.01630434782608695 0.021739130434782598 0.024456521739130425 0.024456521739130425 0.021739130434782598 0.010869565217391299 0.02717391304347825 0.0027173913043478247 0.02717391304347825 0.013586956521739125 0.024456521739130425 0.010869565217391299 0.024456521739130425 0.008152173913043475 0.024456521739130425 0.024456521739130425 0.01630434782608695 0.021739130434782598 0.0 
0.005555555555555555 0.008333333333333331 0.01944444444444444 0.024999999999999994 0.013888888888888885 0.0027777777777777775 0.008333333333333331 0.024999999999999994 0.016666666666666663 0.013888888888888885 0.02222222222222222 0.02777777777777777 0.01944444444444444 0.024999999999999994 0.02777777777777777 0.013888888888888885 0.024999999999999994 0.02777777777777777 0.005555555555555555 0.008333333333333331 0.02222222222222222 0.01111111111111111 0.024999999999999994 0.01944444444444444 0.005555555555555555 0.01944444444444444 0.005555555555555555 0.02777777777777777 0.02777777777777777 0.02222222222222222 0.016666666666666663 0.024999999999999994 0.02222222222222222 0.005555555555555555 0.02222222222222222 0.016666666666666663 0.02777777777777777 0.005555555555555555 0.0027777777777777775 0.008333333333333331 0.024999999999999994 0.02222222222222222 0.02222222222222222 0.01944444444444444 0.013888888888888885 0.0027777777777777775 0.02222222222222222 0.016666666666666663 0.01111111111111111 0.02777777777777777 0.013888888888888885 0.024999999999999994 0.02222222222222222 0.0027777777777777775 0.01944444444444444 0.005555555555555555 0.02222222222222222 0.008333333333333331 0.013888888888888885 0.0027777777777777775 0.0 
0.013477088948787063 0.01078167115902965 0.016172506738544475 0.01078167115902965 0.005390835579514825 0.005390835579514825 0.0215633423180593 0.013477088948787063 0.026954177897574125 0.0215633423180593 0.026954177897574125 0.01078167115902965 0.01078167115902965 0.02425876010781671 0.013477088948787063 0.0215633423180593 0.02425876010781671 0.0215633423180593 0.008086253369272238 0.02425876010781671 0.026954177897574125 0.005390835579514825 0.02425876010781671 0.016172506738544475 0.016172506738544475 0.018867924528301886 0.026954177897574125 0.0215633423180593 0.005390835579514825 0.01078167115902965 0.0026954177897574125 0.02425876010781671 0.016172506738544475 0.013477088948787063 0.026954177897574125 0.0026954177897574125 0.01078167115902965 0.018867924528301886 0.013477088948787063 0.026954177897574125 0.02425876010781671 0.026954177897574125 0.008086253369272238 0.01078167115902965 0.026954177897574125 0.0026954177897574125 0.018867924528301886 0.0215633423180593 0.01078167115902965 0.026954177897574125 0.01078167115902965 0.0215633423180593 0.016172506738544475 0.02425876010781671 0.008086253369272238 0.02425876010781671 0.008086253369272238 0.0215633423180593 0.016172506738544475 0.01078167115902965 0.0 
0.007117437722419931 0.010676156583629897 0.024911032028469757 0.03558718861209966 0.007117437722419931 0.010676156583629897 0.014234875444839862 0.0035587188612099655 0.024911032028469757 0.010676156583629897 0.028469750889679724 0.007117437722419931 0.03558718861209966 0.007117437722419931 0.03558718861209966 0.007117437722419931 0.03558718861209966 0.021352313167259794 0.0035587188612099655 0.021352313167259794 0.0035587188612099655 0.0035587188612099655 0.024911032028469757 0.028469750889679724 0.021352313167259794 0.021352313167259794 0.028469750889679724 0.0035587188612099655 0.028469750889679724 0.007117437722419931 0.010676156583629897 0.01779359430604983 0.0035587188612099655 0.032028469750889695 0.032028469750889695 0.014234875444839862 0.032028469750889695 0.014234875444839862 0.010676156583629897 0.0035587188612099655 0.014234875444839862 0.014234875444839862 0.01779359430604983 0.007117437722419931 0.0035587188612099655 0.010676156583629897 0.010676156583629897 0.024911032028469757 0.028469750889679724 0.01779359430604983 0.007117437722419931 0.0035587188612099655 0.007117437722419931 0.010676156583629897 0.032028469750889695 0.028469750889679724 0.01779359430604983 0.014234875444839862 0.021352313167259794 0.014234875444839862 0.0 
0.017543859649122806 0.011695906432748537 0.02631578947368421 0.02631578947368421 0.017543859649122806 0.029239766081871343 0.02631578947368421 0.014619883040935672 0.005847953216374269 0.014619883040935672 0.017543859649122806 0.011695906432748537 0.023391812865497075 0.02046783625730994 0.0029239766081871343 0.023391812865497075 0.029239766081871343 0.02046783625730994 0.023391812865497075 0.02631578947368421 0.008771929824561403 0.008771929824561403 0.011695906432748537 0.017543859649122806 0.008771929824561403 0.011695906432748537 0.008771929824561403 0.005847953216374269 0.0029239766081871343 0.008771929824561403 0.011695906432748537 0.02046783625730994 0.029239766081871343 0.014619883040935672 0.023391812865497075 0.029239766081871343 0.029239766081871343 0.023391812865497075 0.0029239766081871343 0.011695906432748537 0.008771929824561403 0.029239766081871343 0.02046783625730994 0.011695906432748537 0.017543859649122806 0.008771929824561403 0.017543859649122806 0.02046783625730994 0.023391812865497075 0.029239766081871343 0.023391812865497075 0.005847953216374269 0.005847953216374269 0.02046783625730994 0.023391812865497075 0.011695906432748537 0.005847953216374269 0.005847953216374269 0.023391812865497075 0.008771929824561403 0.0 
0.017647058823529408 0.017647058823529408 0.014705882352941173 0.011764705882352938 0.020588235294117643 0.005882352941176469 0.005882352941176469 0.017647058823529408 0.02647058823529411 0.020588235294117643 0.005882352941176469 0.02647058823529411 0.023529411764705875 0.0029411764705882344 0.023529411764705875 0.023529411764705875 0.011764705882352938 0.02647058823529411 0.029411764705882346 0.02647058823529411 0.017647058823529408 0.005882352941176469 0.023529411764705875 0.011764705882352938 0.020588235294117643 0.029411764705882346 0.014705882352941173 0.02647058823529411 0.023529411764705875 0.005882352941176469 0.0029411764705882344 0.023529411764705875 0.005882352941176469 0.005882352941176469 0.0029411764705882344 0.020588235294117643 0.0029411764705882344 0.023529411764705875 0.029411764705882346 0.023529411764705875 0.0029411764705882344 0.017647058823529408 0.008823529411764704 0.02647058823529411 0.008823529411764704 0.0029411764705882344 0.008823529411764704 0.023529411764705875 0.020588235294117643 0.0029411764705882344 0.005882352941176469 0.017647058823529408 0.023529411764705875 0.0029411764705882344 0.02647058823529411 0.017647058823529408 0.023529411764705875 0.02647058823529411 0.02647058823529411 0.02647058823529411 0.0 
0.016891891891891886 0.013513513513513509 0.013513513513513509 0.0033783783783783773 0.0033783783783783773 0.013513513513513509 0.027027027027027018 0.016891891891891886 0.03378378378378377 0.030405405405405393 0.013513513513513509 0.02027027027027026 0.013513513513513509 0.0067567567567567545 0.030405405405405393 0.027027027027027018 0.0033783783783783773 0.02364864864864864 0.0033783783783783773 0.0033783783783783773 0.027027027027027018 0.0067567567567567545 0.030405405405405393 0.027027027027027018 0.02027027027027026 0.030405405405405393 0.013513513513513509 0.0067567567567567545 0.027027027027027018 0.02364864864864864 0.027027027027027018 0.03378378378378377 0.0033783783783783773 0.0033783783783783773 0.027027027027027018 0.02027027027027026 0.02027027027027026 0.0033783783783783773 0.0067567567567567545 0.02364864864864864 0.013513513513513509 0.0033783783783783773 0.02364864864864864 0.01013513513513513 0.013513513513513509 0.02364864864864864 0.013513513513513509 0.02364864864864864 0.01013513513513513 0.0033783783783783773 0.02027027027027026 0.027027027027027018 0.02364864864864864 0.01013513513513513 0.02027027027027026 0.02027027027027026 0.0067567567567567545 0.016891891891891886 0.0033783783783783773 0.013513513513513509 0.0 
0.012738853503184716 0.019108280254777073 0.012738853503184716 0.015923566878980895 0.012738853503184716 0.003184713375796179 0.012738853503184716 0.02866242038216561 0.03184713375796179 0.003184713375796179 0.02547770700636943 0.02229299363057325 0.019108280254777073 0.003184713375796179 0.006369426751592358 0.015923566878980895 0.02229299363057325 0.02547770700636943 0.019108280254777073 0.019108280254777073 0.02229299363057325 0.019108280254777073 0.015923566878980895 0.015923566878980895 0.003184713375796179 0.02866242038216561 0.006369426751592358 0.012738853503184716 0.012738853503184716 0.003184713375796179 0.003184713375796179 0.003184713375796179 0.015923566878980895 0.02229299363057325 0.02229299363057325 0.012738853503184716 0.015923566878980895 0.03184713375796179 0.02229299363057325 0.02547770700636943 0.02866242038216561 0.02547770700636943 0.012738853503184716 0.012738853503184716 0.006369426751592358 0.009554140127388536 0.009554140127388536 0.012738853503184716 0.019108280254777073 0.02547770700636943 0.003184713375796179 0.006369426751592358 0.019108280254777073 0.019108280254777073 0.02547770700636943 0.03184713375796179 0.009554140127388536 0.02547770700636943 0.02866242038216561 0.02229299363057325 0.0 
0.011111111111111106 0.00833333333333333 0.01666666666666666 0.027777777777777762 0.00833333333333333 0.019444444444444438 0.01666666666666666 0.013888888888888881 0.019444444444444438 0.027777777777777762 0.019444444444444438 0.0027777777777777766 0.027777777777777762 0.011111111111111106 0.005555555555555553 0.02499999999999999 0.0027777777777777766 0.013888888888888881 0.022222222222222213 0.00833333333333333 0.011111111111111106 0.0027777777777777766 0.0027777777777777766 0.027777777777777762 0.027777777777777762 0.0027777777777777766 0.027777777777777762 0.013888888888888881 0.019444444444444438 0.019444444444444438 0.005555555555555553 0.01666666666666666 0.011111111111111106 0.013888888888888881 0.027777777777777762 0.019444444444444438 0.027777777777777762 0.027777777777777762 0.005555555555555553 0.011111111111111106 0.01666666666666666 0.01666666666666666 0.027777777777777762 0.01666666666666666 0.02499999999999999 0.013888888888888881 0.022222222222222213 0.02499999999999999 0.005555555555555553 0.019444444444444438 0.019444444444444438 0.01666666666666666 0.0027777777777777766 0.02499999999999999 0.01666666666666666 0.027777777777777762 0.02499999999999999 0.022222222222222213 0.019444444444444438 0.005555555555555553 0.0 
0.02359882005899705 0.02654867256637168 0.011799410029498525 0.011799410029498525 0.02654867256637168 0.014749262536873156 0.0058997050147492625 0.02359882005899705 0.029498525073746312 0.017699115044247787 0.02359882005899705 0.02654867256637168 0.0029498525073746312 0.0058997050147492625 0.02359882005899705 0.02359882005899705 0.029498525073746312 0.02654867256637168 0.02064896755162242 0.008849557522123894 0.008849557522123894 0.0029498525073746312 0.011799410029498525 0.008849557522123894 0.008849557522123894 0.029498525073746312 0.014749262536873156 0.02064896755162242 0.02064896755162242 0.008849557522123894 0.014749262536873156 0.0029498525073746312 0.008849557522123894 0.02654867256637168 0.02359882005899705 0.011799410029498525 0.017699115044247787 0.017699115044247787 0.02064896755162242 0.029498525073746312 0.02654867256637168 0.011799410029498525 0.008849557522123894 0.017699115044247787 0.014749262536873156 0.02064896755162242 0.011799410029498525 0.017699115044247787 0.011799410029498525 0.011799410029498525 0.014749262536873156 0.029498525073746312 0.017699115044247787 0.011799410029498525 0.0029498525073746312 0.029498525073746312 0.014749262536873156 0.0058997050147492625 0.02359882005899705 0.0029498525073746312 0.0 
0.019047619047619053 0.025396825396825404 0.028571428571428577 0.012698412698412702 0.012698412698412702 0.012698412698412702 0.022222222222222227 0.009523809523809526 0.019047619047619053 0.025396825396825404 0.025396825396825404 0.0031746031746031755 0.009523809523809526 0.009523809523809526 0.009523809523809526 0.009523809523809526 0.009523809523809526 0.019047619047619053 0.028571428571428577 0.006349206349206351 0.03174603174603175 0.028571428571428577 0.03174603174603175 0.015873015873015876 0.009523809523809526 0.006349206349206351 0.022222222222222227 0.006349206349206351 0.022222222222222227 0.022222222222222227 0.019047619047619053 0.019047619047619053 0.0031746031746031755 0.009523809523809526 0.025396825396825404 0.028571428571428577 0.019047619047619053 0.015873015873015876 0.028571428571428577 0.03174603174603175 0.0031746031746031755 0.009523809523809526 0.0031746031746031755 0.03174603174603175 0.019047619047619053 0.006349206349206351 0.03174603174603175 0.025396825396825404 0.009523809523809526 0.012698412698412702 0.012698412698412702 0.009523809523809526 0.0031746031746031755 0.0031746031746031755 0.03174603174603175 0.019047619047619053 0.0031746031746031755 0.019047619047619053 0.019047619047619053 0.012698412698412702 0.0 
0.01714285714285715 0.020000000000000007 0.020000000000000007 0.022857142857142864 0.002857142857142858 0.02571428571428572 0.02857142857142858 0.002857142857142858 0.011428571428571432 0.008571428571428575 0.020000000000000007 0.01714285714285715 0.020000000000000007 0.01714285714285715 0.02857142857142858 0.01428571428571429 0.02571428571428572 0.01714285714285715 0.02857142857142858 0.01428571428571429 0.008571428571428575 0.002857142857142858 0.022857142857142864 0.008571428571428575 0.002857142857142858 0.02857142857142858 0.022857142857142864 0.01428571428571429 0.02571428571428572 0.022857142857142864 0.02571428571428572 0.01714285714285715 0.02857142857142858 0.02857142857142858 0.022857142857142864 0.005714285714285716 0.01714285714285715 0.005714285714285716 0.02571428571428572 0.011428571428571432 0.01714285714285715 0.02571428571428572 0.02857142857142858 0.005714285714285716 0.002857142857142858 0.002857142857142858 0.005714285714285716 0.01714285714285715 0.02571428571428572 0.01714285714285715 0.008571428571428575 0.02571428571428572 0.008571428571428575 0.01714285714285715 0.01428571428571429 0.011428571428571432 0.008571428571428575 0.01714285714285715 0.022857142857142864 0.005714285714285716 0.0 
0.005633802816901412 0.02816901408450706 0.008450704225352117 0.002816901408450706 0.01971830985915494 0.01408450704225353 0.008450704225352117 0.025352112676056353 0.01971830985915494 0.016901408450704234 0.025352112676056353 0.02253521126760565 0.02253521126760565 0.002816901408450706 0.01971830985915494 0.016901408450704234 0.01971830985915494 0.02816901408450706 0.02253521126760565 0.002816901408450706 0.005633802816901412 0.02253521126760565 0.01971830985915494 0.002816901408450706 0.02816901408450706 0.011267605633802824 0.02816901408450706 0.02253521126760565 0.025352112676056353 0.02816901408450706 0.016901408450704234 0.011267605633802824 0.011267605633802824 0.011267605633802824 0.008450704225352117 0.01971830985915494 0.011267605633802824 0.01971830985915494 0.005633802816901412 0.016901408450704234 0.02253521126760565 0.008450704225352117 0.025352112676056353 0.016901408450704234 0.002816901408450706 0.01971830985915494 0.008450704225352117 0.01408450704225353 0.025352112676056353 0.02816901408450706 0.02253521126760565 0.016901408450704234 0.016901408450704234 0.011267605633802824 0.016901408450704234 0.02816901408450706 0.01971830985915494 0.005633802816901412 0.01971830985915494 0.011267605633802824 0.0 
0.0031948881789137383 0.01916932907348243 0.0031948881789137383 0.025559105431309907 0.025559105431309907 0.015974440894568693 0.031948881789137386 0.025559105431309907 0.028753993610223644 0.0031948881789137383 0.01916932907348243 0.006389776357827477 0.006389776357827477 0.006389776357827477 0.028753993610223644 0.0031948881789137383 0.025559105431309907 0.006389776357827477 0.028753993610223644 0.006389776357827477 0.012779552715654953 0.012779552715654953 0.0031948881789137383 0.028753993610223644 0.0031948881789137383 0.02236421725239617 0.01916932907348243 0.009584664536741215 0.031948881789137386 0.012779552715654953 0.012779552715654953 0.015974440894568693 0.01916932907348243 0.025559105431309907 0.009584664536741215 0.015974440894568693 0.006389776357827477 0.015974440894568693 0.01916932907348243 0.009584664536741215 0.0031948881789137383 0.009584664536741215 0.031948881789137386 0.028753993610223644 0.006389776357827477 0.031948881789137386 0.01916932907348243 0.031948881789137386 0.02236421725239617 0.02236421725239617 0.009584664536741215 0.009584664536741215 0.02236421725239617 0.0031948881789137383 0.009584664536741215 0.025559105431309907 0.025559105431309907 0.015974440894568693 0.025559105431309907 0.01916932907348243 0.0 
0.008196721311475405 0.01366120218579234 0.01366120218579234 0.010928961748633873 0.02732240437158468 0.008196721311475405 0.02732240437158468 0.02732240437158468 0.002732240437158468 0.02459016393442621 0.021857923497267746 0.01639344262295081 0.01639344262295081 0.02459016393442621 0.010928961748633873 0.01366120218579234 0.010928961748633873 0.019125683060109276 0.010928961748633873 0.021857923497267746 0.008196721311475405 0.02459016393442621 0.008196721311475405 0.021857923497267746 0.02732240437158468 0.01366120218579234 0.02459016393442621 0.021857923497267746 0.008196721311475405 0.02732240437158468 0.002732240437158468 0.008196721311475405 0.02732240437158468 0.021857923497267746 0.02732240437158468 0.002732240437158468 0.005464480874316936 0.02732240437158468 0.02459016393442621 0.019125683060109276 0.019125683060109276 0.008196721311475405 0.021857923497267746 0.02732240437158468 0.021857923497267746 0.01639344262295081 0.008196721311475405 0.021857923497267746 0.002732240437158468 0.02732240437158468 0.02732240437158468 0.002732240437158468 0.021857923497267746 0.010928961748633873 0.019125683060109276 0.005464480874316936 0.021857923497267746 0.005464480874316936 0.02459016393442621 0.002732240437158468 0.0 
0.02840909090909091 0.008522727272727274 0.014204545454545456 0.017045454545454548 0.017045454545454548 0.017045454545454548 0.0028409090909090914 0.011363636363636366 0.005681818181818183 0.005681818181818183 0.025568181818181823 0.025568181818181823 0.025568181818181823 0.017045454545454548 0.01988636363636364 0.017045454545454548 0.025568181818181823 0.005681818181818183 0.025568181818181823 0.01988636363636364 0.011363636363636366 0.02272727272727273 0.02840909090909091 0.008522727272727274 0.017045454545454548 0.005681818181818183 0.025568181818181823 0.01988636363636364 0.025568181818181823 0.02840909090909091 0.01988636363636364 0.01988636363636364 0.011363636363636366 0.025568181818181823 0.008522727272727274 0.008522727272727274 0.025568181818181823 0.01988636363636364 0.008522727272727274 0.025568181818181823 0.02272727272727273 0.014204545454545456 0.025568181818181823 0.011363636363636366 0.017045454545454548 0.0028409090909090914 0.014204545454545456 0.008522727272727274 0.011363636363636366 0.01988636363636364 0.01988636363636364 0.008522727272727274 0.02272727272727273 0.017045454545454548 0.014204545454545456 0.005681818181818183 0.008522727272727274 0.017045454545454548 0.011363636363636366 0.025568181818181823 0.0 
0.03236245954692558 0.029126213592233025 0.006472491909385116 0.019417475728155345 0.02265372168284791 0.009708737864077673 0.009708737864077673 0.003236245954692558 0.029126213592233025 0.003236245954692558 0.009708737864077673 0.012944983818770232 0.01618122977346279 0.009708737864077673 0.029126213592233025 0.009708737864077673 0.012944983818770232 0.03236245954692558 0.012944983818770232 0.01618122977346279 0.03236245954692558 0.029126213592233025 0.02265372168284791 0.006472491909385116 0.03236245954692558 0.029126213592233025 0.02265372168284791 0.02265372168284791 0.029126213592233025 0.019417475728155345 0.01618122977346279 0.025889967637540465 0.009708737864077673 0.012944983818770232 0.009708737864077673 0.012944983818770232 0.025889967637540465 0.009708737864077673 0.025889967637540465 0.006472491909385116 0.02265372168284791 0.012944983818770232 0.02265372168284791 0.012944983818770232 0.029126213592233025 0.01618122977346279 0.01618122977346279 0.003236245954692558 0.006472491909385116 0.012944983818770232 0.003236245954692558 0.03236245954692558 0.019417475728155345 0.012944983818770232 0.009708737864077673 0.009708737864077673 0.009708737864077673 0.003236245954692558 0.006472491909385116 0.009708737864077673 0.0 
0.006329113924050631 0.0031645569620253155 0.0031645569620253155 0.012658227848101262 0.02848101265822784 0.01582278481012658 0.0031645569620253155 0.01582278481012658 0.009493670886075948 0.01582278481012658 0.018987341772151896 0.02848101265822784 0.02848101265822784 0.03164556962025316 0.022151898734177212 0.006329113924050631 0.006329113924050631 0.018987341772151896 0.03164556962025316 0.03164556962025316 0.0031645569620253155 0.02848101265822784 0.012658227848101262 0.022151898734177212 0.012658227848101262 0.006329113924050631 0.006329113924050631 0.0031645569620253155 0.01582278481012658 0.022151898734177212 0.018987341772151896 0.0031645569620253155 0.009493670886075948 0.009493670886075948 0.02848101265822784 0.03164556962025316 0.022151898734177212 0.006329113924050631 0.022151898734177212 0.018987341772151896 0.0031645569620253155 0.025316455696202524 0.018987341772151896 0.018987341772151896 0.012658227848101262 0.022151898734177212 0.018987341772151896 0.022151898734177212 0.0031645569620253155 0.03164556962025316 0.009493670886075948 0.012658227848101262 0.022151898734177212 0.03164556962025316 0.02848101265822784 0.025316455696202524 0.009493670886075948 0.009493670886075948 0.01582278481012658 0.01582278481012658 0.0 
0.01215805471124621 0.02431610942249242 0.009118541033434657 0.01215805471124621 0.027355623100303973 0.009118541033434657 0.009118541033434657 0.030395136778115527 0.009118541033434657 0.021276595744680868 0.01215805471124621 0.015197568389057763 0.018237082066869314 0.018237082066869314 0.027355623100303973 0.018237082066869314 0.027355623100303973 0.006079027355623105 0.018237082066869314 0.030395136778115527 0.018237082066869314 0.018237082066869314 0.015197568389057763 0.021276595744680868 0.021276595744680868 0.01215805471124621 0.006079027355623105 0.006079027355623105 0.01215805471124621 0.021276595744680868 0.0030395136778115523 0.009118541033434657 0.006079027355623105 0.018237082066869314 0.021276595744680868 0.015197568389057763 0.021276595744680868 0.021276595744680868 0.006079027355623105 0.027355623100303973 0.015197568389057763 0.030395136778115527 0.030395136778115527 0.027355623100303973 0.018237082066869314 0.0030395136778115523 0.018237082066869314 0.015197568389057763 0.02431610942249242 0.015197568389057763 0.01215805471124621 0.006079027355623105 0.009118541033434657 0.02431610942249242 0.0030395136778115523 0.01215805471124621 0.018237082066869314 0.030395136778115527 0.018237082066869314 0.01215805471124621 0.0 
0.010752688172043019 0.008064516129032263 0.026881720430107545 0.008064516129032263 0.016129032258064526 0.026881720430107545 0.026881720430107545 0.013440860215053772 0.02419354838709679 0.021505376344086037 0.016129032258064526 0.013440860215053772 0.026881720430107545 0.018817204301075283 0.016129032258064526 0.018817204301075283 0.013440860215053772 0.008064516129032263 0.010752688172043019 0.02419354838709679 0.02419354838709679 0.010752688172043019 0.016129032258064526 0.018817204301075283 0.026881720430107545 0.0026881720430107546 0.016129032258064526 0.0026881720430107546 0.018817204301075283 0.026881720430107545 0.016129032258064526 0.008064516129032263 0.026881720430107545 0.005376344086021509 0.010752688172043019 0.013440860215053772 0.005376344086021509 0.016129032258064526 0.02419354838709679 0.013440860215053772 0.026881720430107545 0.005376344086021509 0.02419354838709679 0.018817204301075283 0.0026881720430107546 0.005376344086021509 0.026881720430107545 0.016129032258064526 0.026881720430107545 0.021505376344086037 0.016129032258064526 0.018817204301075283 0.02419354838709679 0.026881720430107545 0.005376344086021509 0.010752688172043019 0.021505376344086037 0.010752688172043019 0.02419354838709679 0.013440860215053772 0.0 
0.01754385964912281 0.026315789473684216 0.02923976608187135 0.014619883040935675 0.014619883040935675 0.008771929824561405 0.0029239766081871348 0.020467836257309944 0.02923976608187135 0.014619883040935675 0.026315789473684216 0.008771929824561405 0.0029239766081871348 0.023391812865497078 0.020467836257309944 0.014619883040935675 0.008771929824561405 0.020467836257309944 0.008771929824561405 0.02923976608187135 0.0058479532163742695 0.0058479532163742695 0.0029239766081871348 0.023391812865497078 0.01754385964912281 0.01754385964912281 0.01754385964912281 0.011695906432748539 0.0058479532163742695 0.023391812865497078 0.014619883040935675 0.014619883040935675 0.023391812865497078 0.02923976608187135 0.02923976608187135 0.014619883040935675 0.008771929824561405 0.023391812865497078 0.01754385964912281 0.020467836257309944 0.014619883040935675 0.01754385964912281 0.011695906432748539 0.023391812865497078 0.020467836257309944 0.011695906432748539 0.01754385964912281 0.026315789473684216 0.0029239766081871348 0.01754385964912281 0.011695906432748539 0.014619883040935675 0.01754385964912281 0.0029239766081871348 0.011695906432748539 0.026315789473684216 0.011695906432748539 0.020467836257309944 0.026315789473684216 0.023391812865497078 0.0 
0.01597444089456869 0.009584664536741214 0.025559105431309903 0.003194888178913738 0.025559105431309903 0.003194888178913738 0.009584664536741214 0.019169329073482427 0.019169329073482427 0.02875399361022364 0.006389776357827476 0.009584664536741214 0.03194888178913738 0.012779552715654952 0.012779552715654952 0.02875399361022364 0.01597444089456869 0.01597444089456869 0.019169329073482427 0.012779552715654952 0.003194888178913738 0.009584664536741214 0.03194888178913738 0.022364217252396165 0.025559105431309903 0.022364217252396165 0.01597444089456869 0.02875399361022364 0.003194888178913738 0.025559105431309903 0.009584664536741214 0.019169329073482427 0.019169329073482427 0.009584664536741214 0.02875399361022364 0.01597444089456869 0.012779552715654952 0.012779552715654952 0.025559105431309903 0.006389776357827476 0.009584664536741214 0.025559105431309903 0.025559105431309903 0.025559105431309903 0.003194888178913738 0.03194888178913738 0.003194888178913738 0.006389776357827476 0.019169329073482427 0.012779552715654952 0.019169329073482427 0.003194888178913738 0.009584664536741214 0.025559105431309903 0.006389776357827476 0.025559105431309903 0.01597444089456869 0.006389776357827476 0.03194888178913738 0.019169329073482427 0.0 
0.017191977077363904 0.01432664756446992 0.01432664756446992 0.017191977077363904 0.011461318051575934 0.005730659025787967 0.01432664756446992 0.02292263610315187 0.005730659025787967 0.0028653295128939836 0.017191977077363904 0.02865329512893984 0.02865329512893984 0.025787965616045853 0.0028653295128939836 0.02865329512893984 0.01432664756446992 0.025787965616045853 0.011461318051575934 0.020057306590257888 0.005730659025787967 0.005730659025787967 0.025787965616045853 0.020057306590257888 0.011461318051575934 0.017191977077363904 0.017191977077363904 0.0028653295128939836 0.011461318051575934 0.020057306590257888 0.025787965616045853 0.017191977077363904 0.020057306590257888 0.01432664756446992 0.011461318051575934 0.020057306590257888 0.02292263610315187 0.005730659025787967 0.005730659025787967 0.02865329512893984 0.02865329512893984 0.008595988538681952 0.01432664756446992 0.02865329512893984 0.0028653295128939836 0.017191977077363904 0.02865329512893984 0.005730659025787967 0.02292263610315187 0.02292263610315187 0.011461318051575934 0.02292263610315187 0.008595988538681952 0.017191977077363904 0.011461318051575934 0.02865329512893984 0.008595988538681952 0.025787965616045853 0.02865329512893984 0.017191977077363904 0.0 
0.017751479289940832 0.02366863905325444 0.008875739644970416 0.00591715976331361 0.017751479289940832 0.017751479289940832 0.02958579881656805 0.017751479289940832 0.026627218934911247 0.02071005917159764 0.008875739644970416 0.002958579881656805 0.026627218934911247 0.01183431952662722 0.002958579881656805 0.014792899408284025 0.00591715976331361 0.002958579881656805 0.026627218934911247 0.017751479289940832 0.02071005917159764 0.017751479289940832 0.014792899408284025 0.00591715976331361 0.02958579881656805 0.02071005917159764 0.008875739644970416 0.00591715976331361 0.02366863905325444 0.01183431952662722 0.02366863905325444 0.026627218934911247 0.02958579881656805 0.01183431952662722 0.01183431952662722 0.008875739644970416 0.014792899408284025 0.02071005917159764 0.026627218934911247 0.008875739644970416 0.017751479289940832 0.008875739644970416 0.017751479289940832 0.02366863905325444 0.02071005917159764 0.008875739644970416 0.01183431952662722 0.02071005917159764 0.00591715976331361 0.02071005917159764 0.01183431952662722 0.026627218934911247 0.02958579881656805 0.02366863905325444 0.01183431952662722 0.017751479289940832 0.02958579881656805 0.01183431952662722 0.008875739644970416 0.02071005917159764 0.0 
0.018633540372670808 0.024844720496894408 0.009316770186335404 0.018633540372670808 0.009316770186335404 0.006211180124223602 0.018633540372670808 0.018633540372670808 0.012422360248447204 0.015527950310559006 0.021739130434782608 0.021739130434782608 0.006211180124223602 0.006211180124223602 0.003105590062111801 0.009316770186335404 0.018633540372670808 0.024844720496894408 0.003105590062111801 0.021739130434782608 0.015527950310559006 0.031055900621118012 0.003105590062111801 0.003105590062111801 0.009316770186335404 0.024844720496894408 0.024844720496894408 0.031055900621118012 0.003105590062111801 0.006211180124223602 0.012422360248447204 0.021739130434782608 0.018633540372670808 0.006211180124223602 0.031055900621118012 0.009316770186335404 0.006211180124223602 0.031055900621118012 0.031055900621118012 0.027950310559006212 0.027950310559006212 0.024844720496894408 0.006211180124223602 0.012422360248447204 0.027950310559006212 0.031055900621118012 0.024844720496894408 0.012422360248447204 0.021739130434782608 0.006211180124223602 0.006211180124223602 0.024844720496894408 0.006211180124223602 0.031055900621118012 0.012422360248447204 0.003105590062111801 0.012422360248447204 0.027950310559006212 0.024844720496894408 0.018633540372670808 0.0 
1.0 0.0 0.0 0.0 0.0 0.0 0.0 0.0 0.0 0.0 0.0 0.0 0.0 0.0 0.0 0.0 0.0 0.0 0.0 0.0 0.0 0.0 0.0 0.0 0.0 0.0 0.0 0.0 0.0 0.0 0.0 0.0 0.0 0.0 0.0 0.0 0.0 0.0 0.0 0.0 0.0 0.0 0.0 0.0 0.0 0.0 0.0 0.0 0.0 0.0 0.0 0.0 0.0 0.0 0.0 0.0 0.0 0.0 0.0 0.0 0.0 

emissions
1 1 1 1 1 1 1 1 1 1 1 1 1 1 1 1 1 1 1 1 1 1 1 1 1 1 1 1 1 1 1 1 1 1 1 1 1 1 1 1 1 1 1 1 1 1 1 1 1 1 1 1 1 1 1 1 1 1 1 0 0 
0 0 0 0 0 0 0 0 0 0 0 0 0 0 0 0 0 0 0 0 0 0 0 0 0 0 0 0 0 0 0 0 0 0 0 0 0 0 0 0 0 0 0 0 0 0 0 0 0 0 0 0 0 0 0 0 0 0 0 0 1 
0 0 0 0 0 0 0 0 0 0 0 0 0 0 0 0 0 0 0 0 0 0 0 0 0 0 0 0 0 0 0 0 0 0 0 0 0 0 0 0 0 0 0 0 0 0 0 0 0 0 0 0 0 0 0 0 0 0 0 1 0 
