states
0 1 2 3 4 5 6 7 8 9 10 11 12 13 14 15 16 17 18 19 20 21 22 23 24 25 26 27 28 29 30 31 32 33 34 35 36 37 38 39 40 41 42 43 44 45 46 47 48 49 50 51 52 53 54 55 56 57 58 59 60 61 62 63 64 65 66 67 68 
labels
empty init elected 
initial
0.0 0.0 0.0 0.0 0.0 0.0 0.0 0.0 0.0 0.0 0.0 0.0 0.0 0.0 0.0 0.0 0.0 0.0 0.0 0.0 0.0 0.0 0.0 0.0 0.0 0.0 0.0 0.0 0.0 0.0 0.0 0.0 0.0 0.0 0.0 0.0 0.0 0.0 0.0 0.0 0.0 0.0 0.0 0.0 0.0 0.0 0.0 0.0 0.0 0.0 0.0 0.0 0.0 0.0 0.0 0.0 0.0 0.0 0.0 0.0 0.0 0.0 0.0 0.0 0.0 0.0 0.0 0.0 1.0
transitions
0.022113022113022112 0.022113022113022112 0.0171990171990172 0.007371007371007371 0.022113022113022112 0.019656019656019656 0.007371007371007371 0.004914004914004914 0.014742014742014743 0.012285012285012284 0.012285012285012284 0.014742014742014743 0.019656019656019656 0.009828009828009828 0.0171990171990172 0.012285012285012284 0.009828009828009828 0.019656019656019656 0.0171990171990172 0.004914004914004914 0.009828009828009828 0.014742014742014743 0.022113022113022112 0.012285012285012284 0.0171990171990172 0.009828009828009828 0.02457002457002457 0.007371007371007371 0.002457002457002457 0.012285012285012284 0.007371007371007371 0.012285012285012284 0.004914004914004914 0.019656019656019656 0.022113022113022112 0.007371007371007371 0.02457002457002457 0.022113022113022112 0.019656019656019656 0.004914004914004914 0.0171990171990172 0.022113022113022112 0.014742014742014743 0.02457002457002457 0.02457002457002457 0.02457002457002457 0.009828009828009828 0.002457002457002457 0.002457002457002457 0.007371007371007371 0.022113022113022112 0.022113022113022112 0.007371007371007371 0.02457002457002457 0.0171990171990172 0.014742014742014743 0.0171990171990172 0.0171990171990172 0.0171990171990172 0.009828009828009828 0.022113022113022112 0.007371007371007371 0.004914004914004914 0.012285012285012284 0.022113022113022112 0.004914004914004914 0.0171990171990172 0.02457002457002457 0.0 
0.01734104046242773 0.005780346820809243 0.008670520231213865 0.014450867052023109 0.023121387283236972 0.020231213872832353 0.014450867052023109 0.01734104046242773 0.026011560693641595 0.011560693641618486 0.0028901734104046215 0.0028901734104046215 0.01734104046242773 0.023121387283236972 0.01734104046242773 0.0028901734104046215 0.026011560693641595 0.020231213872832353 0.01734104046242773 0.005780346820809243 0.023121387283236972 0.014450867052023109 0.011560693641618486 0.020231213872832353 0.005780346820809243 0.014450867052023109 0.0028901734104046215 0.026011560693641595 0.01734104046242773 0.014450867052023109 0.008670520231213865 0.028901734104046218 0.023121387283236972 0.005780346820809243 0.028901734104046218 0.008670520231213865 0.005780346820809243 0.0028901734104046215 0.023121387283236972 0.005780346820809243 0.026011560693641595 0.028901734104046218 0.0028901734104046215 0.023121387283236972 0.0028901734104046215 0.01734104046242773 0.008670520231213865 0.01734104046242773 0.005780346820809243 0.011560693641618486 0.011560693641618486 0.005780346820809243 0.026011560693641595 0.020231213872832353 0.026011560693641595 0.005780346820809243 0.01734104046242773 0.023121387283236972 0.0028901734104046215 0.028901734104046218 0.005780346820809243 0.01734104046242773 0.028901734104046218 0.008670520231213865 0.0028901734104046215 0.0028901734104046215 0.014450867052023109 0.020231213872832353 0.0 
0.010282776349614393 0.005141388174807197 0.023136246786632387 0.01542416452442159 0.025706940874035984 0.01542416452442159 0.012853470437017992 0.007712082262210795 0.020565552699228787 0.023136246786632387 0.020565552699228787 0.010282776349614393 0.012853470437017992 0.023136246786632387 0.01799485861182519 0.010282776349614393 0.023136246786632387 0.023136246786632387 0.01542416452442159 0.005141388174807197 0.010282776349614393 0.010282776349614393 0.010282776349614393 0.007712082262210795 0.01799485861182519 0.01542416452442159 0.01542416452442159 0.007712082262210795 0.01542416452442159 0.01799485861182519 0.005141388174807197 0.01542416452442159 0.0025706940874035984 0.01542416452442159 0.012853470437017992 0.023136246786632387 0.010282776349614393 0.020565552699228787 0.01542416452442159 0.025706940874035984 0.012853470437017992 0.01542416452442159 0.007712082262210795 0.01799485861182519 0.0025706940874035984 0.01542416452442159 0.020565552699228787 0.005141388174807197 0.01799485861182519 0.020565552699228787 0.0025706940874035984 0.005141388174807197 0.007712082262210795 0.012853470437017992 0.0025706940874035984 0.01799485861182519 0.01799485861182519 0.023136246786632387 0.01799485861182519 0.025706940874035984 0.01542416452442159 0.005141388174807197 0.01542416452442159 0.025706940874035984 0.012853470437017992 0.025706940874035984 0.023136246786632387 0.010282776349614393 0.0 
0.014880952380952384 0.020833333333333336 0.00892857142857143 0.014880952380952384 0.023809523809523815 0.01785714285714286 0.005952380952380954 0.011904761904761908 0.023809523809523815 0.014880952380952384 0.01785714285714286 0.005952380952380954 0.00892857142857143 0.011904761904761908 0.020833333333333336 0.005952380952380954 0.00892857142857143 0.029761904761904767 0.020833333333333336 0.002976190476190477 0.01785714285714286 0.011904761904761908 0.01785714285714286 0.00892857142857143 0.02678571428571429 0.029761904761904767 0.023809523809523815 0.011904761904761908 0.002976190476190477 0.014880952380952384 0.020833333333333336 0.00892857142857143 0.023809523809523815 0.029761904761904767 0.011904761904761908 0.005952380952380954 0.005952380952380954 0.029761904761904767 0.029761904761904767 0.002976190476190477 0.02678571428571429 0.002976190476190477 0.02678571428571429 0.01785714285714286 0.011904761904761908 0.01785714285714286 0.02678571428571429 0.011904761904761908 0.020833333333333336 0.005952380952380954 0.020833333333333336 0.005952380952380954 0.00892857142857143 0.005952380952380954 0.00892857142857143 0.020833333333333336 0.020833333333333336 0.005952380952380954 0.011904761904761908 0.011904761904761908 0.00892857142857143 0.011904761904761908 0.00892857142857143 0.011904761904761908 0.011904761904761908 0.002976190476190477 0.01785714285714286 0.005952380952380954 0.0 
0.00854700854700855 0.005698005698005699 0.019943019943019946 0.00854700854700855 0.005698005698005699 0.011396011396011398 0.019943019943019946 0.011396011396011398 0.028490028490028494 0.0028490028490028496 0.014245014245014247 0.00854700854700855 0.022792022792022797 0.0170940170940171 0.0170940170940171 0.011396011396011398 0.028490028490028494 0.005698005698005699 0.025641025641025644 0.005698005698005699 0.014245014245014247 0.019943019943019946 0.00854700854700855 0.019943019943019946 0.022792022792022797 0.0170940170940171 0.0028490028490028496 0.005698005698005699 0.0170940170940171 0.019943019943019946 0.028490028490028494 0.025641025641025644 0.025641025641025644 0.00854700854700855 0.019943019943019946 0.0028490028490028496 0.019943019943019946 0.0028490028490028496 0.014245014245014247 0.011396011396011398 0.011396011396011398 0.022792022792022797 0.0028490028490028496 0.028490028490028494 0.00854700854700855 0.00854700854700855 0.011396011396011398 0.0170940170940171 0.019943019943019946 0.0028490028490028496 0.019943019943019946 0.0028490028490028496 0.011396011396011398 0.022792022792022797 0.011396011396011398 0.025641025641025644 0.0028490028490028496 0.011396011396011398 0.025641025641025644 0.0170940170940171 0.022792022792022797 0.0170940170940171 0.022792022792022797 0.014245014245014247 0.005698005698005699 0.0028490028490028496 0.019943019943019946 0.022792022792022797 0.0 
0.020460358056265986 0.023017902813299233 0.01278772378516624 0.02557544757033248 0.0076726342710997444 0.020460358056265986 0.015345268542199489 0.02557544757033248 0.010230179028132993 0.017902813299232736 0.01278772378516624 0.0025575447570332483 0.017902813299232736 0.005115089514066497 0.023017902813299233 0.015345268542199489 0.005115089514066497 0.0025575447570332483 0.015345268542199489 0.0025575447570332483 0.02557544757033248 0.023017902813299233 0.0076726342710997444 0.017902813299232736 0.02557544757033248 0.02557544757033248 0.023017902813299233 0.0076726342710997444 0.01278772378516624 0.005115089514066497 0.005115089514066497 0.0076726342710997444 0.0076726342710997444 0.017902813299232736 0.020460358056265986 0.02557544757033248 0.023017902813299233 0.010230179028132993 0.02557544757033248 0.01278772378516624 0.023017902813299233 0.01278772378516624 0.0025575447570332483 0.0025575447570332483 0.01278772378516624 0.020460358056265986 0.015345268542199489 0.02557544757033248 0.0076726342710997444 0.02557544757033248 0.017902813299232736 0.0025575447570332483 0.010230179028132993 0.017902813299232736 0.023017902813299233 0.0076726342710997444 0.005115089514066497 0.0025575447570332483 0.020460358056265986 0.015345268542199489 0.020460358056265986 0.017902813299232736 0.02557544757033248 0.010230179028132993 0.0025575447570332483 0.01278772378516624 0.02557544757033248 0.0025575447570332483 0.0 
0.0077319587628866 0.0025773195876288664 0.025773195876288665 0.012886597938144333 0.02061855670103093 0.012886597938144333 0.018041237113402064 0.0154639175257732 0.025773195876288665 0.0154639175257732 0.0154639175257732 0.025773195876288665 0.0077319587628866 0.018041237113402064 0.0077319587628866 0.025773195876288665 0.012886597938144333 0.0025773195876288664 0.025773195876288665 0.023195876288659798 0.0077319587628866 0.005154639175257733 0.018041237113402064 0.005154639175257733 0.025773195876288665 0.010309278350515465 0.025773195876288665 0.0077319587628866 0.0077319587628866 0.023195876288659798 0.0077319587628866 0.0154639175257732 0.0077319587628866 0.025773195876288665 0.018041237113402064 0.018041237113402064 0.0154639175257732 0.0025773195876288664 0.0154639175257732 0.010309278350515465 0.025773195876288665 0.0025773195876288664 0.02061855670103093 0.018041237113402064 0.0154639175257732 0.02061855670103093 0.0025773195876288664 0.005154639175257733 0.025773195876288665 0.005154639175257733 0.018041237113402064 0.0025773195876288664 0.0077319587628866 0.005154639175257733 0.018041237113402064 0.0154639175257732 0.0154639175257732 0.0154639175257732 0.023195876288659798 0.025773195876288665 0.005154639175257733 0.012886597938144333 0.005154639175257733 0.0154639175257732 0.025773195876288665 0.025773195876288665 0.0154639175257732 0.010309278350515465 0.0 
0.01479289940828402 0.002958579881656804 0.011834319526627215 0.017751479289940825 0.02958579881656804 0.02366863905325443 0.026627218934911236 0.02071005917159763 0.005917159763313608 0.008875739644970413 0.002958579881656804 0.02958579881656804 0.005917159763313608 0.002958579881656804 0.005917159763313608 0.017751479289940825 0.01479289940828402 0.008875739644970413 0.026627218934911236 0.005917159763313608 0.02958579881656804 0.026627218934911236 0.02071005917159763 0.02071005917159763 0.01479289940828402 0.008875739644970413 0.008875739644970413 0.011834319526627215 0.02366863905325443 0.01479289940828402 0.011834319526627215 0.002958579881656804 0.008875739644970413 0.005917159763313608 0.017751479289940825 0.008875739644970413 0.008875739644970413 0.002958579881656804 0.011834319526627215 0.02958579881656804 0.017751479289940825 0.005917159763313608 0.026627218934911236 0.008875739644970413 0.026627218934911236 0.005917159763313608 0.002958579881656804 0.02958579881656804 0.008875739644970413 0.017751479289940825 0.008875739644970413 0.01479289940828402 0.02071005917159763 0.017751479289940825 0.011834319526627215 0.02071005917159763 0.02958579881656804 0.011834319526627215 0.002958579881656804 0.026627218934911236 0.01479289940828402 0.002958579881656804 0.008875739644970413 0.005917159763313608 0.017751479289940825 0.017751479289940825 0.01479289940828402 0.026627218934911236 0.0 
0.02374670184696569 0.02374670184696569 0.01846965699208443 0.015831134564643797 0.02374670184696569 0.021108179419525062 0.013192612137203163 0.0052770448548812654 0.0052770448548812654 0.007915567282321899 0.021108179419525062 0.026385224274406326 0.01846965699208443 0.02374670184696569 0.026385224274406326 0.01846965699208443 0.021108179419525062 0.021108179419525062 0.021108179419525062 0.010554089709762531 0.02374670184696569 0.013192612137203163 0.0026385224274406327 0.026385224274406326 0.013192612137203163 0.013192612137203163 0.007915567282321899 0.0026385224274406327 0.021108179419525062 0.013192612137203163 0.007915567282321899 0.015831134564643797 0.015831134564643797 0.0052770448548812654 0.0026385224274406327 0.0026385224274406327 0.02374670184696569 0.0052770448548812654 0.0052770448548812654 0.010554089709762531 0.0026385224274406327 0.007915567282321899 0.02374670184696569 0.026385224274406326 0.0026385224274406327 0.015831134564643797 0.007915567282321899 0.026385224274406326 0.021108179419525062 0.02374670184696569 0.007915567282321899 0.010554089709762531 0.007915567282321899 0.007915567282321899 0.026385224274406326 0.02374670184696569 0.010554089709762531 0.0026385224274406327 0.0052770448548812654 0.021108179419525062 0.02374670184696569 0.015831134564643797 0.0026385224274406327 0.021108179419525062 0.013192612137203163 0.007915567282321899 0.02374670184696569 0.010554089709762531 0.0 
0.007894736842105263 0.010526315789473684 0.005263157894736842 0.021052631578947368 0.010526315789473684 0.015789473684210527 0.021052631578947368 0.021052631578947368 0.02631578947368421 0.013157894736842105 0.018421052631578946 0.010526315789473684 0.013157894736842105 0.02368421052631579 0.010526315789473684 0.02631578947368421 0.018421052631578946 0.015789473684210527 0.005263157894736842 0.02368421052631579 0.007894736842105263 0.02368421052631579 0.018421052631578946 0.018421052631578946 0.018421052631578946 0.007894736842105263 0.002631578947368421 0.02631578947368421 0.015789473684210527 0.002631578947368421 0.005263157894736842 0.015789473684210527 0.005263157894736842 0.010526315789473684 0.007894736842105263 0.015789473684210527 0.018421052631578946 0.007894736842105263 0.005263157894736842 0.002631578947368421 0.010526315789473684 0.018421052631578946 0.005263157894736842 0.018421052631578946 0.021052631578947368 0.013157894736842105 0.010526315789473684 0.02368421052631579 0.007894736842105263 0.010526315789473684 0.02368421052631579 0.002631578947368421 0.010526315789473684 0.02368421052631579 0.02368421052631579 0.007894736842105263 0.02368421052631579 0.021052631578947368 0.02631578947368421 0.02631578947368421 0.015789473684210527 0.015789473684210527 0.002631578947368421 0.018421052631578946 0.010526315789473684 0.015789473684210527 0.02631578947368421 0.010526315789473684 0.0 
0.02292263610315188 0.02292263610315188 0.014326647564469925 0.002865329512893985 0.025787965616045867 0.002865329512893985 0.025787965616045867 0.025787965616045867 0.002865329512893985 0.02292263610315188 0.002865329512893985 0.025787965616045867 0.025787965616045867 0.00573065902578797 0.020057306590257895 0.01719197707736391 0.02292263610315188 0.01146131805157594 0.01719197707736391 0.008595988538681956 0.02865329512893985 0.01146131805157594 0.00573065902578797 0.01146131805157594 0.00573065902578797 0.01146131805157594 0.01146131805157594 0.01719197707736391 0.014326647564469925 0.008595988538681956 0.002865329512893985 0.008595988538681956 0.02865329512893985 0.01719197707736391 0.01719197707736391 0.02865329512893985 0.025787965616045867 0.014326647564469925 0.008595988538681956 0.002865329512893985 0.002865329512893985 0.00573065902578797 0.014326647564469925 0.025787965616045867 0.020057306590257895 0.025787965616045867 0.020057306590257895 0.014326647564469925 0.01146131805157594 0.008595988538681956 0.02292263610315188 0.014326647564469925 0.01146131805157594 0.02865329512893985 0.002865329512893985 0.008595988538681956 0.01146131805157594 0.002865329512893985 0.00573065902578797 0.00573065902578797 0.02865329512893985 0.020057306590257895 0.008595988538681956 0.00573065902578797 0.01719197707736391 0.01146131805157594 0.014326647564469925 0.02292263610315188 0.0 
0.0052770448548812654 0.0052770448548812654 0.0052770448548812654 0.026385224274406326 0.01846965699208443 0.026385224274406326 0.021108179419525062 0.007915567282321899 0.007915567282321899 0.026385224274406326 0.007915567282321899 0.021108179419525062 0.0052770448548812654 0.026385224274406326 0.02374670184696569 0.02374670184696569 0.007915567282321899 0.02374670184696569 0.007915567282321899 0.026385224274406326 0.007915567282321899 0.026385224274406326 0.01846965699208443 0.026385224274406326 0.01846965699208443 0.021108179419525062 0.0026385224274406327 0.021108179419525062 0.0052770448548812654 0.021108179419525062 0.0052770448548812654 0.01846965699208443 0.026385224274406326 0.010554089709762531 0.0052770448548812654 0.01846965699208443 0.015831134564643797 0.007915567282321899 0.007915567282321899 0.015831134564643797 0.0052770448548812654 0.01846965699208443 0.02374670184696569 0.0026385224274406327 0.021108179419525062 0.0052770448548812654 0.015831134564643797 0.0026385224274406327 0.013192612137203163 0.0026385224274406327 0.02374670184696569 0.021108179419525062 0.026385224274406326 0.0026385224274406327 0.007915567282321899 0.021108179419525062 0.01846965699208443 0.010554089709762531 0.0052770448548812654 0.026385224274406326 0.02374670184696569 0.0026385224274406327 0.021108179419525062 0.010554089709762531 0.013192612137203163 0.01846965699208443 0.0026385224274406327 0.007915567282321899 0.0 
0.016759776536312845 0.02793296089385474 0.0027932960893854745 0.005586592178770949 0.01955307262569832 0.022346368715083796 0.01955307262569832 0.022346368715083796 0.01396648044692737 0.02793296089385474 0.01396648044692737 0.008379888268156423 0.025139664804469268 0.02793296089385474 0.022346368715083796 0.016759776536312845 0.01955307262569832 0.0027932960893854745 0.008379888268156423 0.016759776536312845 0.022346368715083796 0.011173184357541898 0.016759776536312845 0.01955307262569832 0.016759776536312845 0.025139664804469268 0.005586592178770949 0.008379888268156423 0.016759776536312845 0.005586592178770949 0.022346368715083796 0.005586592178770949 0.01396648044692737 0.025139664804469268 0.0027932960893854745 0.011173184357541898 0.016759776536312845 0.016759776536312845 0.0027932960893854745 0.011173184357541898 0.0027932960893854745 0.008379888268156423 0.008379888268156423 0.008379888268156423 0.0027932960893854745 0.016759776536312845 0.005586592178770949 0.02793296089385474 0.022346368715083796 0.025139664804469268 0.01955307262569832 0.005586592178770949 0.022346368715083796 0.02793296089385474 0.01396648044692737 0.0027932960893854745 0.008379888268156423 0.025139664804469268 0.01955307262569832 0.016759776536312845 0.016759776536312845 0.016759776536312845 0.016759776536312845 0.016759776536312845 0.0027932960893854745 0.0027932960893854745 0.011173184357541898 0.008379888268156423 0.0 
0.010362694300518133 0.025906735751295328 0.010362694300518133 0.015544041450777198 0.020725388601036267 0.025906735751295328 0.025906735751295328 0.0025906735751295333 0.025906735751295328 0.01813471502590673 0.010362694300518133 0.01813471502590673 0.020725388601036267 0.0025906735751295333 0.012953367875647664 0.0025906735751295333 0.0233160621761658 0.025906735751295328 0.020725388601036267 0.015544041450777198 0.0025906735751295333 0.01813471502590673 0.005181347150259067 0.020725388601036267 0.005181347150259067 0.0233160621761658 0.012953367875647664 0.020725388601036267 0.005181347150259067 0.020725388601036267 0.012953367875647664 0.0025906735751295333 0.007772020725388599 0.005181347150259067 0.012953367875647664 0.010362694300518133 0.025906735751295328 0.0025906735751295333 0.012953367875647664 0.0233160621761658 0.0233160621761658 0.0025906735751295333 0.005181347150259067 0.007772020725388599 0.0025906735751295333 0.0025906735751295333 0.020725388601036267 0.005181347150259067 0.025906735751295328 0.025906735751295328 0.015544041450777198 0.012953367875647664 0.005181347150259067 0.005181347150259067 0.020725388601036267 0.01813471502590673 0.020725388601036267 0.015544041450777198 0.015544041450777198 0.0233160621761658 0.005181347150259067 0.012953367875647664 0.025906735751295328 0.012953367875647664 0.020725388601036267 0.020725388601036267 0.025906735751295328 0.015544041450777198 0.0 
0.014705882352941178 0.014705882352941178 0.019607843137254905 0.007352941176470589 0.007352941176470589 0.019607843137254905 0.017156862745098044 0.017156862745098044 0.019607843137254905 0.017156862745098044 0.014705882352941178 0.014705882352941178 0.012254901960784315 0.002450980392156863 0.019607843137254905 0.012254901960784315 0.019607843137254905 0.02205882352941177 0.02450980392156863 0.02205882352941177 0.019607843137254905 0.007352941176470589 0.009803921568627453 0.009803921568627453 0.007352941176470589 0.02450980392156863 0.02205882352941177 0.009803921568627453 0.02450980392156863 0.019607843137254905 0.009803921568627453 0.02205882352941177 0.019607843137254905 0.02450980392156863 0.004901960784313726 0.002450980392156863 0.014705882352941178 0.02450980392156863 0.012254901960784315 0.014705882352941178 0.007352941176470589 0.017156862745098044 0.009803921568627453 0.012254901960784315 0.02205882352941177 0.009803921568627453 0.017156862745098044 0.009803921568627453 0.002450980392156863 0.004901960784313726 0.002450980392156863 0.012254901960784315 0.02450980392156863 0.019607843137254905 0.007352941176470589 0.02450980392156863 0.02450980392156863 0.002450980392156863 0.02205882352941177 0.004901960784313726 0.02450980392156863 0.012254901960784315 0.009803921568627453 0.004901960784313726 0.02450980392156863 0.017156862745098044 0.02450980392156863 0.002450980392156863 0.0 
0.02110817941952507 0.018469656992084436 0.026385224274406337 0.026385224274406337 0.005277044854881267 0.013192612137203168 0.026385224274406337 0.026385224274406337 0.013192612137203168 0.02110817941952507 0.026385224274406337 0.02110817941952507 0.026385224274406337 0.005277044854881267 0.0026385224274406336 0.0237467018469657 0.005277044854881267 0.007915567282321902 0.02110817941952507 0.015831134564643804 0.015831134564643804 0.0026385224274406336 0.013192612137203168 0.018469656992084436 0.015831134564643804 0.007915567282321902 0.005277044854881267 0.010554089709762534 0.010554089709762534 0.026385224274406337 0.013192612137203168 0.026385224274406337 0.0026385224274406336 0.015831134564643804 0.005277044854881267 0.0026385224274406336 0.026385224274406337 0.018469656992084436 0.015831134564643804 0.0237467018469657 0.02110817941952507 0.005277044854881267 0.005277044854881267 0.005277044854881267 0.02110817941952507 0.015831134564643804 0.005277044854881267 0.013192612137203168 0.015831134564643804 0.0237467018469657 0.0237467018469657 0.013192612137203168 0.010554089709762534 0.0026385224274406336 0.013192612137203168 0.007915567282321902 0.026385224274406337 0.0026385224274406336 0.015831134564643804 0.005277044854881267 0.013192612137203168 0.013192612137203168 0.013192612137203168 0.026385224274406337 0.005277044854881267 0.018469656992084436 0.018469656992084436 0.007915567282321902 0.0 
0.019830028328611894 0.011331444759206798 0.019830028328611894 0.011331444759206798 0.005665722379603399 0.014164305949008495 0.016997167138810197 0.016997167138810197 0.019830028328611894 0.014164305949008495 0.011331444759206798 0.02549575070821529 0.008498583569405098 0.008498583569405098 0.005665722379603399 0.008498583569405098 0.011331444759206798 0.014164305949008495 0.0028328611898016994 0.02549575070821529 0.02832861189801699 0.014164305949008495 0.02549575070821529 0.016997167138810197 0.016997167138810197 0.019830028328611894 0.0028328611898016994 0.005665722379603399 0.016997167138810197 0.019830028328611894 0.016997167138810197 0.016997167138810197 0.02832861189801699 0.005665722379603399 0.022662889518413595 0.008498583569405098 0.0028328611898016994 0.016997167138810197 0.014164305949008495 0.014164305949008495 0.011331444759206798 0.02832861189801699 0.008498583569405098 0.016997167138810197 0.0028328611898016994 0.0028328611898016994 0.022662889518413595 0.0028328611898016994 0.0028328611898016994 0.005665722379603399 0.022662889518413595 0.022662889518413595 0.005665722379603399 0.014164305949008495 0.022662889518413595 0.02549575070821529 0.005665722379603399 0.0028328611898016994 0.011331444759206798 0.011331444759206798 0.02549575070821529 0.02832861189801699 0.02832861189801699 0.011331444759206798 0.014164305949008495 0.02832861189801699 0.016997167138810197 0.011331444759206798 0.0 
0.022727272727272728 0.014204545454545454 0.011363636363636364 0.005681818181818182 0.017045454545454544 0.019886363636363636 0.019886363636363636 0.022727272727272728 0.019886363636363636 0.02556818181818182 0.002840909090909091 0.005681818181818182 0.005681818181818182 0.005681818181818182 0.028409090909090908 0.002840909090909091 0.011363636363636364 0.002840909090909091 0.002840909090909091 0.008522727272727272 0.028409090909090908 0.008522727272727272 0.014204545454545454 0.002840909090909091 0.008522727272727272 0.014204545454545454 0.028409090909090908 0.022727272727272728 0.022727272727272728 0.017045454545454544 0.028409090909090908 0.002840909090909091 0.02556818181818182 0.002840909090909091 0.017045454545454544 0.02556818181818182 0.011363636363636364 0.019886363636363636 0.011363636363636364 0.008522727272727272 0.022727272727272728 0.017045454545454544 0.014204545454545454 0.019886363636363636 0.008522727272727272 0.011363636363636364 0.014204545454545454 0.008522727272727272 0.002840909090909091 0.017045454545454544 0.005681818181818182 0.022727272727272728 0.028409090909090908 0.008522727272727272 0.019886363636363636 0.005681818181818182 0.005681818181818182 0.011363636363636364 0.014204545454545454 0.028409090909090908 0.008522727272727272 0.008522727272727272 0.02556818181818182 0.028409090909090908 0.011363636363636364 0.011363636363636364 0.022727272727272728 0.019886363636363636 0.0 
0.015544041450777198 0.01813471502590673 0.01813471502590673 0.015544041450777198 0.010362694300518133 0.005181347150259067 0.01813471502590673 0.005181347150259067 0.0233160621761658 0.01813471502590673 0.0233160621761658 0.020725388601036267 0.007772020725388599 0.010362694300518133 0.007772020725388599 0.01813471502590673 0.010362694300518133 0.012953367875647664 0.015544041450777198 0.012953367875647664 0.005181347150259067 0.007772020725388599 0.025906735751295328 0.0025906735751295333 0.025906735751295328 0.015544041450777198 0.01813471502590673 0.005181347150259067 0.01813471502590673 0.01813471502590673 0.010362694300518133 0.025906735751295328 0.007772020725388599 0.020725388601036267 0.025906735751295328 0.010362694300518133 0.025906735751295328 0.025906735751295328 0.010362694300518133 0.025906735751295328 0.012953367875647664 0.010362694300518133 0.020725388601036267 0.020725388601036267 0.020725388601036267 0.020725388601036267 0.005181347150259067 0.005181347150259067 0.01813471502590673 0.015544041450777198 0.005181347150259067 0.015544041450777198 0.007772020725388599 0.012953367875647664 0.012953367875647664 0.007772020725388599 0.007772020725388599 0.025906735751295328 0.015544041450777198 0.01813471502590673 0.007772020725388599 0.007772020725388599 0.007772020725388599 0.010362694300518133 0.025906735751295328 0.007772020725388599 0.01813471502590673 0.015544041450777198 0.0 
0.02695417789757412 0.005390835579514824 0.018867924528301883 0.002695417789757412 0.01347708894878706 0.02695417789757412 0.01347708894878706 0.016172506738544472 0.005390835579514824 0.01347708894878706 0.016172506738544472 0.024258760107816704 0.010781671159029648 0.024258760107816704 0.024258760107816704 0.005390835579514824 0.018867924528301883 0.024258760107816704 0.01347708894878706 0.018867924528301883 0.016172506738544472 0.018867924528301883 0.002695417789757412 0.005390835579514824 0.018867924528301883 0.021563342318059297 0.005390835579514824 0.021563342318059297 0.018867924528301883 0.002695417789757412 0.018867924528301883 0.021563342318059297 0.002695417789757412 0.024258760107816704 0.02695417789757412 0.010781671159029648 0.016172506738544472 0.02695417789757412 0.01347708894878706 0.002695417789757412 0.008086253369272236 0.005390835579514824 0.02695417789757412 0.018867924528301883 0.002695417789757412 0.005390835579514824 0.021563342318059297 0.01347708894878706 0.01347708894878706 0.008086253369272236 0.002695417789757412 0.005390835579514824 0.024258760107816704 0.008086253369272236 0.018867924528301883 0.010781671159029648 0.010781671159029648 0.024258760107816704 0.018867924528301883 0.021563342318059297 0.010781671159029648 0.010781671159029648 0.008086253369272236 0.008086253369272236 0.02695417789757412 0.008086253369272236 0.01347708894878706 0.024258760107816704 0.0 
0.028653295128939847 0.02005730659025789 0.008595988538681954 0.022922636103151876 0.022922636103151876 0.014326647564469924 0.02005730659025789 0.0028653295128939845 0.02005730659025789 0.022922636103151876 0.0028653295128939845 0.022922636103151876 0.011461318051575938 0.014326647564469924 0.0028653295128939845 0.02005730659025789 0.02005730659025789 0.0028653295128939845 0.02578796561604586 0.005730659025787969 0.02578796561604586 0.0028653295128939845 0.011461318051575938 0.014326647564469924 0.008595988538681954 0.014326647564469924 0.02578796561604586 0.017191977077363908 0.0028653295128939845 0.028653295128939847 0.005730659025787969 0.005730659025787969 0.011461318051575938 0.028653295128939847 0.0028653295128939845 0.011461318051575938 0.028653295128939847 0.0028653295128939845 0.028653295128939847 0.008595988538681954 0.022922636103151876 0.017191977077363908 0.014326647564469924 0.011461318051575938 0.008595988538681954 0.0028653295128939845 0.022922636103151876 0.005730659025787969 0.0028653295128939845 0.0028653295128939845 0.005730659025787969 0.008595988538681954 0.008595988538681954 0.017191977077363908 0.028653295128939847 0.017191977077363908 0.011461318051575938 0.0028653295128939845 0.022922636103151876 0.02578796561604586 0.02005730659025789 0.0028653295128939845 0.017191977077363908 0.022922636103151876 0.008595988538681954 0.02578796561604586 0.02578796561604586 0.017191977077363908 0.0 
0.0178117048346056 0.0178117048346056 0.0076335877862595426 0.020356234096692117 0.025445292620865142 0.0178117048346056 0.012722646310432571 0.015267175572519085 0.015267175572519085 0.012722646310432571 0.025445292620865142 0.025445292620865142 0.0076335877862595426 0.025445292620865142 0.0076335877862595426 0.020356234096692117 0.015267175572519085 0.005089058524173029 0.012722646310432571 0.015267175572519085 0.02290076335877863 0.025445292620865142 0.0178117048346056 0.020356234096692117 0.005089058524173029 0.02290076335877863 0.005089058524173029 0.012722646310432571 0.010178117048346058 0.0178117048346056 0.020356234096692117 0.02290076335877863 0.010178117048346058 0.0025445292620865146 0.0025445292620865146 0.015267175572519085 0.0025445292620865146 0.0076335877862595426 0.025445292620865142 0.012722646310432571 0.020356234096692117 0.0178117048346056 0.0076335877862595426 0.020356234096692117 0.015267175572519085 0.0076335877862595426 0.010178117048346058 0.010178117048346058 0.015267175572519085 0.020356234096692117 0.0178117048346056 0.020356234096692117 0.02290076335877863 0.005089058524173029 0.020356234096692117 0.005089058524173029 0.015267175572519085 0.020356234096692117 0.010178117048346058 0.0178117048346056 0.012722646310432571 0.005089058524173029 0.025445292620865142 0.015267175572519085 0.005089058524173029 0.0076335877862595426 0.015267175572519085 0.0076335877862595426 0.0 
0.017341040462427737 0.002890173410404623 0.011560693641618491 0.02023121387283236 0.017341040462427737 0.008670520231213869 0.002890173410404623 0.02023121387283236 0.008670520231213869 0.011560693641618491 0.005780346820809246 0.02023121387283236 0.011560693641618491 0.011560693641618491 0.017341040462427737 0.02023121387283236 0.02023121387283236 0.014450867052023114 0.008670520231213869 0.011560693641618491 0.011560693641618491 0.017341040462427737 0.023121387283236983 0.017341040462427737 0.014450867052023114 0.02601156069364161 0.02890173410404623 0.02601156069364161 0.014450867052023114 0.02601156069364161 0.023121387283236983 0.008670520231213869 0.017341040462427737 0.002890173410404623 0.008670520231213869 0.011560693641618491 0.008670520231213869 0.02023121387283236 0.008670520231213869 0.017341040462427737 0.011560693641618491 0.023121387283236983 0.014450867052023114 0.017341040462427737 0.014450867052023114 0.014450867052023114 0.02890173410404623 0.011560693641618491 0.002890173410404623 0.017341040462427737 0.005780346820809246 0.02601156069364161 0.02023121387283236 0.017341040462427737 0.008670520231213869 0.008670520231213869 0.005780346820809246 0.008670520231213869 0.02601156069364161 0.008670520231213869 0.02890173410404623 0.002890173410404623 0.017341040462427737 0.002890173410404623 0.002890173410404623 0.023121387283236983 0.02601156069364161 0.008670520231213869 0.0 
0.007936507936507934 0.007936507936507934 0.013227513227513223 0.026455026455026447 0.007936507936507934 0.007936507936507934 0.018518518518518514 0.01587301587301587 0.026455026455026447 0.00529100529100529 0.013227513227513223 0.0238095238095238 0.0238095238095238 0.02116402116402116 0.013227513227513223 0.01587301587301587 0.00529100529100529 0.013227513227513223 0.01058201058201058 0.002645502645502645 0.013227513227513223 0.01058201058201058 0.00529100529100529 0.026455026455026447 0.002645502645502645 0.01587301587301587 0.01058201058201058 0.018518518518518514 0.026455026455026447 0.026455026455026447 0.00529100529100529 0.018518518518518514 0.00529100529100529 0.0238095238095238 0.018518518518518514 0.026455026455026447 0.002645502645502645 0.01058201058201058 0.00529100529100529 0.007936507936507934 0.0238095238095238 0.01058201058201058 0.013227513227513223 0.013227513227513223 0.002645502645502645 0.01058201058201058 0.026455026455026447 0.0238095238095238 0.026455026455026447 0.00529100529100529 0.026455026455026447 0.013227513227513223 0.01058201058201058 0.00529100529100529 0.026455026455026447 0.026455026455026447 0.026455026455026447 0.01587301587301587 0.007936507936507934 0.01587301587301587 0.01058201058201058 0.002645502645502645 0.01587301587301587 0.01587301587301587 0.01058201058201058 0.02116402116402116 0.007936507936507934 0.0238095238095238 0.0 
0.005115089514066497 0.010230179028132993 0.020460358056265986 0.015345268542199489 0.0076726342710997444 0.0076726342710997444 0.015345268542199489 0.020460358056265986 0.017902813299232736 0.015345268542199489 0.017902813299232736 0.023017902813299233 0.02557544757033248 0.023017902813299233 0.01278772378516624 0.010230179028132993 0.005115089514066497 0.02557544757033248 0.02557544757033248 0.005115089514066497 0.020460358056265986 0.020460358056265986 0.010230179028132993 0.02557544757033248 0.020460358056265986 0.02557544757033248 0.0076726342710997444 0.023017902813299233 0.005115089514066497 0.017902813299232736 0.023017902813299233 0.0025575447570332483 0.0025575447570332483 0.02557544757033248 0.0076726342710997444 0.02557544757033248 0.015345268542199489 0.017902813299232736 0.02557544757033248 0.005115089514066497 0.010230179028132993 0.0025575447570332483 0.010230179028132993 0.0076726342710997444 0.010230179028132993 0.023017902813299233 0.010230179028132993 0.015345268542199489 0.0025575447570332483 0.015345268542199489 0.005115089514066497 0.005115089514066497 0.0076726342710997444 0.015345268542199489 0.015345268542199489 0.0025575447570332483 0.023017902813299233 0.02557544757033248 0.015345268542199489 0.005115089514066497 0.02557544757033248 0.023017902813299233 0.005115089514066497 0.017902813299232736 0.020460358056265986 0.0076726342710997444 0.02557544757033248 0.010230179028132993 0.0 
0.02493074792243768 0.0027700831024930752 0.016620498614958453 0.008310249307479227 0.016620498614958453 0.013850415512465377 0.013850415512465377 0.0027700831024930752 0.022160664819944602 0.011080332409972301 0.019390581717451526 0.02493074792243768 0.0055401662049861505 0.011080332409972301 0.0027700831024930752 0.008310249307479227 0.013850415512465377 0.02493074792243768 0.019390581717451526 0.013850415512465377 0.013850415512465377 0.008310249307479227 0.022160664819944602 0.0027700831024930752 0.011080332409972301 0.027700831024930754 0.016620498614958453 0.027700831024930754 0.013850415512465377 0.027700831024930754 0.011080332409972301 0.022160664819944602 0.0055401662049861505 0.0055401662049861505 0.008310249307479227 0.013850415512465377 0.0055401662049861505 0.019390581717451526 0.027700831024930754 0.019390581717451526 0.019390581717451526 0.022160664819944602 0.0027700831024930752 0.016620498614958453 0.02493074792243768 0.022160664819944602 0.016620498614958453 0.016620498614958453 0.02493074792243768 0.008310249307479227 0.016620498614958453 0.013850415512465377 0.008310249307479227 0.016620498614958453 0.011080332409972301 0.016620498614958453 0.011080332409972301 0.011080332409972301 0.011080332409972301 0.019390581717451526 0.011080332409972301 0.019390581717451526 0.008310249307479227 0.0027700831024930752 0.016620498614958453 0.013850415512465377 0.022160664819944602 0.008310249307479227 0.0 
0.023560209424083763 0.01308900523560209 0.018324607329842927 0.005235602094240837 0.0026178010471204186 0.007853403141361254 0.005235602094240837 0.01308900523560209 0.005235602094240837 0.018324607329842927 0.007853403141361254 0.018324607329842927 0.02094240837696335 0.02094240837696335 0.023560209424083763 0.010471204188481674 0.02617801047120418 0.018324607329842927 0.023560209424083763 0.02617801047120418 0.007853403141361254 0.007853403141361254 0.0026178010471204186 0.01308900523560209 0.018324607329842927 0.02094240837696335 0.005235602094240837 0.010471204188481674 0.023560209424083763 0.018324607329842927 0.018324607329842927 0.01308900523560209 0.005235602094240837 0.01308900523560209 0.007853403141361254 0.02617801047120418 0.023560209424083763 0.02094240837696335 0.018324607329842927 0.02094240837696335 0.023560209424083763 0.007853403141361254 0.007853403141361254 0.007853403141361254 0.01570680628272251 0.01570680628272251 0.018324607329842927 0.018324607329842927 0.02094240837696335 0.02094240837696335 0.018324607329842927 0.02617801047120418 0.010471204188481674 0.007853403141361254 0.010471204188481674 0.018324607329842927 0.010471204188481674 0.023560209424083763 0.0026178010471204186 0.0026178010471204186 0.01570680628272251 0.018324607329842927 0.02094240837696335 0.007853403141361254 0.01308900523560209 0.0026178010471204186 0.018324607329842927 0.010471204188481674 0.0 
0.005434782608695652 0.016304347826086956 0.01358695652173913 0.02717391304347826 0.008152173913043478 0.024456521739130436 0.002717391304347826 0.005434782608695652 0.010869565217391304 0.024456521739130436 0.024456521739130436 0.002717391304347826 0.021739130434782608 0.016304347826086956 0.002717391304347826 0.008152173913043478 0.021739130434782608 0.002717391304347826 0.021739130434782608 0.002717391304347826 0.016304347826086956 0.005434782608695652 0.008152173913043478 0.01358695652173913 0.02717391304347826 0.016304347826086956 0.008152173913043478 0.021739130434782608 0.024456521739130436 0.021739130434782608 0.01358695652173913 0.021739130434782608 0.01358695652173913 0.002717391304347826 0.005434782608695652 0.008152173913043478 0.02717391304347826 0.021739130434782608 0.016304347826086956 0.02717391304347826 0.021739130434782608 0.019021739130434784 0.016304347826086956 0.02717391304347826 0.02717391304347826 0.019021739130434784 0.024456521739130436 0.016304347826086956 0.01358695652173913 0.010869565217391304 0.002717391304347826 0.024456521739130436 0.010869565217391304 0.01358695652173913 0.002717391304347826 0.019021739130434784 0.008152173913043478 0.008152173913043478 0.008152173913043478 0.01358695652173913 0.010869565217391304 0.016304347826086956 0.002717391304347826 0.019021739130434784 0.019021739130434784 0.002717391304347826 0.016304347826086956 0.021739130434782608 0.0 
0.02015113350125945 0.01763224181360202 0.015113350125944587 0.025188916876574315 0.012594458438287158 0.005037783375314862 0.015113350125944587 0.025188916876574315 0.012594458438287158 0.02267002518891688 0.02267002518891688 0.012594458438287158 0.025188916876574315 0.01763224181360202 0.02015113350125945 0.015113350125944587 0.02015113350125945 0.002518891687657431 0.02015113350125945 0.02267002518891688 0.01763224181360202 0.012594458438287158 0.025188916876574315 0.025188916876574315 0.012594458438287158 0.015113350125944587 0.015113350125944587 0.025188916876574315 0.012594458438287158 0.02015113350125945 0.02267002518891688 0.02267002518891688 0.02015113350125945 0.015113350125944587 0.010075566750629724 0.012594458438287158 0.012594458438287158 0.02015113350125945 0.005037783375314862 0.002518891687657431 0.007556675062972294 0.010075566750629724 0.015113350125944587 0.002518891687657431 0.002518891687657431 0.015113350125944587 0.02015113350125945 0.007556675062972294 0.01763224181360202 0.002518891687657431 0.010075566750629724 0.025188916876574315 0.012594458438287158 0.01763224181360202 0.015113350125944587 0.02015113350125945 0.010075566750629724 0.012594458438287158 0.010075566750629724 0.005037783375314862 0.005037783375314862 0.005037783375314862 0.005037783375314862 0.002518891687657431 0.01763224181360202 0.02015113350125945 0.01763224181360202 0.012594458438287158 0.0 
0.02072538860103627 0.010362694300518135 0.007772020725388601 0.012953367875647668 0.025906735751295335 0.023316062176165803 0.025906735751295335 0.015544041450777202 0.0051813471502590676 0.023316062176165803 0.0051813471502590676 0.0025906735751295338 0.025906735751295335 0.023316062176165803 0.012953367875647668 0.023316062176165803 0.0025906735751295338 0.018134715025906734 0.012953367875647668 0.018134715025906734 0.0025906735751295338 0.023316062176165803 0.015544041450777202 0.010362694300518135 0.023316062176165803 0.025906735751295335 0.02072538860103627 0.02072538860103627 0.023316062176165803 0.025906735751295335 0.007772020725388601 0.015544041450777202 0.012953367875647668 0.025906735751295335 0.023316062176165803 0.018134715025906734 0.025906735751295335 0.015544041450777202 0.012953367875647668 0.023316062176165803 0.015544041450777202 0.0051813471502590676 0.0025906735751295338 0.02072538860103627 0.0025906735751295338 0.012953367875647668 0.0025906735751295338 0.015544041450777202 0.012953367875647668 0.02072538860103627 0.0051813471502590676 0.0051813471502590676 0.0025906735751295338 0.010362694300518135 0.0051813471502590676 0.0025906735751295338 0.010362694300518135 0.0051813471502590676 0.018134715025906734 0.0051813471502590676 0.025906735751295335 0.015544041450777202 0.015544041450777202 0.018134715025906734 0.012953367875647668 0.025906735751295335 0.007772020725388601 0.007772020725388601 0.0 
0.0237467018469657 0.005277044854881267 0.005277044854881267 0.007915567282321902 0.015831134564643804 0.005277044854881267 0.015831134564643804 0.02110817941952507 0.010554089709762534 0.0026385224274406336 0.018469656992084436 0.005277044854881267 0.018469656992084436 0.005277044854881267 0.02110817941952507 0.005277044854881267 0.02110817941952507 0.015831134564643804 0.018469656992084436 0.0237467018469657 0.005277044854881267 0.013192612137203168 0.013192612137203168 0.007915567282321902 0.02110817941952507 0.010554089709762534 0.0237467018469657 0.0026385224274406336 0.0237467018469657 0.02110817941952507 0.0237467018469657 0.007915567282321902 0.026385224274406337 0.026385224274406337 0.018469656992084436 0.02110817941952507 0.018469656992084436 0.007915567282321902 0.013192612137203168 0.02110817941952507 0.010554089709762534 0.02110817941952507 0.007915567282321902 0.0237467018469657 0.005277044854881267 0.026385224274406337 0.0026385224274406336 0.013192612137203168 0.013192612137203168 0.02110817941952507 0.02110817941952507 0.010554089709762534 0.026385224274406337 0.018469656992084436 0.015831134564643804 0.02110817941952507 0.005277044854881267 0.005277044854881267 0.0026385224274406336 0.02110817941952507 0.007915567282321902 0.015831134564643804 0.02110817941952507 0.010554089709762534 0.0026385224274406336 0.026385224274406337 0.0237467018469657 0.005277044854881267 0.0 
0.008021390374331552 0.013368983957219251 0.008021390374331552 0.0106951871657754 0.0053475935828877 0.02406417112299465 0.0213903743315508 0.013368983957219251 0.00267379679144385 0.026737967914438502 0.0213903743315508 0.0106951871657754 0.026737967914438502 0.008021390374331552 0.01871657754010695 0.008021390374331552 0.01871657754010695 0.0053475935828877 0.013368983957219251 0.0106951871657754 0.0106951871657754 0.013368983957219251 0.00267379679144385 0.01871657754010695 0.02406417112299465 0.026737967914438502 0.0213903743315508 0.00267379679144385 0.02406417112299465 0.02406417112299465 0.01871657754010695 0.026737967914438502 0.0053475935828877 0.026737967914438502 0.016042780748663103 0.0106951871657754 0.02406417112299465 0.02406417112299465 0.0106951871657754 0.0213903743315508 0.026737967914438502 0.016042780748663103 0.016042780748663103 0.016042780748663103 0.02406417112299465 0.008021390374331552 0.0053475935828877 0.0213903743315508 0.0053475935828877 0.00267379679144385 0.00267379679144385 0.026737967914438502 0.016042780748663103 0.016042780748663103 0.0053475935828877 0.01871657754010695 0.013368983957219251 0.008021390374331552 0.00267379679144385 0.01871657754010695 0.0053475935828877 0.008021390374331552 0.013368983957219251 0.0106951871657754 0.02406417112299465 0.0053475935828877 0.008021390374331552 0.026737967914438502 0.0 
0.017142857142857144 0.025714285714285714 0.008571428571428572 0.008571428571428572 0.005714285714285714 0.02857142857142857 0.002857142857142857 0.011428571428571429 0.011428571428571429 0.025714285714285714 0.02 0.014285714285714285 0.02 0.025714285714285714 0.008571428571428572 0.017142857142857144 0.022857142857142857 0.02 0.005714285714285714 0.008571428571428572 0.022857142857142857 0.011428571428571429 0.025714285714285714 0.014285714285714285 0.022857142857142857 0.017142857142857144 0.022857142857142857 0.02 0.017142857142857144 0.025714285714285714 0.017142857142857144 0.008571428571428572 0.011428571428571429 0.017142857142857144 0.02 0.011428571428571429 0.008571428571428572 0.005714285714285714 0.022857142857142857 0.022857142857142857 0.011428571428571429 0.017142857142857144 0.005714285714285714 0.011428571428571429 0.014285714285714285 0.02 0.011428571428571429 0.025714285714285714 0.008571428571428572 0.008571428571428572 0.005714285714285714 0.002857142857142857 0.017142857142857144 0.02 0.022857142857142857 0.011428571428571429 0.002857142857142857 0.008571428571428572 0.002857142857142857 0.011428571428571429 0.002857142857142857 0.005714285714285714 0.014285714285714285 0.002857142857142857 0.014285714285714285 0.025714285714285714 0.02857142857142857 0.011428571428571429 0.0 
0.01366120218579234 0.002732240437158468 0.002732240437158468 0.021857923497267746 0.008196721311475405 0.021857923497267746 0.02732240437158468 0.021857923497267746 0.02459016393442621 0.021857923497267746 0.02732240437158468 0.002732240437158468 0.019125683060109276 0.01639344262295081 0.019125683060109276 0.02459016393442621 0.021857923497267746 0.021857923497267746 0.02732240437158468 0.010928961748633873 0.002732240437158468 0.008196721311475405 0.002732240437158468 0.01639344262295081 0.010928961748633873 0.005464480874316936 0.02459016393442621 0.008196721311475405 0.002732240437158468 0.005464480874316936 0.01639344262295081 0.010928961748633873 0.008196721311475405 0.010928961748633873 0.01366120218579234 0.005464480874316936 0.008196721311475405 0.01366120218579234 0.019125683060109276 0.005464480874316936 0.008196721311475405 0.019125683060109276 0.01366120218579234 0.01366120218579234 0.010928961748633873 0.019125683060109276 0.01366120218579234 0.008196721311475405 0.01366120218579234 0.02459016393442621 0.019125683060109276 0.002732240437158468 0.019125683060109276 0.010928961748633873 0.02459016393442621 0.01366120218579234 0.02459016393442621 0.008196721311475405 0.02732240437158468 0.005464480874316936 0.01639344262295081 0.01366120218579234 0.008196721311475405 0.02732240437158468 0.021857923497267746 0.01639344262295081 0.019125683060109276 0.019125683060109276 0.0 
0.006006006006006008 0.015015015015015018 0.01801801801801802 0.006006006006006008 0.01801801801801802 0.01801801801801802 0.006006006006006008 0.00900900900900901 0.003003003003003004 0.02402402402402403 0.015015015015015018 0.021021021021021026 0.015015015015015018 0.030030030030030037 0.01801801801801802 0.012012012012012015 0.003003003003003004 0.006006006006006008 0.027027027027027035 0.003003003003003004 0.006006006006006008 0.006006006006006008 0.012012012012012015 0.012012012012012015 0.015015015015015018 0.00900900900900901 0.02402402402402403 0.012012012012012015 0.02402402402402403 0.012012012012012015 0.02402402402402403 0.030030030030030037 0.012012012012012015 0.021021021021021026 0.015015015015015018 0.02402402402402403 0.02402402402402403 0.012012012012012015 0.015015015015015018 0.030030030030030037 0.02402402402402403 0.012012012012012015 0.006006006006006008 0.00900900900900901 0.006006006006006008 0.02402402402402403 0.021021021021021026 0.021021021021021026 0.030030030030030037 0.021021021021021026 0.006006006006006008 0.006006006006006008 0.006006006006006008 0.003003003003003004 0.003003003003003004 0.006006006006006008 0.021021021021021026 0.00900900900900901 0.02402402402402403 0.012012012012012015 0.01801801801801802 0.006006006006006008 0.02402402402402403 0.006006006006006008 0.015015015015015018 0.021021021021021026 0.012012012012012015 0.015015015015015018 0.0 
0.005263157894736845 0.007894736842105267 0.018421052631578953 0.0026315789473684223 0.01315789473684211 0.0236842105263158 0.007894736842105267 0.005263157894736845 0.007894736842105267 0.018421052631578953 0.018421052631578953 0.02631578947368422 0.005263157894736845 0.018421052631578953 0.007894736842105267 0.018421052631578953 0.01315789473684211 0.007894736842105267 0.0236842105263158 0.01052631578947369 0.005263157894736845 0.02631578947368422 0.01052631578947369 0.0236842105263158 0.01315789473684211 0.005263157894736845 0.01052631578947369 0.018421052631578953 0.0026315789473684223 0.01052631578947369 0.0026315789473684223 0.01315789473684211 0.02631578947368422 0.01315789473684211 0.018421052631578953 0.005263157894736845 0.02105263157894738 0.005263157894736845 0.01315789473684211 0.01315789473684211 0.0026315789473684223 0.01315789473684211 0.02105263157894738 0.01315789473684211 0.0236842105263158 0.0236842105263158 0.01052631578947369 0.0236842105263158 0.02105263157894738 0.015789473684210534 0.0236842105263158 0.005263157894736845 0.018421052631578953 0.018421052631578953 0.0236842105263158 0.0236842105263158 0.0026315789473684223 0.0236842105263158 0.01052631578947369 0.018421052631578953 0.018421052631578953 0.02105263157894738 0.02631578947368422 0.005263157894736845 0.007894736842105267 0.02631578947368422 0.0236842105263158 0.015789473684210534 0.0 
0.005063291139240503 0.017721518987341763 0.005063291139240503 0.0025316455696202515 0.025316455696202514 0.017721518987341763 0.007594936708860754 0.010126582278481006 0.015189873417721508 0.007594936708860754 0.007594936708860754 0.012658227848101257 0.025316455696202514 0.025316455696202514 0.022784810126582265 0.020253164556962012 0.020253164556962012 0.015189873417721508 0.015189873417721508 0.015189873417721508 0.010126582278481006 0.012658227848101257 0.0025316455696202515 0.007594936708860754 0.017721518987341763 0.005063291139240503 0.015189873417721508 0.020253164556962012 0.007594936708860754 0.022784810126582265 0.005063291139240503 0.017721518987341763 0.022784810126582265 0.015189873417721508 0.022784810126582265 0.010126582278481006 0.022784810126582265 0.0025316455696202515 0.015189873417721508 0.005063291139240503 0.022784810126582265 0.022784810126582265 0.010126582278481006 0.020253164556962012 0.025316455696202514 0.025316455696202514 0.020253164556962012 0.022784810126582265 0.0025316455696202515 0.025316455696202514 0.010126582278481006 0.022784810126582265 0.010126582278481006 0.025316455696202514 0.0025316455696202515 0.012658227848101257 0.0025316455696202515 0.010126582278481006 0.025316455696202514 0.012658227848101257 0.005063291139240503 0.017721518987341763 0.025316455696202514 0.010126582278481006 0.022784810126582265 0.0025316455696202515 0.012658227848101257 0.017721518987341763 0.0 
0.0060790273556231055 0.012158054711246211 0.009118541033434659 0.0030395136778115527 0.03039513677811553 0.012158054711246211 0.009118541033434659 0.0060790273556231055 0.024316109422492422 0.0030395136778115527 0.0030395136778115527 0.03039513677811553 0.018237082066869317 0.03039513677811553 0.012158054711246211 0.024316109422492422 0.027355623100303976 0.009118541033434659 0.012158054711246211 0.015197568389057765 0.012158054711246211 0.0060790273556231055 0.0030395136778115527 0.015197568389057765 0.021276595744680868 0.021276595744680868 0.012158054711246211 0.027355623100303976 0.021276595744680868 0.024316109422492422 0.0060790273556231055 0.021276595744680868 0.015197568389057765 0.012158054711246211 0.021276595744680868 0.03039513677811553 0.03039513677811553 0.012158054711246211 0.012158054711246211 0.009118541033434659 0.0030395136778115527 0.0060790273556231055 0.0030395136778115527 0.021276595744680868 0.0060790273556231055 0.009118541033434659 0.015197568389057765 0.0030395136778115527 0.009118541033434659 0.012158054711246211 0.018237082066869317 0.018237082066869317 0.027355623100303976 0.012158054711246211 0.012158054711246211 0.012158054711246211 0.015197568389057765 0.027355623100303976 0.018237082066869317 0.0060790273556231055 0.018237082066869317 0.0060790273556231055 0.024316109422492422 0.012158054711246211 0.0060790273556231055 0.0030395136778115527 0.03039513677811553 0.012158054711246211 0.0 
0.014044943820224715 0.0028089887640449433 0.025280898876404487 0.0028089887640449433 0.022471910112359546 0.011235955056179773 0.011235955056179773 0.005617977528089887 0.00842696629213483 0.02808988764044943 0.005617977528089887 0.02808988764044943 0.0028089887640449433 0.019662921348314603 0.011235955056179773 0.0028089887640449433 0.025280898876404487 0.025280898876404487 0.019662921348314603 0.011235955056179773 0.011235955056179773 0.014044943820224715 0.0028089887640449433 0.019662921348314603 0.019662921348314603 0.02808988764044943 0.02808988764044943 0.0028089887640449433 0.011235955056179773 0.01685393258426966 0.014044943820224715 0.019662921348314603 0.005617977528089887 0.025280898876404487 0.025280898876404487 0.00842696629213483 0.0028089887640449433 0.01685393258426966 0.005617977528089887 0.025280898876404487 0.005617977528089887 0.005617977528089887 0.02808988764044943 0.014044943820224715 0.011235955056179773 0.005617977528089887 0.01685393258426966 0.025280898876404487 0.022471910112359546 0.019662921348314603 0.01685393258426966 0.011235955056179773 0.022471910112359546 0.011235955056179773 0.025280898876404487 0.005617977528089887 0.019662921348314603 0.025280898876404487 0.005617977528089887 0.022471910112359546 0.005617977528089887 0.01685393258426966 0.005617977528089887 0.011235955056179773 0.022471910112359546 0.011235955056179773 0.011235955056179773 0.00842696629213483 0.0 
0.014880952380952382 0.00892857142857143 0.02380952380952381 0.00892857142857143 0.011904761904761906 0.005952380952380953 0.026785714285714288 0.029761904761904764 0.011904761904761906 0.014880952380952382 0.020833333333333336 0.0029761904761904765 0.029761904761904764 0.026785714285714288 0.01785714285714286 0.026785714285714288 0.0029761904761904765 0.02380952380952381 0.014880952380952382 0.020833333333333336 0.020833333333333336 0.00892857142857143 0.014880952380952382 0.00892857142857143 0.00892857142857143 0.02380952380952381 0.005952380952380953 0.026785714285714288 0.014880952380952382 0.0029761904761904765 0.0029761904761904765 0.005952380952380953 0.014880952380952382 0.00892857142857143 0.01785714285714286 0.005952380952380953 0.005952380952380953 0.005952380952380953 0.00892857142857143 0.0029761904761904765 0.014880952380952382 0.0029761904761904765 0.011904761904761906 0.005952380952380953 0.0029761904761904765 0.02380952380952381 0.00892857142857143 0.011904761904761906 0.01785714285714286 0.00892857142857143 0.026785714285714288 0.02380952380952381 0.020833333333333336 0.01785714285714286 0.01785714285714286 0.02380952380952381 0.02380952380952381 0.0029761904761904765 0.026785714285714288 0.005952380952380953 0.011904761904761906 0.020833333333333336 0.020833333333333336 0.0029761904761904765 0.00892857142857143 0.029761904761904764 0.026785714285714288 0.014880952380952382 0.0 
0.018567639257294426 0.026525198938992037 0.0026525198938992037 0.02387267904509283 0.007957559681697611 0.007957559681697611 0.0026525198938992037 0.010610079575596815 0.02387267904509283 0.018567639257294426 0.015915119363395222 0.02122015915119363 0.015915119363395222 0.005305039787798407 0.026525198938992037 0.015915119363395222 0.026525198938992037 0.015915119363395222 0.005305039787798407 0.0026525198938992037 0.015915119363395222 0.02387267904509283 0.007957559681697611 0.02387267904509283 0.005305039787798407 0.02122015915119363 0.02387267904509283 0.013262599469496018 0.010610079575596815 0.015915119363395222 0.018567639257294426 0.015915119363395222 0.018567639257294426 0.010610079575596815 0.015915119363395222 0.007957559681697611 0.010610079575596815 0.018567639257294426 0.005305039787798407 0.0026525198938992037 0.013262599469496018 0.015915119363395222 0.02122015915119363 0.02387267904509283 0.005305039787798407 0.005305039787798407 0.013262599469496018 0.010610079575596815 0.026525198938992037 0.005305039787798407 0.02122015915119363 0.018567639257294426 0.026525198938992037 0.015915119363395222 0.015915119363395222 0.015915119363395222 0.005305039787798407 0.007957559681697611 0.02122015915119363 0.007957559681697611 0.005305039787798407 0.015915119363395222 0.007957559681697611 0.007957559681697611 0.013262599469496018 0.02122015915119363 0.026525198938992037 0.02387267904509283 0.0 
0.01955307262569832 0.008379888268156423 0.02793296089385474 0.025139664804469268 0.005586592178770949 0.022346368715083796 0.02793296089385474 0.01955307262569832 0.005586592178770949 0.022346368715083796 0.01396648044692737 0.005586592178770949 0.025139664804469268 0.011173184357541898 0.0027932960893854745 0.025139664804469268 0.008379888268156423 0.0027932960893854745 0.005586592178770949 0.01955307262569832 0.022346368715083796 0.01396648044692737 0.008379888268156423 0.02793296089385474 0.005586592178770949 0.01955307262569832 0.01396648044692737 0.01396648044692737 0.01955307262569832 0.01396648044692737 0.0027932960893854745 0.016759776536312845 0.011173184357541898 0.022346368715083796 0.01955307262569832 0.025139664804469268 0.005586592178770949 0.01955307262569832 0.02793296089385474 0.0027932960893854745 0.008379888268156423 0.01955307262569832 0.01396648044692737 0.016759776536312845 0.005586592178770949 0.0027932960893854745 0.01396648044692737 0.022346368715083796 0.01955307262569832 0.01955307262569832 0.005586592178770949 0.0027932960893854745 0.01955307262569832 0.02793296089385474 0.0027932960893854745 0.01396648044692737 0.0027932960893854745 0.0027932960893854745 0.011173184357541898 0.011173184357541898 0.022346368715083796 0.022346368715083796 0.01396648044692737 0.022346368715083796 0.005586592178770949 0.005586592178770949 0.025139664804469268 0.022346368715083796 0.0 
0.011661807580174927 0.023323615160349854 0.02040816326530612 0.0029154518950437317 0.011661807580174927 0.008746355685131196 0.0029154518950437317 0.0058309037900874635 0.01749271137026239 0.02040816326530612 0.023323615160349854 0.0058309037900874635 0.029154518950437316 0.026239067055393587 0.02040816326530612 0.0029154518950437317 0.0029154518950437317 0.014577259475218658 0.029154518950437316 0.026239067055393587 0.014577259475218658 0.011661807580174927 0.02040816326530612 0.02040816326530612 0.023323615160349854 0.023323615160349854 0.02040816326530612 0.02040816326530612 0.02040816326530612 0.014577259475218658 0.01749271137026239 0.0029154518950437317 0.01749271137026239 0.014577259475218658 0.023323615160349854 0.026239067055393587 0.011661807580174927 0.008746355685131196 0.0029154518950437317 0.014577259475218658 0.01749271137026239 0.008746355685131196 0.008746355685131196 0.011661807580174927 0.01749271137026239 0.011661807580174927 0.0058309037900874635 0.008746355685131196 0.0058309037900874635 0.029154518950437316 0.02040816326530612 0.01749271137026239 0.01749271137026239 0.029154518950437316 0.0029154518950437317 0.014577259475218658 0.0058309037900874635 0.008746355685131196 0.008746355685131196 0.01749271137026239 0.023323615160349854 0.0058309037900874635 0.023323615160349854 0.0029154518950437317 0.01749271137026239 0.0029154518950437317 0.014577259475218658 0.0058309037900874635 0.0 
0.0084985835694051 0.0028328611898017 0.0113314447592068 0.0028328611898017 0.0169971671388102 0.0028328611898017 0.019830028328611898 0.028328611898016998 0.0028328611898017 0.0056657223796034 0.0084985835694051 0.0028328611898017 0.019830028328611898 0.0226628895184136 0.0226628895184136 0.0056657223796034 0.0056657223796034 0.014164305949008499 0.014164305949008499 0.0084985835694051 0.019830028328611898 0.0113314447592068 0.0113314447592068 0.0028328611898017 0.0056657223796034 0.0113314447592068 0.019830028328611898 0.025495750708215296 0.0084985835694051 0.0169971671388102 0.028328611898016998 0.028328611898016998 0.019830028328611898 0.0028328611898017 0.0113314447592068 0.0113314447592068 0.025495750708215296 0.0028328611898017 0.025495750708215296 0.0169971671388102 0.0169971671388102 0.0226628895184136 0.028328611898016998 0.0113314447592068 0.028328611898016998 0.0056657223796034 0.0084985835694051 0.014164305949008499 0.019830028328611898 0.0226628895184136 0.028328611898016998 0.0169971671388102 0.025495750708215296 0.019830028328611898 0.014164305949008499 0.0113314447592068 0.014164305949008499 0.0028328611898017 0.0226628895184136 0.0056657223796034 0.0028328611898017 0.0028328611898017 0.028328611898016998 0.014164305949008499 0.0169971671388102 0.0226628895184136 0.014164305949008499 0.025495750708215296 0.0 
0.004975124378109453 0.012437810945273632 0.024875621890547265 0.017412935323383085 0.007462686567164179 0.014925373134328358 0.01990049751243781 0.022388059701492536 0.024875621890547265 0.004975124378109453 0.009950248756218905 0.022388059701492536 0.012437810945273632 0.012437810945273632 0.01990049751243781 0.014925373134328358 0.01990049751243781 0.024875621890547265 0.017412935323383085 0.004975124378109453 0.012437810945273632 0.009950248756218905 0.009950248756218905 0.0024875621890547263 0.004975124378109453 0.022388059701492536 0.017412935323383085 0.012437810945273632 0.022388059701492536 0.007462686567164179 0.024875621890547265 0.022388059701492536 0.022388059701492536 0.007462686567164179 0.017412935323383085 0.01990049751243781 0.0024875621890547263 0.022388059701492536 0.022388059701492536 0.012437810945273632 0.01990049751243781 0.024875621890547265 0.004975124378109453 0.024875621890547265 0.017412935323383085 0.01990049751243781 0.012437810945273632 0.004975124378109453 0.017412935323383085 0.017412935323383085 0.024875621890547265 0.007462686567164179 0.01990049751243781 0.007462686567164179 0.012437810945273632 0.0024875621890547263 0.022388059701492536 0.007462686567164179 0.012437810945273632 0.007462686567164179 0.007462686567164179 0.004975124378109453 0.004975124378109453 0.0024875621890547263 0.01990049751243781 0.022388059701492536 0.024875621890547265 0.014925373134328358 0.0 
0.010638297872340427 0.023936170212765964 0.021276595744680854 0.010638297872340427 0.023936170212765964 0.01595744680851064 0.018617021276595747 0.013297872340425535 0.018617021276595747 0.021276595744680854 0.023936170212765964 0.02659574468085107 0.010638297872340427 0.02659574468085107 0.013297872340425535 0.0053191489361702135 0.0026595744680851068 0.021276595744680854 0.023936170212765964 0.010638297872340427 0.023936170212765964 0.018617021276595747 0.018617021276595747 0.021276595744680854 0.023936170212765964 0.023936170212765964 0.018617021276595747 0.01595744680851064 0.013297872340425535 0.0053191489361702135 0.013297872340425535 0.021276595744680854 0.01595744680851064 0.02659574468085107 0.018617021276595747 0.0026595744680851068 0.01595744680851064 0.0026595744680851068 0.023936170212765964 0.0026595744680851068 0.021276595744680854 0.0053191489361702135 0.010638297872340427 0.013297872340425535 0.0053191489361702135 0.0026595744680851068 0.0026595744680851068 0.018617021276595747 0.018617021276595747 0.01595744680851064 0.01595744680851064 0.02659574468085107 0.013297872340425535 0.0026595744680851068 0.0053191489361702135 0.013297872340425535 0.0053191489361702135 0.0026595744680851068 0.0026595744680851068 0.013297872340425535 0.010638297872340427 0.013297872340425535 0.021276595744680854 0.018617021276595747 0.021276595744680854 0.018617021276595747 0.0026595744680851068 0.00797872340425532 0.0 
0.019662921348314606 0.02247191011235955 0.0056179775280898875 0.008426966292134831 0.0056179775280898875 0.014044943820224719 0.019662921348314606 0.011235955056179775 0.011235955056179775 0.014044943820224719 0.011235955056179775 0.0028089887640449437 0.02247191011235955 0.016853932584269662 0.025280898876404494 0.0056179775280898875 0.02247191011235955 0.019662921348314606 0.028089887640449437 0.02247191011235955 0.014044943820224719 0.0056179775280898875 0.014044943820224719 0.008426966292134831 0.0028089887640449437 0.025280898876404494 0.011235955056179775 0.008426966292134831 0.019662921348314606 0.028089887640449437 0.025280898876404494 0.0028089887640449437 0.0028089887640449437 0.0028089887640449437 0.02247191011235955 0.02247191011235955 0.014044943820224719 0.011235955056179775 0.008426966292134831 0.0056179775280898875 0.016853932584269662 0.025280898876404494 0.02247191011235955 0.019662921348314606 0.014044943820224719 0.016853932584269662 0.014044943820224719 0.014044943820224719 0.025280898876404494 0.028089887640449437 0.014044943820224719 0.02247191011235955 0.014044943820224719 0.0056179775280898875 0.011235955056179775 0.016853932584269662 0.028089887640449437 0.0056179775280898875 0.028089887640449437 0.014044943820224719 0.0056179775280898875 0.0056179775280898875 0.0056179775280898875 0.016853932584269662 0.02247191011235955 0.008426966292134831 0.008426966292134831 0.0056179775280898875 0.0 
0.01980198019801979 0.00742574257425742 0.024752475247524736 0.017326732673267318 0.004950495049504947 0.009900990099009894 0.01485148514851484 0.01980198019801979 0.01485148514851484 0.01980198019801979 0.01980198019801979 0.00742574257425742 0.017326732673267318 0.0024752475247524735 0.00742574257425742 0.01980198019801979 0.004950495049504947 0.017326732673267318 0.024752475247524736 0.01485148514851484 0.017326732673267318 0.0024752475247524735 0.0024752475247524735 0.012376237623762368 0.024752475247524736 0.022277227722772262 0.004950495049504947 0.01485148514851484 0.024752475247524736 0.022277227722772262 0.009900990099009894 0.004950495049504947 0.004950495049504947 0.017326732673267318 0.024752475247524736 0.0024752475247524735 0.01485148514851484 0.024752475247524736 0.01485148514851484 0.01485148514851484 0.024752475247524736 0.017326732673267318 0.022277227722772262 0.004950495049504947 0.022277227722772262 0.024752475247524736 0.00742574257425742 0.012376237623762368 0.00742574257425742 0.022277227722772262 0.0024752475247524735 0.009900990099009894 0.024752475247524736 0.022277227722772262 0.01980198019801979 0.009900990099009894 0.004950495049504947 0.017326732673267318 0.009900990099009894 0.009900990099009894 0.004950495049504947 0.024752475247524736 0.022277227722772262 0.022277227722772262 0.009900990099009894 0.022277227722772262 0.00742574257425742 0.017326732673267318 0.0 
0.01902173913043478 0.010869565217391302 0.01902173913043478 0.016304347826086953 0.02445652173913043 0.016304347826086953 0.008152173913043476 0.027173913043478253 0.010869565217391302 0.01902173913043478 0.0027173913043478256 0.005434782608695651 0.010869565217391302 0.02445652173913043 0.008152173913043476 0.02445652173913043 0.021739130434782605 0.02445652173913043 0.021739130434782605 0.016304347826086953 0.016304347826086953 0.005434782608695651 0.021739130434782605 0.021739130434782605 0.0027173913043478256 0.005434782608695651 0.008152173913043476 0.02445652173913043 0.005434782608695651 0.0027173913043478256 0.005434782608695651 0.0027173913043478256 0.005434782608695651 0.008152173913043476 0.013586956521739127 0.016304347826086953 0.01902173913043478 0.010869565217391302 0.016304347826086953 0.02445652173913043 0.016304347826086953 0.021739130434782605 0.02445652173913043 0.02445652173913043 0.02445652173913043 0.010869565217391302 0.008152173913043476 0.010869565217391302 0.0027173913043478256 0.016304347826086953 0.010869565217391302 0.021739130434782605 0.008152173913043476 0.013586956521739127 0.021739130434782605 0.027173913043478253 0.01902173913043478 0.005434782608695651 0.027173913043478253 0.021739130434782605 0.005434782608695651 0.005434782608695651 0.016304347826086953 0.013586956521739127 0.013586956521739127 0.016304347826086953 0.0027173913043478256 0.021739130434782605 0.0 
0.0029411764705882344 0.005882352941176469 0.020588235294117643 0.0029411764705882344 0.029411764705882346 0.017647058823529408 0.014705882352941173 0.011764705882352938 0.011764705882352938 0.02647058823529411 0.0029411764705882344 0.005882352941176469 0.005882352941176469 0.008823529411764704 0.017647058823529408 0.014705882352941173 0.029411764705882346 0.02647058823529411 0.023529411764705875 0.008823529411764704 0.023529411764705875 0.017647058823529408 0.017647058823529408 0.0029411764705882344 0.02647058823529411 0.011764705882352938 0.014705882352941173 0.011764705882352938 0.008823529411764704 0.011764705882352938 0.005882352941176469 0.014705882352941173 0.0029411764705882344 0.008823529411764704 0.008823529411764704 0.005882352941176469 0.017647058823529408 0.011764705882352938 0.023529411764705875 0.023529411764705875 0.011764705882352938 0.017647058823529408 0.017647058823529408 0.008823529411764704 0.02647058823529411 0.023529411764705875 0.0029411764705882344 0.005882352941176469 0.005882352941176469 0.011764705882352938 0.0029411764705882344 0.02647058823529411 0.020588235294117643 0.008823529411764704 0.023529411764705875 0.008823529411764704 0.02647058823529411 0.017647058823529408 0.02647058823529411 0.0029411764705882344 0.029411764705882346 0.011764705882352938 0.023529411764705875 0.005882352941176469 0.017647058823529408 0.023529411764705875 0.02647058823529411 0.005882352941176469 0.0 
0.011267605633802824 0.01971830985915494 0.008450704225352117 0.01408450704225353 0.02816901408450706 0.02816901408450706 0.025352112676056353 0.016901408450704234 0.02253521126760565 0.011267605633802824 0.02253521126760565 0.02816901408450706 0.011267605633802824 0.002816901408450706 0.01971830985915494 0.01408450704225353 0.005633802816901412 0.01408450704225353 0.02253521126760565 0.02816901408450706 0.005633802816901412 0.02253521126760565 0.01408450704225353 0.02253521126760565 0.02253521126760565 0.016901408450704234 0.011267605633802824 0.002816901408450706 0.016901408450704234 0.01971830985915494 0.025352112676056353 0.002816901408450706 0.011267605633802824 0.008450704225352117 0.025352112676056353 0.011267605633802824 0.002816901408450706 0.01408450704225353 0.005633802816901412 0.01408450704225353 0.011267605633802824 0.02253521126760565 0.002816901408450706 0.02253521126760565 0.01971830985915494 0.011267605633802824 0.016901408450704234 0.016901408450704234 0.01408450704225353 0.008450704225352117 0.01971830985915494 0.008450704225352117 0.016901408450704234 0.005633802816901412 0.005633802816901412 0.016901408450704234 0.008450704225352117 0.002816901408450706 0.011267605633802824 0.02816901408450706 0.011267605633802824 0.011267605633802824 0.002816901408450706 0.016901408450704234 0.016901408450704234 0.01408450704225353 0.016901408450704234 0.008450704225352117 0.0 
0.016260162601626018 0.018970189701897018 0.008130081300813009 0.0027100271002710027 0.01084010840108401 0.018970189701897018 0.024390243902439025 0.016260162601626018 0.018970189701897018 0.0027100271002710027 0.0027100271002710027 0.013550135501355014 0.024390243902439025 0.02168021680216802 0.016260162601626018 0.02710027100271003 0.013550135501355014 0.02710027100271003 0.008130081300813009 0.008130081300813009 0.024390243902439025 0.01084010840108401 0.02168021680216802 0.016260162601626018 0.0027100271002710027 0.024390243902439025 0.008130081300813009 0.005420054200542005 0.01084010840108401 0.008130081300813009 0.016260162601626018 0.01084010840108401 0.005420054200542005 0.024390243902439025 0.008130081300813009 0.02710027100271003 0.02168021680216802 0.024390243902439025 0.005420054200542005 0.008130081300813009 0.0027100271002710027 0.02168021680216802 0.01084010840108401 0.018970189701897018 0.016260162601626018 0.018970189701897018 0.016260162601626018 0.0027100271002710027 0.018970189701897018 0.018970189701897018 0.02710027100271003 0.016260162601626018 0.008130081300813009 0.005420054200542005 0.016260162601626018 0.024390243902439025 0.024390243902439025 0.008130081300813009 0.024390243902439025 0.005420054200542005 0.0027100271002710027 0.016260162601626018 0.016260162601626018 0.008130081300813009 0.01084010840108401 0.018970189701897018 0.013550135501355014 0.02168021680216802 0.0 
0.007444168734491313 0.009925558312655085 0.009925558312655085 0.02233250620347394 0.024813895781637712 0.01985111662531017 0.012406947890818856 0.0173697270471464 0.01985111662531017 0.02233250620347394 0.02233250620347394 0.0173697270471464 0.012406947890818856 0.009925558312655085 0.014888337468982627 0.0024813895781637713 0.009925558312655085 0.024813895781637712 0.02233250620347394 0.024813895781637712 0.0173697270471464 0.02233250620347394 0.012406947890818856 0.024813895781637712 0.0049627791563275426 0.0049627791563275426 0.007444168734491313 0.024813895781637712 0.007444168734491313 0.02233250620347394 0.0173697270471464 0.0049627791563275426 0.012406947890818856 0.024813895781637712 0.02233250620347394 0.0024813895781637713 0.0173697270471464 0.02233250620347394 0.009925558312655085 0.009925558312655085 0.007444168734491313 0.009925558312655085 0.012406947890818856 0.0049627791563275426 0.0173697270471464 0.0173697270471464 0.014888337468982627 0.024813895781637712 0.014888337468982627 0.01985111662531017 0.014888337468982627 0.01985111662531017 0.024813895781637712 0.024813895781637712 0.007444168734491313 0.0173697270471464 0.0024813895781637713 0.012406947890818856 0.01985111662531017 0.007444168734491313 0.012406947890818856 0.0024813895781637713 0.02233250620347394 0.0049627791563275426 0.01985111662531017 0.009925558312655085 0.0049627791563275426 0.007444168734491313 0.0 
0.018817204301075283 0.013440860215053772 0.013440860215053772 0.02419354838709679 0.02419354838709679 0.018817204301075283 0.013440860215053772 0.013440860215053772 0.018817204301075283 0.018817204301075283 0.02419354838709679 0.02419354838709679 0.008064516129032263 0.018817204301075283 0.018817204301075283 0.005376344086021509 0.0026881720430107546 0.008064516129032263 0.013440860215053772 0.0026881720430107546 0.021505376344086037 0.005376344086021509 0.026881720430107545 0.013440860215053772 0.02419354838709679 0.013440860215053772 0.02419354838709679 0.010752688172043019 0.005376344086021509 0.026881720430107545 0.02419354838709679 0.0026881720430107546 0.018817204301075283 0.026881720430107545 0.02419354838709679 0.008064516129032263 0.008064516129032263 0.0026881720430107546 0.005376344086021509 0.005376344086021509 0.016129032258064526 0.018817204301075283 0.016129032258064526 0.010752688172043019 0.018817204301075283 0.005376344086021509 0.005376344086021509 0.016129032258064526 0.026881720430107545 0.013440860215053772 0.021505376344086037 0.016129032258064526 0.026881720430107545 0.005376344086021509 0.016129032258064526 0.005376344086021509 0.013440860215053772 0.0026881720430107546 0.010752688172043019 0.02419354838709679 0.010752688172043019 0.013440860215053772 0.005376344086021509 0.005376344086021509 0.008064516129032263 0.018817204301075283 0.026881720430107545 0.018817204301075283 0.0 
0.009174311926605507 0.012232415902140675 0.018348623853211014 0.006116207951070337 0.012232415902140675 0.030581039755351685 0.0030581039755351687 0.02752293577981652 0.02752293577981652 0.030581039755351685 0.012232415902140675 0.018348623853211014 0.0030581039755351687 0.0030581039755351687 0.030581039755351685 0.02140672782874618 0.018348623853211014 0.012232415902140675 0.0030581039755351687 0.006116207951070337 0.02446483180428135 0.012232415902140675 0.015290519877675842 0.02446483180428135 0.0030581039755351687 0.015290519877675842 0.012232415902140675 0.012232415902140675 0.02752293577981652 0.012232415902140675 0.006116207951070337 0.006116207951070337 0.0030581039755351687 0.018348623853211014 0.015290519877675842 0.0030581039755351687 0.015290519877675842 0.015290519877675842 0.02752293577981652 0.02752293577981652 0.015290519877675842 0.018348623853211014 0.02140672782874618 0.012232415902140675 0.0030581039755351687 0.012232415902140675 0.02446483180428135 0.009174311926605507 0.02140672782874618 0.009174311926605507 0.009174311926605507 0.009174311926605507 0.0030581039755351687 0.0030581039755351687 0.0030581039755351687 0.012232415902140675 0.009174311926605507 0.02446483180428135 0.02140672782874618 0.012232415902140675 0.018348623853211014 0.015290519877675842 0.006116207951070337 0.02752293577981652 0.012232415902140675 0.015290519877675842 0.02446483180428135 0.02446483180428135 0.0 
0.017766497461928942 0.017766497461928942 0.0025380710659898484 0.020304568527918787 0.010152284263959394 0.0025380710659898484 0.015228426395939092 0.022842639593908635 0.017766497461928942 0.010152284263959394 0.010152284263959394 0.015228426395939092 0.015228426395939092 0.025380710659898484 0.007614213197969546 0.017766497461928942 0.007614213197969546 0.020304568527918787 0.0025380710659898484 0.025380710659898484 0.025380710659898484 0.017766497461928942 0.017766497461928942 0.012690355329949242 0.025380710659898484 0.007614213197969546 0.017766497461928942 0.020304568527918787 0.015228426395939092 0.015228426395939092 0.0025380710659898484 0.015228426395939092 0.017766497461928942 0.010152284263959394 0.022842639593908635 0.022842639593908635 0.015228426395939092 0.017766497461928942 0.010152284263959394 0.0025380710659898484 0.005076142131979697 0.015228426395939092 0.025380710659898484 0.020304568527918787 0.012690355329949242 0.020304568527918787 0.0025380710659898484 0.0025380710659898484 0.007614213197969546 0.0025380710659898484 0.025380710659898484 0.005076142131979697 0.020304568527918787 0.025380710659898484 0.022842639593908635 0.017766497461928942 0.005076142131979697 0.017766497461928942 0.005076142131979697 0.025380710659898484 0.0025380710659898484 0.022842639593908635 0.015228426395939092 0.010152284263959394 0.010152284263959394 0.025380710659898484 0.025380710659898484 0.007614213197969546 0.0 
0.00882352941176471 0.020588235294117657 0.0029411764705882366 0.020588235294117657 0.0029411764705882366 0.026470588235294128 0.01764705882352942 0.029411764705882366 0.029411764705882366 0.0029411764705882366 0.0029411764705882366 0.011764705882352946 0.014705882352941183 0.0029411764705882366 0.020588235294117657 0.023529411764705892 0.005882352941176473 0.0029411764705882366 0.023529411764705892 0.005882352941176473 0.020588235294117657 0.023529411764705892 0.026470588235294128 0.01764705882352942 0.01764705882352942 0.0029411764705882366 0.029411764705882366 0.00882352941176471 0.014705882352941183 0.026470588235294128 0.014705882352941183 0.029411764705882366 0.0029411764705882366 0.014705882352941183 0.014705882352941183 0.014705882352941183 0.026470588235294128 0.029411764705882366 0.014705882352941183 0.023529411764705892 0.029411764705882366 0.005882352941176473 0.011764705882352946 0.005882352941176473 0.00882352941176471 0.01764705882352942 0.023529411764705892 0.026470588235294128 0.00882352941176471 0.020588235294117657 0.0029411764705882366 0.00882352941176471 0.0029411764705882366 0.00882352941176471 0.011764705882352946 0.014705882352941183 0.011764705882352946 0.0029411764705882366 0.023529411764705892 0.023529411764705892 0.011764705882352946 0.0029411764705882366 0.029411764705882366 0.005882352941176473 0.01764705882352942 0.0029411764705882366 0.005882352941176473 0.0029411764705882366 0.0 
0.015151515151515148 0.030303030303030297 0.009090909090909089 0.009090909090909089 0.012121212121212118 0.012121212121212118 0.0030303030303030294 0.030303030303030297 0.0030303030303030294 0.024242424242424235 0.030303030303030297 0.012121212121212118 0.027272727272727264 0.0030303030303030294 0.027272727272727264 0.015151515151515148 0.0030303030303030294 0.009090909090909089 0.015151515151515148 0.018181818181818177 0.0030303030303030294 0.012121212121212118 0.0030303030303030294 0.012121212121212118 0.006060606060606059 0.015151515151515148 0.0030303030303030294 0.015151515151515148 0.027272727272727264 0.012121212121212118 0.024242424242424235 0.006060606060606059 0.027272727272727264 0.0030303030303030294 0.015151515151515148 0.027272727272727264 0.02121212121212121 0.018181818181818177 0.0030303030303030294 0.009090909090909089 0.030303030303030297 0.030303030303030297 0.009090909090909089 0.030303030303030297 0.02121212121212121 0.024242424242424235 0.02121212121212121 0.018181818181818177 0.009090909090909089 0.0030303030303030294 0.027272727272727264 0.012121212121212118 0.0030303030303030294 0.024242424242424235 0.0030303030303030294 0.015151515151515148 0.02121212121212121 0.006060606060606059 0.009090909090909089 0.009090909090909089 0.009090909090909089 0.02121212121212121 0.02121212121212121 0.02121212121212121 0.0030303030303030294 0.006060606060606059 0.006060606060606059 0.012121212121212118 0.0 
0.014851485148514844 0.01732673267326732 0.019801980198019792 0.019801980198019792 0.01732673267326732 0.014851485148514844 0.002475247524752474 0.004950495049504948 0.004950495049504948 0.019801980198019792 0.024752475247524743 0.014851485148514844 0.022277227722772266 0.024752475247524743 0.024752475247524743 0.012376237623762372 0.002475247524752474 0.024752475247524743 0.024752475247524743 0.012376237623762372 0.002475247524752474 0.019801980198019792 0.019801980198019792 0.009900990099009896 0.014851485148514844 0.002475247524752474 0.019801980198019792 0.01732673267326732 0.022277227722772266 0.002475247524752474 0.022277227722772266 0.004950495049504948 0.002475247524752474 0.024752475247524743 0.014851485148514844 0.022277227722772266 0.007425742574257422 0.007425742574257422 0.012376237623762372 0.009900990099009896 0.019801980198019792 0.012376237623762372 0.004950495049504948 0.019801980198019792 0.012376237623762372 0.01732673267326732 0.024752475247524743 0.019801980198019792 0.014851485148514844 0.014851485148514844 0.024752475247524743 0.024752475247524743 0.014851485148514844 0.009900990099009896 0.01732673267326732 0.019801980198019792 0.009900990099009896 0.002475247524752474 0.019801980198019792 0.012376237623762372 0.022277227722772266 0.004950495049504948 0.002475247524752474 0.022277227722772266 0.022277227722772266 0.014851485148514844 0.007425742574257422 0.002475247524752474 0.0 
0.010126582278481011 0.015189873417721515 0.0025316455696202528 0.0075949367088607575 0.022784810126582275 0.0075949367088607575 0.022784810126582275 0.010126582278481011 0.0050632911392405056 0.010126582278481011 0.025316455696202524 0.020253164556962022 0.010126582278481011 0.01772151898734177 0.010126582278481011 0.01772151898734177 0.025316455696202524 0.0025316455696202528 0.020253164556962022 0.015189873417721515 0.0075949367088607575 0.020253164556962022 0.015189873417721515 0.025316455696202524 0.015189873417721515 0.020253164556962022 0.025316455696202524 0.012658227848101262 0.0075949367088607575 0.022784810126582275 0.0025316455696202528 0.012658227848101262 0.012658227848101262 0.0050632911392405056 0.020253164556962022 0.020253164556962022 0.0050632911392405056 0.0075949367088607575 0.015189873417721515 0.012658227848101262 0.020253164556962022 0.020253164556962022 0.0025316455696202528 0.020253164556962022 0.012658227848101262 0.015189873417721515 0.015189873417721515 0.0075949367088607575 0.025316455696202524 0.01772151898734177 0.010126582278481011 0.012658227848101262 0.010126582278481011 0.025316455696202524 0.020253164556962022 0.025316455696202524 0.015189873417721515 0.01772151898734177 0.012658227848101262 0.022784810126582275 0.015189873417721515 0.020253164556962022 0.0075949367088607575 0.020253164556962022 0.01772151898734177 0.01772151898734177 0.0050632911392405056 0.0025316455696202528 0.0 
0.013071895424836602 0.00980392156862745 0.013071895424836602 0.02287581699346405 0.029411764705882353 0.0032679738562091504 0.016339869281045753 0.006535947712418301 0.0196078431372549 0.013071895424836602 0.006535947712418301 0.029411764705882353 0.00980392156862745 0.0032679738562091504 0.02287581699346405 0.0032679738562091504 0.0032679738562091504 0.006535947712418301 0.006535947712418301 0.00980392156862745 0.006535947712418301 0.016339869281045753 0.0196078431372549 0.016339869281045753 0.00980392156862745 0.016339869281045753 0.013071895424836602 0.006535947712418301 0.02287581699346405 0.016339869281045753 0.0032679738562091504 0.006535947712418301 0.026143790849673203 0.013071895424836602 0.029411764705882353 0.016339869281045753 0.013071895424836602 0.032679738562091505 0.029411764705882353 0.013071895424836602 0.00980392156862745 0.02287581699346405 0.029411764705882353 0.0196078431372549 0.0032679738562091504 0.0032679738562091504 0.016339869281045753 0.00980392156862745 0.006535947712418301 0.02287581699346405 0.00980392156862745 0.016339869281045753 0.006535947712418301 0.026143790849673203 0.0032679738562091504 0.006535947712418301 0.026143790849673203 0.02287581699346405 0.032679738562091505 0.032679738562091505 0.0032679738562091504 0.00980392156862745 0.0032679738562091504 0.006535947712418301 0.0196078431372549 0.016339869281045753 0.026143790849673203 0.013071895424836602 0.0 
0.011799410029498525 0.0058997050147492625 0.02654867256637168 0.014749262536873156 0.0058997050147492625 0.0058997050147492625 0.014749262536873156 0.011799410029498525 0.011799410029498525 0.029498525073746312 0.0029498525073746312 0.0058997050147492625 0.011799410029498525 0.0058997050147492625 0.0029498525073746312 0.0029498525073746312 0.017699115044247787 0.0058997050147492625 0.02654867256637168 0.02359882005899705 0.008849557522123894 0.02064896755162242 0.02064896755162242 0.02064896755162242 0.02064896755162242 0.0029498525073746312 0.02064896755162242 0.0029498525073746312 0.02064896755162242 0.0029498525073746312 0.008849557522123894 0.0029498525073746312 0.014749262536873156 0.011799410029498525 0.0029498525073746312 0.0029498525073746312 0.029498525073746312 0.014749262536873156 0.02654867256637168 0.014749262536873156 0.02064896755162242 0.02359882005899705 0.017699115044247787 0.0029498525073746312 0.0029498525073746312 0.011799410029498525 0.02654867256637168 0.014749262536873156 0.0058997050147492625 0.017699115044247787 0.014749262536873156 0.02654867256637168 0.02654867256637168 0.029498525073746312 0.02359882005899705 0.02064896755162242 0.014749262536873156 0.011799410029498525 0.017699115044247787 0.011799410029498525 0.017699115044247787 0.02064896755162242 0.017699115044247787 0.02359882005899705 0.02359882005899705 0.014749262536873156 0.0058997050147492625 0.017699115044247787 0.0 
0.010526315789473684 0.021052631578947368 0.010526315789473684 0.007894736842105263 0.018421052631578946 0.02631578947368421 0.021052631578947368 0.007894736842105263 0.002631578947368421 0.02368421052631579 0.002631578947368421 0.018421052631578946 0.02631578947368421 0.013157894736842105 0.010526315789473684 0.02631578947368421 0.02631578947368421 0.021052631578947368 0.02631578947368421 0.005263157894736842 0.010526315789473684 0.005263157894736842 0.02631578947368421 0.005263157894736842 0.002631578947368421 0.018421052631578946 0.005263157894736842 0.013157894736842105 0.018421052631578946 0.021052631578947368 0.015789473684210527 0.002631578947368421 0.02631578947368421 0.02631578947368421 0.018421052631578946 0.018421052631578946 0.02368421052631579 0.002631578947368421 0.005263157894736842 0.015789473684210527 0.010526315789473684 0.021052631578947368 0.02631578947368421 0.007894736842105263 0.021052631578947368 0.010526315789473684 0.013157894736842105 0.021052631578947368 0.015789473684210527 0.005263157894736842 0.010526315789473684 0.018421052631578946 0.021052631578947368 0.015789473684210527 0.010526315789473684 0.002631578947368421 0.007894736842105263 0.02368421052631579 0.021052631578947368 0.018421052631578946 0.018421052631578946 0.013157894736842105 0.010526315789473684 0.005263157894736842 0.010526315789473684 0.002631578947368421 0.02368421052631579 0.005263157894736842 0.0 
0.005249343832020998 0.005249343832020998 0.02624671916010499 0.013123359580052495 0.002624671916010499 0.02624671916010499 0.013123359580052495 0.018372703412073494 0.02362204724409449 0.02362204724409449 0.015748031496062995 0.015748031496062995 0.018372703412073494 0.018372703412073494 0.020997375328083993 0.02362204724409449 0.02624671916010499 0.002624671916010499 0.013123359580052495 0.020997375328083993 0.007874015748031498 0.015748031496062995 0.020997375328083993 0.007874015748031498 0.015748031496062995 0.020997375328083993 0.005249343832020998 0.010498687664041996 0.020997375328083993 0.005249343832020998 0.005249343832020998 0.02624671916010499 0.005249343832020998 0.007874015748031498 0.010498687664041996 0.013123359580052495 0.015748031496062995 0.015748031496062995 0.010498687664041996 0.018372703412073494 0.007874015748031498 0.015748031496062995 0.018372703412073494 0.010498687664041996 0.018372703412073494 0.007874015748031498 0.002624671916010499 0.02624671916010499 0.007874015748031498 0.02624671916010499 0.010498687664041996 0.015748031496062995 0.018372703412073494 0.020997375328083993 0.007874015748031498 0.013123359580052495 0.02624671916010499 0.013123359580052495 0.007874015748031498 0.007874015748031498 0.013123359580052495 0.020997375328083993 0.020997375328083993 0.020997375328083993 0.007874015748031498 0.015748031496062995 0.010498687664041996 0.013123359580052495 0.0 
0.011764705882352941 0.014705882352941176 0.026470588235294117 0.014705882352941176 0.014705882352941176 0.029411764705882353 0.011764705882352941 0.011764705882352941 0.0029411764705882353 0.020588235294117647 0.01764705882352941 0.0029411764705882353 0.0029411764705882353 0.014705882352941176 0.026470588235294117 0.0029411764705882353 0.020588235294117647 0.008823529411764706 0.0029411764705882353 0.01764705882352941 0.0029411764705882353 0.020588235294117647 0.014705882352941176 0.026470588235294117 0.008823529411764706 0.014705882352941176 0.023529411764705882 0.008823529411764706 0.01764705882352941 0.029411764705882353 0.008823529411764706 0.014705882352941176 0.0058823529411764705 0.008823529411764706 0.014705882352941176 0.01764705882352941 0.020588235294117647 0.0029411764705882353 0.0058823529411764705 0.026470588235294117 0.0029411764705882353 0.01764705882352941 0.008823529411764706 0.0058823529411764705 0.020588235294117647 0.026470588235294117 0.0058823529411764705 0.011764705882352941 0.029411764705882353 0.023529411764705882 0.008823529411764706 0.008823529411764706 0.014705882352941176 0.01764705882352941 0.026470588235294117 0.008823529411764706 0.0029411764705882353 0.026470588235294117 0.011764705882352941 0.0058823529411764705 0.029411764705882353 0.0058823529411764705 0.008823529411764706 0.020588235294117647 0.026470588235294117 0.0058823529411764705 0.01764705882352941 0.029411764705882353 0.0 
0.0028011204481792717 0.008403361344537815 0.0196078431372549 0.0196078431372549 0.0028011204481792717 0.008403361344537815 0.011204481792717087 0.0056022408963585435 0.014005602240896359 0.0196078431372549 0.011204481792717087 0.022408963585434174 0.022408963585434174 0.011204481792717087 0.014005602240896359 0.025210084033613446 0.0028011204481792717 0.025210084033613446 0.0028011204481792717 0.022408963585434174 0.014005602240896359 0.022408963585434174 0.01680672268907563 0.0056022408963585435 0.008403361344537815 0.028011204481792718 0.0056022408963585435 0.028011204481792718 0.008403361344537815 0.0056022408963585435 0.028011204481792718 0.022408963585434174 0.0196078431372549 0.025210084033613446 0.0028011204481792717 0.014005602240896359 0.022408963585434174 0.01680672268907563 0.011204481792717087 0.0028011204481792717 0.028011204481792718 0.008403361344537815 0.0056022408963585435 0.01680672268907563 0.0056022408963585435 0.0196078431372549 0.01680672268907563 0.008403361344537815 0.008403361344537815 0.0056022408963585435 0.0056022408963585435 0.0196078431372549 0.0028011204481792717 0.011204481792717087 0.025210084033613446 0.028011204481792718 0.008403361344537815 0.022408963585434174 0.025210084033613446 0.011204481792717087 0.01680672268907563 0.0196078431372549 0.01680672268907563 0.025210084033613446 0.0028011204481792717 0.014005602240896359 0.0196078431372549 0.022408963585434174 0.0 
0.01851851851851852 0.015873015873015876 0.02645502645502646 0.007936507936507938 0.023809523809523815 0.023809523809523815 0.005291005291005292 0.01322751322751323 0.007936507936507938 0.021164021164021166 0.002645502645502646 0.023809523809523815 0.005291005291005292 0.01322751322751323 0.01322751322751323 0.010582010582010583 0.007936507936507938 0.007936507936507938 0.010582010582010583 0.01851851851851852 0.007936507936507938 0.015873015873015876 0.005291005291005292 0.005291005291005292 0.021164021164021166 0.015873015873015876 0.007936507936507938 0.023809523809523815 0.015873015873015876 0.010582010582010583 0.010582010582010583 0.010582010582010583 0.010582010582010583 0.007936507936507938 0.01851851851851852 0.015873015873015876 0.02645502645502646 0.010582010582010583 0.02645502645502646 0.007936507936507938 0.002645502645502646 0.007936507936507938 0.005291005291005292 0.015873015873015876 0.01322751322751323 0.021164021164021166 0.01322751322751323 0.021164021164021166 0.007936507936507938 0.010582010582010583 0.023809523809523815 0.01851851851851852 0.01851851851851852 0.007936507936507938 0.021164021164021166 0.010582010582010583 0.005291005291005292 0.023809523809523815 0.021164021164021166 0.010582010582010583 0.023809523809523815 0.01322751322751323 0.021164021164021166 0.01322751322751323 0.01851851851851852 0.023809523809523815 0.02645502645502646 0.02645502645502646 0.0 
0.021505376344086037 0.008064516129032263 0.013440860215053772 0.021505376344086037 0.02419354838709679 0.018817204301075283 0.018817204301075283 0.018817204301075283 0.016129032258064526 0.016129032258064526 0.016129032258064526 0.018817204301075283 0.008064516129032263 0.021505376344086037 0.005376344086021509 0.010752688172043019 0.008064516129032263 0.021505376344086037 0.005376344086021509 0.008064516129032263 0.02419354838709679 0.005376344086021509 0.005376344086021509 0.021505376344086037 0.0026881720430107546 0.02419354838709679 0.016129032258064526 0.008064516129032263 0.02419354838709679 0.005376344086021509 0.013440860215053772 0.005376344086021509 0.026881720430107545 0.0026881720430107546 0.02419354838709679 0.02419354838709679 0.016129032258064526 0.021505376344086037 0.018817204301075283 0.005376344086021509 0.02419354838709679 0.008064516129032263 0.0026881720430107546 0.018817204301075283 0.021505376344086037 0.016129032258064526 0.010752688172043019 0.013440860215053772 0.016129032258064526 0.018817204301075283 0.005376344086021509 0.018817204301075283 0.013440860215053772 0.018817204301075283 0.02419354838709679 0.021505376344086037 0.013440860215053772 0.018817204301075283 0.013440860215053772 0.008064516129032263 0.005376344086021509 0.005376344086021509 0.005376344086021509 0.010752688172043019 0.018817204301075283 0.016129032258064526 0.010752688172043019 0.02419354838709679 0.0 
1.0 0.0 0.0 0.0 0.0 0.0 0.0 0.0 0.0 0.0 0.0 0.0 0.0 0.0 0.0 0.0 0.0 0.0 0.0 0.0 0.0 0.0 0.0 0.0 0.0 0.0 0.0 0.0 0.0 0.0 0.0 0.0 0.0 0.0 0.0 0.0 0.0 0.0 0.0 0.0 0.0 0.0 0.0 0.0 0.0 0.0 0.0 0.0 0.0 0.0 0.0 0.0 0.0 0.0 0.0 0.0 0.0 0.0 0.0 0.0 0.0 0.0 0.0 0.0 0.0 0.0 0.0 0.0 0.0 

emissions
1 1 1 1 1 1 1 1 1 1 1 1 1 1 1 1 1 1 1 1 1 1 1 1 1 1 1 1 1 1 1 1 1 1 1 1 1 1 1 1 1 1 1 1 1 1 1 1 1 1 1 1 1 1 1 1 1 1 1 1 1 1 1 1 1 1 1 0 0 
0 0 0 0 0 0 0 0 0 0 0 0 0 0 0 0 0 0 0 0 0 0 0 0 0 0 0 0 0 0 0 0 0 0 0 0 0 0 0 0 0 0 0 0 0 0 0 0 0 0 0 0 0 0 0 0 0 0 0 0 0 0 0 0 0 0 0 0 1 
0 0 0 0 0 0 0 0 0 0 0 0 0 0 0 0 0 0 0 0 0 0 0 0 0 0 0 0 0 0 0 0 0 0 0 0 0 0 0 0 0 0 0 0 0 0 0 0 0 0 0 0 0 0 0 0 0 0 0 0 0 0 0 0 0 0 0 1 0 
