states
0 1 2 3 4 5 6 7 8 9 10 11 12 13 14 15 16 17 18 19 20 21 22 23 24 25 26 27 28 29 30 31 32 33 34 35 36 37 38 39 40 41 42 43 44 45 46 47 48 49 50 51 52 53 54 55 56 57 58 59 60 
labels
empty init elected 
initial
0.0 0.0 0.0 0.0 0.0 0.0 0.0 0.0 0.0 0.0 0.0 0.0 0.0 0.0 0.0 0.0 0.0 0.0 0.0 0.0 0.0 0.0 0.0 0.0 0.0 0.0 0.0 0.0 0.0 0.0 0.0 0.0 0.0 0.0 0.0 0.0 0.0 0.0 0.0 0.0 0.0 0.0 0.0 0.0 0.0 0.0 0.0 0.0 0.0 0.0 0.0 0.0 0.0 0.0 0.0 0.0 0.0 0.0 0.0 0.0 1.0
transitions
0.02499999999999999 0.02499999999999999 0.019444444444444438 0.00833333333333333 0.02499999999999999 0.022222222222222213 0.00833333333333333 0.005555555555555553 0.01666666666666666 0.013888888888888881 0.013888888888888881 0.01666666666666666 0.022222222222222213 0.011111111111111106 0.019444444444444438 0.013888888888888881 0.011111111111111106 0.022222222222222213 0.019444444444444438 0.005555555555555553 0.011111111111111106 0.01666666666666666 0.02499999999999999 0.013888888888888881 0.019444444444444438 0.011111111111111106 0.027777777777777762 0.00833333333333333 0.0027777777777777766 0.013888888888888881 0.00833333333333333 0.013888888888888881 0.005555555555555553 0.022222222222222213 0.02499999999999999 0.00833333333333333 0.027777777777777762 0.02499999999999999 0.022222222222222213 0.005555555555555553 0.019444444444444438 0.02499999999999999 0.01666666666666666 0.027777777777777762 0.027777777777777762 0.027777777777777762 0.011111111111111106 0.0027777777777777766 0.0027777777777777766 0.00833333333333333 0.02499999999999999 0.02499999999999999 0.00833333333333333 0.027777777777777762 0.019444444444444438 0.01666666666666666 0.019444444444444438 0.019444444444444438 0.019444444444444438 0.011111111111111106 0.0 
0.02941176470588236 0.009803921568627453 0.006535947712418303 0.016339869281045756 0.02941176470588236 0.006535947712418303 0.022875816993464054 0.03267973856209151 0.019607843137254905 0.006535947712418303 0.009803921568627453 0.016339869281045756 0.02614379084967321 0.022875816993464054 0.016339869281045756 0.019607843137254905 0.02941176470588236 0.013071895424836605 0.0032679738562091513 0.0032679738562091513 0.019607843137254905 0.02614379084967321 0.019607843137254905 0.0032679738562091513 0.02941176470588236 0.022875816993464054 0.019607843137254905 0.006535947712418303 0.02614379084967321 0.016339869281045756 0.013071895424836605 0.022875816993464054 0.006535947712418303 0.016339869281045756 0.0032679738562091513 0.02941176470588236 0.019607843137254905 0.016339869281045756 0.009803921568627453 0.03267973856209151 0.02614379084967321 0.006535947712418303 0.03267973856209151 0.009803921568627453 0.006535947712418303 0.0032679738562091513 0.02614379084967321 0.006535947712418303 0.02941176470588236 0.03267973856209151 0.0032679738562091513 0.02614379084967321 0.0032679738562091513 0.019607843137254905 0.009803921568627453 0.019607843137254905 0.006535947712418303 0.013071895424836605 0.013071895424836605 0.006535947712418303 0.0 
0.02647058823529411 0.020588235294117643 0.02647058823529411 0.005882352941176469 0.017647058823529408 0.023529411764705875 0.0029411764705882344 0.029411764705882346 0.005882352941176469 0.017647058823529408 0.029411764705882346 0.008823529411764704 0.0029411764705882344 0.0029411764705882344 0.014705882352941173 0.020588235294117643 0.011764705882352938 0.005882352941176469 0.02647058823529411 0.017647058823529408 0.029411764705882346 0.017647058823529408 0.014705882352941173 0.008823529411764704 0.023529411764705875 0.02647058823529411 0.023529411764705875 0.011764705882352938 0.014705882352941173 0.02647058823529411 0.020588235294117643 0.011764705882352938 0.02647058823529411 0.02647058823529411 0.017647058823529408 0.005882352941176469 0.011764705882352938 0.011764705882352938 0.011764705882352938 0.008823529411764704 0.020588235294117643 0.017647058823529408 0.017647058823529408 0.008823529411764704 0.017647058823529408 0.020588235294117643 0.005882352941176469 0.017647058823529408 0.0029411764705882344 0.017647058823529408 0.014705882352941173 0.02647058823529411 0.011764705882352938 0.023529411764705875 0.017647058823529408 0.029411764705882346 0.014705882352941173 0.017647058823529408 0.008823529411764704 0.020588235294117643 0.0 
0.0030864197530864187 0.018518518518518514 0.02469135802469135 0.006172839506172837 0.021604938271604934 0.02469135802469135 0.0030864197530864187 0.006172839506172837 0.009259259259259257 0.015432098765432094 0.0030864197530864187 0.021604938271604934 0.021604938271604934 0.02777777777777777 0.021604938271604934 0.03086419753086419 0.018518518518518514 0.006172839506172837 0.018518518518518514 0.03086419753086419 0.015432098765432094 0.03086419753086419 0.02777777777777777 0.012345679012345675 0.015432098765432094 0.021604938271604934 0.009259259259259257 0.015432098765432094 0.02469135802469135 0.018518518518518514 0.006172839506172837 0.012345679012345675 0.02469135802469135 0.015432098765432094 0.018518518518518514 0.006172839506172837 0.009259259259259257 0.012345679012345675 0.021604938271604934 0.006172839506172837 0.009259259259259257 0.03086419753086419 0.021604938271604934 0.0030864197530864187 0.018518518518518514 0.012345679012345675 0.018518518518518514 0.009259259259259257 0.02777777777777777 0.03086419753086419 0.02469135802469135 0.012345679012345675 0.0030864197530864187 0.015432098765432094 0.021604938271604934 0.009259259259259257 0.02469135802469135 0.03086419753086419 0.012345679012345675 0.006172839506172837 0.0 
0.007017543859649123 0.03508771929824561 0.03508771929824561 0.0035087719298245615 0.031578947368421054 0.0035087719298245615 0.031578947368421054 0.021052631578947368 0.014035087719298246 0.021052631578947368 0.031578947368421054 0.014035087719298246 0.02456140350877193 0.007017543859649123 0.02456140350877193 0.007017543859649123 0.010526315789473684 0.007017543859649123 0.010526315789473684 0.02456140350877193 0.02456140350877193 0.007017543859649123 0.014035087719298246 0.014035087719298246 0.010526315789473684 0.014035087719298246 0.010526315789473684 0.014035087719298246 0.014035087719298246 0.0035087719298245615 0.021052631578947368 0.007017543859649123 0.010526315789473684 0.007017543859649123 0.02456140350877193 0.010526315789473684 0.007017543859649123 0.014035087719298246 0.02456140350877193 0.014035087719298246 0.03508771929824561 0.0035087719298245615 0.017543859649122806 0.010526315789473684 0.028070175438596492 0.021052631578947368 0.021052631578947368 0.014035087719298246 0.03508771929824561 0.007017543859649123 0.031578947368421054 0.007017543859649123 0.017543859649122806 0.02456140350877193 0.010526315789473684 0.02456140350877193 0.028070175438596492 0.021052631578947368 0.0035087719298245615 0.007017543859649123 0.0 
0.018518518518518517 0.021604938271604937 0.030864197530864196 0.027777777777777776 0.027777777777777776 0.009259259259259259 0.021604938271604937 0.0030864197530864196 0.021604938271604937 0.0030864197530864196 0.015432098765432098 0.012345679012345678 0.012345679012345678 0.024691358024691357 0.0030864197530864196 0.030864197530864196 0.009259259259259259 0.009259259259259259 0.012345679012345678 0.018518518518518517 0.021604938271604937 0.0030864197530864196 0.021604938271604937 0.0030864197530864196 0.012345679012345678 0.024691358024691357 0.012345679012345678 0.027777777777777776 0.0030864197530864196 0.012345679012345678 0.027777777777777776 0.018518518518518517 0.024691358024691357 0.018518518518518517 0.024691358024691357 0.015432098765432098 0.006172839506172839 0.0030864197530864196 0.021604938271604937 0.024691358024691357 0.024691358024691357 0.027777777777777776 0.015432098765432098 0.030864197530864196 0.009259259259259259 0.024691358024691357 0.018518518518518517 0.030864197530864196 0.012345679012345678 0.021604938271604937 0.015432098765432098 0.0030864197530864196 0.021604938271604937 0.006172839506172839 0.027777777777777776 0.018518518518518517 0.006172839506172839 0.0030864197530864196 0.018518518518518517 0.0030864197530864196 0.0 
0.027932960893854747 0.025139664804469275 0.008379888268156424 0.019553072625698324 0.027932960893854747 0.027932960893854747 0.025139664804469275 0.008379888268156424 0.013966480446927373 0.00558659217877095 0.00558659217877095 0.008379888268156424 0.008379888268156424 0.019553072625698324 0.0223463687150838 0.027932960893854747 0.025139664804469275 0.0111731843575419 0.027932960893854747 0.013966480446927373 0.025139664804469275 0.013966480446927373 0.002793296089385475 0.002793296089385475 0.013966480446927373 0.0223463687150838 0.01675977653631285 0.027932960893854747 0.008379888268156424 0.027932960893854747 0.019553072625698324 0.002793296089385475 0.0111731843575419 0.019553072625698324 0.025139664804469275 0.008379888268156424 0.00558659217877095 0.002793296089385475 0.0223463687150838 0.01675977653631285 0.0223463687150838 0.019553072625698324 0.027932960893854747 0.0111731843575419 0.002793296089385475 0.013966480446927373 0.027932960893854747 0.002793296089385475 0.008379888268156424 0.002793296089385475 0.027932960893854747 0.013966480446927373 0.0223463687150838 0.013966480446927373 0.019553072625698324 0.01675977653631285 0.027932960893854747 0.01675977653631285 0.01675977653631285 0.027932960893854747 0.0 
0.009174311926605503 0.021406727828746173 0.009174311926605503 0.030581039755351674 0.015290519877675837 0.0030581039755351674 0.030581039755351674 0.02752293577981651 0.009174311926605503 0.006116207951070335 0.021406727828746173 0.006116207951070335 0.030581039755351674 0.01223241590214067 0.030581039755351674 0.009174311926605503 0.009174311926605503 0.02752293577981651 0.009174311926605503 0.018348623853211007 0.009174311926605503 0.030581039755351674 0.021406727828746173 0.021406727828746173 0.018348623853211007 0.0030581039755351674 0.018348623853211007 0.01223241590214067 0.030581039755351674 0.0030581039755351674 0.02446483180428134 0.021406727828746173 0.018348623853211007 0.02446483180428134 0.0030581039755351674 0.006116207951070335 0.030581039755351674 0.006116207951070335 0.021406727828746173 0.0030581039755351674 0.009174311926605503 0.006116207951070335 0.021406727828746173 0.018348623853211007 0.018348623853211007 0.018348623853211007 0.02752293577981651 0.030581039755351674 0.006116207951070335 0.015290519877675837 0.006116207951070335 0.018348623853211007 0.030581039755351674 0.030581039755351674 0.018348623853211007 0.01223241590214067 0.015290519877675837 0.0030581039755351674 0.01223241590214067 0.018348623853211007 0.0 
0.03378378378378379 0.027027027027027032 0.03040540540540541 0.023648648648648653 0.006756756756756758 0.010135135135135137 0.003378378378378379 0.03378378378378379 0.006756756756756758 0.003378378378378379 0.006756756756756758 0.020270270270270275 0.016891891891891896 0.010135135135135137 0.03040540540540541 0.006756756756756758 0.03378378378378379 0.03040540540540541 0.023648648648648653 0.023648648648648653 0.016891891891891896 0.010135135135135137 0.010135135135135137 0.013513513513513516 0.027027027027027032 0.016891891891891896 0.013513513513513516 0.003378378378378379 0.010135135135135137 0.006756756756756758 0.020270270270270275 0.010135135135135137 0.010135135135135137 0.003378378378378379 0.013513513513513516 0.03378378378378379 0.020270270270270275 0.006756756756756758 0.03040540540540541 0.010135135135135137 0.03040540540540541 0.006756756756756758 0.003378378378378379 0.03378378378378379 0.010135135135135137 0.020270270270270275 0.010135135135135137 0.016891891891891896 0.023648648648648653 0.020270270270270275 0.013513513513513516 0.023648648648648653 0.03378378378378379 0.013513513513513516 0.003378378378378379 0.03040540540540541 0.016891891891891896 0.003378378378378379 0.010135135135135137 0.006756756756756758 0.0 
0.0173913043478261 0.0173913043478261 0.014492753623188416 0.02608695652173915 0.02608695652173915 0.02608695652173915 0.020289855072463784 0.0173913043478261 0.02608695652173915 0.023188405797101467 0.014492753623188416 0.005797101449275367 0.005797101449275367 0.00869565217391305 0.023188405797101467 0.028985507246376833 0.020289855072463784 0.02608695652173915 0.028985507246376833 0.020289855072463784 0.023188405797101467 0.023188405797101467 0.023188405797101467 0.011594202898550733 0.02608695652173915 0.014492753623188416 0.0028985507246376834 0.028985507246376833 0.014492753623188416 0.014492753623188416 0.00869565217391305 0.0028985507246376834 0.023188405797101467 0.014492753623188416 0.00869565217391305 0.0173913043478261 0.0173913043478261 0.005797101449275367 0.0028985507246376834 0.0028985507246376834 0.02608695652173915 0.005797101449275367 0.005797101449275367 0.011594202898550733 0.0028985507246376834 0.00869565217391305 0.02608695652173915 0.028985507246376833 0.0028985507246376834 0.0173913043478261 0.00869565217391305 0.028985507246376833 0.023188405797101467 0.02608695652173915 0.00869565217391305 0.011594202898550733 0.00869565217391305 0.00869565217391305 0.028985507246376833 0.02608695652173915 0.0 
0.012618296529968456 0.003154574132492114 0.006309148264984228 0.02523659305993691 0.028391167192429026 0.018927444794952685 0.003154574132492114 0.02523659305993691 0.01577287066246057 0.009463722397476343 0.028391167192429026 0.012618296529968456 0.009463722397476343 0.012618296529968456 0.006309148264984228 0.02523659305993691 0.012618296529968456 0.018927444794952685 0.02523659305993691 0.02523659305993691 0.03154574132492114 0.01577287066246057 0.0220820189274448 0.012618296529968456 0.01577287066246057 0.028391167192429026 0.012618296529968456 0.03154574132492114 0.0220820189274448 0.018927444794952685 0.006309148264984228 0.028391167192429026 0.009463722397476343 0.028391167192429026 0.0220820189274448 0.0220820189274448 0.0220820189274448 0.009463722397476343 0.003154574132492114 0.03154574132492114 0.018927444794952685 0.003154574132492114 0.006309148264984228 0.018927444794952685 0.006309148264984228 0.012618296529968456 0.009463722397476343 0.018927444794952685 0.0220820189274448 0.009463722397476343 0.006309148264984228 0.003154574132492114 0.012618296529968456 0.0220820189274448 0.006309148264984228 0.0220820189274448 0.02523659305993691 0.01577287066246057 0.012618296529968456 0.028391167192429026 0.0 
0.008955223880597017 0.011940298507462688 0.026865671641791048 0.002985074626865672 0.011940298507462688 0.026865671641791048 0.026865671641791048 0.008955223880597017 0.026865671641791048 0.023880597014925377 0.02985074626865672 0.02985074626865672 0.017910447761194034 0.017910447761194034 0.002985074626865672 0.020895522388059706 0.011940298507462688 0.017910447761194034 0.02985074626865672 0.011940298507462688 0.023880597014925377 0.023880597014925377 0.01492537313432836 0.002985074626865672 0.026865671641791048 0.002985074626865672 0.026865671641791048 0.026865671641791048 0.002985074626865672 0.023880597014925377 0.002985074626865672 0.026865671641791048 0.026865671641791048 0.005970149253731344 0.020895522388059706 0.017910447761194034 0.023880597014925377 0.011940298507462688 0.017910447761194034 0.008955223880597017 0.02985074626865672 0.011940298507462688 0.005970149253731344 0.011940298507462688 0.005970149253731344 0.011940298507462688 0.011940298507462688 0.017910447761194034 0.01492537313432836 0.008955223880597017 0.002985074626865672 0.008955223880597017 0.02985074626865672 0.017910447761194034 0.017910447761194034 0.02985074626865672 0.026865671641791048 0.01492537313432836 0.008955223880597017 0.002985074626865672 0.0 
0.003003003003003004 0.006006006006006008 0.015015015015015018 0.027027027027027035 0.021021021021021026 0.027027027027027035 0.021021021021021026 0.015015015015015018 0.012012012012012015 0.00900900900900901 0.02402402402402403 0.015015015015015018 0.012012012012012015 0.030030030030030037 0.003003003003003004 0.00900900900900901 0.012012012012012015 0.003003003003003004 0.006006006006006008 0.006006006006006008 0.030030030030030037 0.021021021021021026 0.00900900900900901 0.006006006006006008 0.01801801801801802 0.012012012012012015 0.015015015015015018 0.02402402402402403 0.006006006006006008 0.006006006006006008 0.006006006006006008 0.030030030030030037 0.021021021021021026 0.030030030030030037 0.02402402402402403 0.00900900900900901 0.00900900900900901 0.030030030030030037 0.00900900900900901 0.02402402402402403 0.006006006006006008 0.030030030030030037 0.027027027027027035 0.027027027027027035 0.00900900900900901 0.027027027027027035 0.00900900900900901 0.030030030030030037 0.00900900900900901 0.030030030030030037 0.021021021021021026 0.030030030030030037 0.021021021021021026 0.02402402402402403 0.003003003003003004 0.02402402402402403 0.006006006006006008 0.02402402402402403 0.006006006006006008 0.021021021021021026 0.0 
0.030303030303030304 0.012121212121212121 0.006060606060606061 0.021212121212121213 0.01818181818181818 0.00909090909090909 0.00909090909090909 0.01818181818181818 0.006060606060606061 0.021212121212121213 0.02727272727272727 0.0030303030303030303 0.024242424242424242 0.006060606060606061 0.01818181818181818 0.0030303030303030303 0.015151515151515152 0.0030303030303030303 0.02727272727272727 0.024242424242424242 0.030303030303030304 0.0030303030303030303 0.00909090909090909 0.024242424242424242 0.021212121212121213 0.012121212121212121 0.006060606060606061 0.030303030303030304 0.02727272727272727 0.0030303030303030303 0.024242424242424242 0.012121212121212121 0.015151515151515152 0.021212121212121213 0.0030303030303030303 0.00909090909090909 0.01818181818181818 0.030303030303030304 0.0030303030303030303 0.006060606060606061 0.021212121212121213 0.024242424242424242 0.021212121212121213 0.024242424242424242 0.015151515151515152 0.030303030303030304 0.015151515151515152 0.00909090909090909 0.02727272727272727 0.030303030303030304 0.024242424242424242 0.01818181818181818 0.021212121212121213 0.0030303030303030303 0.00909090909090909 0.01818181818181818 0.024242424242424242 0.012121212121212121 0.01818181818181818 0.021212121212121213 0.0 
0.019543973941368073 0.02931596091205211 0.006514657980456025 0.009771986970684036 0.019543973941368073 0.006514657980456025 0.0260586319218241 0.006514657980456025 0.016286644951140062 0.02931596091205211 0.0032573289902280123 0.01302931596091205 0.019543973941368073 0.019543973941368073 0.0032573289902280123 0.01302931596091205 0.0032573289902280123 0.009771986970684036 0.009771986970684036 0.009771986970684036 0.0032573289902280123 0.019543973941368073 0.006514657980456025 0.032573289902280124 0.0260586319218241 0.02931596091205211 0.022801302931596087 0.006514657980456025 0.0260586319218241 0.032573289902280124 0.016286644951140062 0.0032573289902280123 0.009771986970684036 0.02931596091205211 0.022801302931596087 0.019543973941368073 0.019543973941368073 0.019543973941368073 0.019543973941368073 0.019543973941368073 0.0032573289902280123 0.0032573289902280123 0.01302931596091205 0.009771986970684036 0.01302931596091205 0.032573289902280124 0.01302931596091205 0.019543973941368073 0.0260586319218241 0.032573289902280124 0.032573289902280124 0.0032573289902280123 0.032573289902280124 0.022801302931596087 0.01302931596091205 0.022801302931596087 0.0260586319218241 0.0032573289902280123 0.016286644951140062 0.0032573289902280123 0.0 
0.026627218934911236 0.02958579881656804 0.02366863905325443 0.017751479289940825 0.002958579881656804 0.02071005917159763 0.005917159763313608 0.02366863905325443 0.005917159763313608 0.026627218934911236 0.01479289940828402 0.02366863905325443 0.005917159763313608 0.02366863905325443 0.01479289940828402 0.002958579881656804 0.008875739644970413 0.005917159763313608 0.01479289940828402 0.011834319526627215 0.02958579881656804 0.002958579881656804 0.01479289940828402 0.026627218934911236 0.026627218934911236 0.002958579881656804 0.005917159763313608 0.008875739644970413 0.002958579881656804 0.002958579881656804 0.02366863905325443 0.005917159763313608 0.02958579881656804 0.02958579881656804 0.017751479289940825 0.01479289940828402 0.005917159763313608 0.005917159763313608 0.02366863905325443 0.02071005917159763 0.02366863905325443 0.017751479289940825 0.017751479289940825 0.026627218934911236 0.005917159763313608 0.01479289940828402 0.02958579881656804 0.01479289940828402 0.02366863905325443 0.02366863905325443 0.02958579881656804 0.017751479289940825 0.017751479289940825 0.017751479289940825 0.02366863905325443 0.008875739644970413 0.008875739644970413 0.02366863905325443 0.02071005917159763 0.02071005917159763 0.0 
0.022222222222222223 0.019444444444444445 0.016666666666666666 0.016666666666666666 0.013888888888888888 0.002777777777777778 0.022222222222222223 0.013888888888888888 0.022222222222222223 0.025 0.027777777777777776 0.025 0.022222222222222223 0.008333333333333333 0.011111111111111112 0.011111111111111112 0.008333333333333333 0.027777777777777776 0.025 0.011111111111111112 0.027777777777777776 0.022222222222222223 0.011111111111111112 0.025 0.022222222222222223 0.027777777777777776 0.005555555555555556 0.002777777777777778 0.016666666666666666 0.027777777777777776 0.013888888888888888 0.016666666666666666 0.008333333333333333 0.019444444444444445 0.011111111111111112 0.013888888888888888 0.025 0.011111111111111112 0.019444444444444445 0.011111111111111112 0.002777777777777778 0.005555555555555556 0.002777777777777778 0.013888888888888888 0.027777777777777776 0.022222222222222223 0.008333333333333333 0.027777777777777776 0.027777777777777776 0.002777777777777778 0.025 0.005555555555555556 0.027777777777777776 0.013888888888888888 0.011111111111111112 0.005555555555555556 0.027777777777777776 0.019444444444444445 0.027777777777777776 0.002777777777777778 0.0 
0.02388059701492538 0.02089552238805971 0.029850746268656726 0.029850746268656726 0.005970149253731345 0.014925373134328363 0.029850746268656726 0.029850746268656726 0.014925373134328363 0.02388059701492538 0.029850746268656726 0.02388059701492538 0.029850746268656726 0.005970149253731345 0.0029850746268656725 0.026865671641791055 0.005970149253731345 0.008955223880597019 0.02388059701492538 0.017910447761194038 0.017910447761194038 0.0029850746268656725 0.014925373134328363 0.02089552238805971 0.017910447761194038 0.008955223880597019 0.005970149253731345 0.01194029850746269 0.01194029850746269 0.029850746268656726 0.014925373134328363 0.029850746268656726 0.0029850746268656725 0.017910447761194038 0.005970149253731345 0.0029850746268656725 0.029850746268656726 0.02089552238805971 0.017910447761194038 0.026865671641791055 0.02388059701492538 0.005970149253731345 0.005970149253731345 0.005970149253731345 0.02388059701492538 0.017910447761194038 0.005970149253731345 0.014925373134328363 0.017910447761194038 0.026865671641791055 0.026865671641791055 0.014925373134328363 0.01194029850746269 0.0029850746268656725 0.014925373134328363 0.008955223880597019 0.029850746268656726 0.0029850746268656725 0.017910447761194038 0.005970149253731345 0.0 
0.016447368421052638 0.016447368421052638 0.016447368421052638 0.032894736842105275 0.006578947368421055 0.02302631578947369 0.02302631578947369 0.009868421052631582 0.02302631578947369 0.01315789473684211 0.02302631578947369 0.01315789473684211 0.006578947368421055 0.016447368421052638 0.019736842105263164 0.019736842105263164 0.02302631578947369 0.016447368421052638 0.01315789473684211 0.029605263157894746 0.009868421052631582 0.009868421052631582 0.006578947368421055 0.009868421052631582 0.01315789473684211 0.016447368421052638 0.0032894736842105274 0.029605263157894746 0.032894736842105275 0.016447368421052638 0.029605263157894746 0.019736842105263164 0.019736842105263164 0.02302631578947369 0.0032894736842105274 0.006578947368421055 0.019736842105263164 0.02302631578947369 0.019736842105263164 0.019736842105263164 0.032894736842105275 0.006578947368421055 0.02631578947368422 0.009868421052631582 0.0032894736842105274 0.019736842105263164 0.016447368421052638 0.016447368421052638 0.01315789473684211 0.032894736842105275 0.009868421052631582 0.019736842105263164 0.0032894736842105274 0.0032894736842105274 0.02631578947368422 0.0032894736842105274 0.0032894736842105274 0.006578947368421055 0.02631578947368422 0.02631578947368422 0.0 
0.0062111801242236055 0.015527950310559015 0.024844720496894422 0.027950310559006226 0.0062111801242236055 0.0031055900621118028 0.012422360248447211 0.012422360248447211 0.027950310559006226 0.03105590062111803 0.03105590062111803 0.012422360248447211 0.015527950310559015 0.03105590062111803 0.01863354037267082 0.012422360248447211 0.024844720496894422 0.015527950310559015 0.012422360248447211 0.0062111801242236055 0.01863354037267082 0.02173913043478262 0.02173913043478262 0.024844720496894422 0.02173913043478262 0.027950310559006226 0.0031055900621118028 0.0062111801242236055 0.0062111801242236055 0.0062111801242236055 0.03105590062111803 0.0031055900621118028 0.012422360248447211 0.0031055900621118028 0.0031055900621118028 0.00931677018633541 0.03105590062111803 0.00931677018633541 0.015527950310559015 0.0031055900621118028 0.00931677018633541 0.015527950310559015 0.03105590062111803 0.024844720496894422 0.024844720496894422 0.01863354037267082 0.03105590062111803 0.0031055900621118028 0.027950310559006226 0.0031055900621118028 0.01863354037267082 0.027950310559006226 0.012422360248447211 0.02173913043478262 0.012422360248447211 0.00931677018633541 0.024844720496894422 0.01863354037267082 0.015527950310559015 0.02173913043478262 0.0 
0.009146341463414627 0.012195121951219504 0.01524390243902438 0.009146341463414627 0.003048780487804876 0.018292682926829253 0.006097560975609752 0.024390243902439008 0.03048780487804876 0.009146341463414627 0.021341463414634134 0.006097560975609752 0.006097560975609752 0.012195121951219504 0.01524390243902438 0.03048780487804876 0.009146341463414627 0.009146341463414627 0.027439024390243885 0.03048780487804876 0.012195121951219504 0.012195121951219504 0.024390243902439008 0.021341463414634134 0.018292682926829253 0.021341463414634134 0.021341463414634134 0.018292682926829253 0.012195121951219504 0.006097560975609752 0.021341463414634134 0.006097560975609752 0.027439024390243885 0.021341463414634134 0.027439024390243885 0.024390243902439008 0.009146341463414627 0.012195121951219504 0.009146341463414627 0.021341463414634134 0.012195121951219504 0.01524390243902438 0.018292682926829253 0.01524390243902438 0.006097560975609752 0.009146341463414627 0.03048780487804876 0.003048780487804876 0.03048780487804876 0.018292682926829253 0.021341463414634134 0.006097560975609752 0.021341463414634134 0.021341463414634134 0.012195121951219504 0.03048780487804876 0.009146341463414627 0.024390243902439008 0.03048780487804876 0.012195121951219504 0.0 
0.02923976608187135 0.02923976608187135 0.011695906432748539 0.02923976608187135 0.014619883040935675 0.011695906432748539 0.023391812865497078 0.023391812865497078 0.023391812865497078 0.023391812865497078 0.0058479532163742695 0.0058479532163742695 0.020467836257309944 0.01754385964912281 0.0058479532163742695 0.01754385964912281 0.008771929824561405 0.014619883040935675 0.014619883040935675 0.008771929824561405 0.008771929824561405 0.02923976608187135 0.01754385964912281 0.020467836257309944 0.008771929824561405 0.008771929824561405 0.008771929824561405 0.011695906432748539 0.02923976608187135 0.008771929824561405 0.020467836257309944 0.01754385964912281 0.02923976608187135 0.0058479532163742695 0.020467836257309944 0.0029239766081871348 0.014619883040935675 0.02923976608187135 0.014619883040935675 0.01754385964912281 0.0058479532163742695 0.014619883040935675 0.01754385964912281 0.026315789473684216 0.011695906432748539 0.026315789473684216 0.026315789473684216 0.0058479532163742695 0.020467836257309944 0.026315789473684216 0.014619883040935675 0.020467836257309944 0.01754385964912281 0.020467836257309944 0.0029239766081871348 0.0058479532163742695 0.020467836257309944 0.023391812865497078 0.0058479532163742695 0.023391812865497078 0.0 
0.021943573667711595 0.003134796238244513 0.021943573667711595 0.025078369905956105 0.003134796238244513 0.02821316614420062 0.03134796238244513 0.012539184952978052 0.018808777429467082 0.03134796238244513 0.015673981191222566 0.003134796238244513 0.009404388714733541 0.006269592476489026 0.03134796238244513 0.021943573667711595 0.003134796238244513 0.006269592476489026 0.025078369905956105 0.015673981191222566 0.015673981191222566 0.009404388714733541 0.003134796238244513 0.006269592476489026 0.02821316614420062 0.009404388714733541 0.021943573667711595 0.012539184952978052 0.012539184952978052 0.02821316614420062 0.021943573667711595 0.025078369905956105 0.012539184952978052 0.012539184952978052 0.009404388714733541 0.009404388714733541 0.03134796238244513 0.009404388714733541 0.015673981191222566 0.02821316614420062 0.03134796238244513 0.021943573667711595 0.009404388714733541 0.025078369905956105 0.025078369905956105 0.015673981191222566 0.021943573667711595 0.003134796238244513 0.021943573667711595 0.025078369905956105 0.003134796238244513 0.025078369905956105 0.012539184952978052 0.015673981191222566 0.003134796238244513 0.021943573667711595 0.021943573667711595 0.003134796238244513 0.02821316614420062 0.006269592476489026 0.0 
0.02777777777777778 0.00308641975308642 0.01234567901234568 0.0154320987654321 0.00925925925925926 0.0154320987654321 0.02777777777777778 0.01851851851851852 0.00308641975308642 0.0308641975308642 0.00617283950617284 0.00617283950617284 0.01234567901234568 0.0308641975308642 0.00308641975308642 0.01234567901234568 0.0308641975308642 0.00308641975308642 0.0308641975308642 0.00925925925925926 0.02469135802469136 0.01851851851851852 0.0154320987654321 0.01234567901234568 0.00925925925925926 0.00308641975308642 0.02469135802469136 0.00617283950617284 0.00308641975308642 0.00308641975308642 0.00617283950617284 0.00925925925925926 0.00925925925925926 0.01851851851851852 0.0308641975308642 0.01851851851851852 0.01234567901234568 0.00308641975308642 0.02469135802469136 0.02777777777777778 0.02160493827160494 0.00308641975308642 0.01851851851851852 0.02469135802469136 0.00925925925925926 0.02777777777777778 0.02777777777777778 0.01851851851851852 0.02160493827160494 0.02160493827160494 0.00925925925925926 0.02469135802469136 0.0308641975308642 0.02160493827160494 0.0154320987654321 0.01851851851851852 0.01851851851851852 0.0154320987654321 0.0308641975308642 0.0308641975308642 0.0 
0.009174311926605503 0.030581039755351674 0.009174311926605503 0.02446483180428134 0.018348623853211007 0.006116207951070335 0.015290519877675837 0.018348623853211007 0.02752293577981651 0.030581039755351674 0.021406727828746173 0.02446483180428134 0.006116207951070335 0.02752293577981651 0.006116207951070335 0.015290519877675837 0.01223241590214067 0.021406727828746173 0.02446483180428134 0.02752293577981651 0.01223241590214067 0.0030581039755351674 0.0030581039755351674 0.018348623853211007 0.0030581039755351674 0.009174311926605503 0.030581039755351674 0.015290519877675837 0.02446483180428134 0.021406727828746173 0.009174311926605503 0.02446483180428134 0.018348623853211007 0.009174311926605503 0.01223241590214067 0.01223241590214067 0.018348623853211007 0.02446483180428134 0.021406727828746173 0.02446483180428134 0.02752293577981651 0.006116207951070335 0.02446483180428134 0.006116207951070335 0.018348623853211007 0.02446483180428134 0.01223241590214067 0.021406727828746173 0.015290519877675837 0.006116207951070335 0.030581039755351674 0.018348623853211007 0.006116207951070335 0.009174311926605503 0.018348623853211007 0.009174311926605503 0.018348623853211007 0.0030581039755351674 0.01223241590214067 0.021406727828746173 0.0 
0.019543973941368073 0.009771986970684036 0.0032573289902280123 0.022801302931596087 0.009771986970684036 0.01302931596091205 0.006514657980456025 0.022801302931596087 0.01302931596091205 0.01302931596091205 0.019543973941368073 0.022801302931596087 0.022801302931596087 0.016286644951140062 0.009771986970684036 0.01302931596091205 0.01302931596091205 0.019543973941368073 0.0260586319218241 0.019543973941368073 0.016286644951140062 0.02931596091205211 0.032573289902280124 0.02931596091205211 0.016286644951140062 0.02931596091205211 0.0260586319218241 0.009771986970684036 0.019543973941368073 0.0032573289902280123 0.009771986970684036 0.01302931596091205 0.009771986970684036 0.022801302931596087 0.009771986970684036 0.019543973941368073 0.01302931596091205 0.0260586319218241 0.016286644951140062 0.019543973941368073 0.016286644951140062 0.016286644951140062 0.032573289902280124 0.01302931596091205 0.0032573289902280123 0.019543973941368073 0.006514657980456025 0.02931596091205211 0.022801302931596087 0.019543973941368073 0.009771986970684036 0.009771986970684036 0.006514657980456025 0.009771986970684036 0.02931596091205211 0.009771986970684036 0.032573289902280124 0.0032573289902280123 0.019543973941368073 0.0032573289902280123 0.0 
0.0030030030030030043 0.024024024024024034 0.02702702702702704 0.009009009009009012 0.009009009009009012 0.009009009009009012 0.015015015015015022 0.030030030030030044 0.009009009009009012 0.009009009009009012 0.021021021021021033 0.018018018018018025 0.030030030030030044 0.0060060060060060086 0.015015015015015022 0.02702702702702704 0.02702702702702704 0.024024024024024034 0.015015015015015022 0.018018018018018025 0.0060060060060060086 0.015015015015015022 0.012012012012012017 0.0030030030030030043 0.015015015015015022 0.012012012012012017 0.0060060060060060086 0.030030030030030044 0.0030030030030030043 0.018018018018018025 0.012012012012012017 0.021021021021021033 0.030030030030030044 0.030030030030030044 0.0060060060060060086 0.021021021021021033 0.0060060060060060086 0.02702702702702704 0.021021021021021033 0.030030030030030044 0.0030030030030030043 0.012012012012012017 0.0060060060060060086 0.009009009009009012 0.02702702702702704 0.012012012012012017 0.015015015015015022 0.015015015015015022 0.0030030030030030043 0.012012012012012017 0.030030030030030044 0.02702702702702704 0.030030030030030044 0.0060060060060060086 0.030030030030030044 0.015015015015015022 0.012012012012012017 0.0060060060060060086 0.030030030030030044 0.030030030030030044 0.0 
0.028571428571428564 0.01714285714285714 0.00857142857142857 0.01714285714285714 0.011428571428571427 0.0028571428571428567 0.01714285714285714 0.01714285714285714 0.011428571428571427 0.022857142857142854 0.00857142857142857 0.025714285714285707 0.005714285714285713 0.011428571428571427 0.022857142857142854 0.01714285714285714 0.00857142857142857 0.00857142857142857 0.01714285714285714 0.022857142857142854 0.019999999999999997 0.01714285714285714 0.019999999999999997 0.025714285714285707 0.028571428571428564 0.025714285714285707 0.014285714285714282 0.011428571428571427 0.005714285714285713 0.028571428571428564 0.028571428571428564 0.005714285714285713 0.022857142857142854 0.022857142857142854 0.011428571428571427 0.028571428571428564 0.022857142857142854 0.028571428571428564 0.00857142857142857 0.025714285714285707 0.005714285714285713 0.019999999999999997 0.025714285714285707 0.0028571428571428567 0.0028571428571428567 0.028571428571428564 0.00857142857142857 0.028571428571428564 0.01714285714285714 0.019999999999999997 0.028571428571428564 0.005714285714285713 0.011428571428571427 0.0028571428571428567 0.011428571428571427 0.00857142857142857 0.011428571428571427 0.025714285714285707 0.011428571428571427 0.01714285714285714 0.0 
0.003134796238244513 0.018808777429467082 0.006269592476489026 0.006269592476489026 0.009404388714733541 0.018808777429467082 0.018808777429467082 0.003134796238244513 0.02821316614420062 0.03134796238244513 0.018808777429467082 0.006269592476489026 0.03134796238244513 0.02821316614420062 0.006269592476489026 0.021943573667711595 0.025078369905956105 0.009404388714733541 0.03134796238244513 0.012539184952978052 0.02821316614420062 0.003134796238244513 0.018808777429467082 0.009404388714733541 0.018808777429467082 0.015673981191222566 0.015673981191222566 0.003134796238244513 0.025078369905956105 0.012539184952978052 0.021943573667711595 0.02821316614420062 0.006269592476489026 0.012539184952978052 0.003134796238244513 0.009404388714733541 0.015673981191222566 0.02821316614420062 0.021943573667711595 0.015673981191222566 0.015673981191222566 0.009404388714733541 0.025078369905956105 0.003134796238244513 0.012539184952978052 0.03134796238244513 0.018808777429467082 0.03134796238244513 0.015673981191222566 0.03134796238244513 0.012539184952978052 0.025078369905956105 0.006269592476489026 0.006269592476489026 0.009404388714733541 0.015673981191222566 0.006269592476489026 0.021943573667711595 0.03134796238244513 0.021943573667711595 0.0 
0.021341463414634134 0.024390243902439008 0.003048780487804876 0.018292682926829253 0.027439024390243885 0.024390243902439008 0.018292682926829253 0.018292682926829253 0.027439024390243885 0.009146341463414627 0.018292682926829253 0.01524390243902438 0.009146341463414627 0.018292682926829253 0.012195121951219504 0.018292682926829253 0.012195121951219504 0.012195121951219504 0.012195121951219504 0.021341463414634134 0.012195121951219504 0.021341463414634134 0.009146341463414627 0.003048780487804876 0.018292682926829253 0.01524390243902438 0.024390243902439008 0.009146341463414627 0.027439024390243885 0.01524390243902438 0.021341463414634134 0.006097560975609752 0.003048780487804876 0.009146341463414627 0.006097560975609752 0.01524390243902438 0.006097560975609752 0.021341463414634134 0.009146341463414627 0.021341463414634134 0.024390243902439008 0.024390243902439008 0.027439024390243885 0.012195121951219504 0.03048780487804876 0.021341463414634134 0.027439024390243885 0.03048780487804876 0.009146341463414627 0.009146341463414627 0.003048780487804876 0.01524390243902438 0.021341463414634134 0.024390243902439008 0.006097560975609752 0.012195121951219504 0.027439024390243885 0.021341463414634134 0.021341463414634134 0.01524390243902438 0.0 
0.00632911392405063 0.015822784810126576 0.009493670886075946 0.03164556962025315 0.028481012658227833 0.02531645569620252 0.022151898734177205 0.02531645569620252 0.028481012658227833 0.009493670886075946 0.009493670886075946 0.009493670886075946 0.018987341772151892 0.018987341772151892 0.022151898734177205 0.022151898734177205 0.02531645569620252 0.02531645569620252 0.022151898734177205 0.03164556962025315 0.01265822784810126 0.009493670886075946 0.01265822784810126 0.022151898734177205 0.01265822784810126 0.028481012658227833 0.003164556962025315 0.003164556962025315 0.018987341772151892 0.022151898734177205 0.02531645569620252 0.009493670886075946 0.015822784810126576 0.003164556962025315 0.022151898734177205 0.01265822784810126 0.00632911392405063 0.018987341772151892 0.015822784810126576 0.03164556962025315 0.009493670886075946 0.028481012658227833 0.003164556962025315 0.00632911392405063 0.01265822784810126 0.028481012658227833 0.028481012658227833 0.003164556962025315 0.02531645569620252 0.018987341772151892 0.003164556962025315 0.009493670886075946 0.02531645569620252 0.003164556962025315 0.02531645569620252 0.003164556962025315 0.018987341772151892 0.00632911392405063 0.009493670886075946 0.015822784810126576 0.0 
0.027173913043478264 0.01630434782608696 0.00815217391304348 0.02173913043478261 0.02445652173913044 0.02173913043478261 0.013586956521739132 0.02173913043478261 0.013586956521739132 0.0027173913043478264 0.005434782608695653 0.00815217391304348 0.027173913043478264 0.02173913043478261 0.01630434782608696 0.027173913043478264 0.02173913043478261 0.019021739130434787 0.01630434782608696 0.027173913043478264 0.027173913043478264 0.019021739130434787 0.02445652173913044 0.01630434782608696 0.013586956521739132 0.010869565217391306 0.0027173913043478264 0.02445652173913044 0.010869565217391306 0.013586956521739132 0.0027173913043478264 0.019021739130434787 0.00815217391304348 0.00815217391304348 0.00815217391304348 0.013586956521739132 0.010869565217391306 0.01630434782608696 0.0027173913043478264 0.019021739130434787 0.019021739130434787 0.0027173913043478264 0.01630434782608696 0.02173913043478261 0.02173913043478261 0.019021739130434787 0.01630434782608696 0.027173913043478264 0.013586956521739132 0.005434782608695653 0.01630434782608696 0.027173913043478264 0.013586956521739132 0.02445652173913044 0.02445652173913044 0.013586956521739132 0.027173913043478264 0.019021739130434787 0.02173913043478261 0.01630434782608696 0.0 
0.023598820058997057 0.002949852507374632 0.023598820058997057 0.02654867256637169 0.020648967551622426 0.014749262536873161 0.029498525073746323 0.029498525073746323 0.014749262536873161 0.017699115044247794 0.017699115044247794 0.029498525073746323 0.014749262536873161 0.023598820058997057 0.02654867256637169 0.02654867256637169 0.023598820058997057 0.017699115044247794 0.011799410029498528 0.014749262536873161 0.014749262536873161 0.023598820058997057 0.005899705014749264 0.002949852507374632 0.008849557522123897 0.011799410029498528 0.017699115044247794 0.002949852507374632 0.002949852507374632 0.017699115044247794 0.023598820058997057 0.008849557522123897 0.020648967551622426 0.002949852507374632 0.011799410029498528 0.029498525073746323 0.014749262536873161 0.020648967551622426 0.017699115044247794 0.023598820058997057 0.011799410029498528 0.014749262536873161 0.011799410029498528 0.005899705014749264 0.005899705014749264 0.005899705014749264 0.005899705014749264 0.002949852507374632 0.020648967551622426 0.023598820058997057 0.020648967551622426 0.014749262536873161 0.023598820058997057 0.011799410029498528 0.008849557522123897 0.014749262536873161 0.029498525073746323 0.02654867256637169 0.029498525073746323 0.017699115044247794 0.0 
0.006042296072507555 0.027190332326283997 0.006042296072507555 0.0030211480362537773 0.030211480362537776 0.027190332326283997 0.015105740181268888 0.027190332326283997 0.0030211480362537773 0.021148036253776443 0.015105740181268888 0.021148036253776443 0.0030211480362537773 0.027190332326283997 0.018126888217522667 0.01208459214501511 0.027190332326283997 0.030211480362537776 0.02416918429003022 0.02416918429003022 0.027190332326283997 0.030211480362537776 0.009063444108761334 0.018126888217522667 0.015105740181268888 0.030211480362537776 0.027190332326283997 0.021148036253776443 0.030211480362537776 0.018126888217522667 0.015105740181268888 0.027190332326283997 0.018126888217522667 0.006042296072507555 0.0030211480362537773 0.02416918429003022 0.0030211480362537773 0.015105740181268888 0.0030211480362537773 0.018126888217522667 0.015105740181268888 0.02416918429003022 0.006042296072507555 0.006042296072507555 0.0030211480362537773 0.01208459214501511 0.006042296072507555 0.0030211480362537773 0.01208459214501511 0.006042296072507555 0.021148036253776443 0.006042296072507555 0.030211480362537776 0.018126888217522667 0.018126888217522667 0.021148036253776443 0.015105740181268888 0.030211480362537776 0.009063444108761334 0.009063444108761334 0.0 
0.026785714285714284 0.005952380952380952 0.005952380952380952 0.008928571428571428 0.017857142857142856 0.005952380952380952 0.017857142857142856 0.023809523809523808 0.011904761904761904 0.002976190476190476 0.020833333333333332 0.005952380952380952 0.020833333333333332 0.005952380952380952 0.023809523809523808 0.005952380952380952 0.023809523809523808 0.017857142857142856 0.020833333333333332 0.026785714285714284 0.005952380952380952 0.01488095238095238 0.01488095238095238 0.008928571428571428 0.023809523809523808 0.011904761904761904 0.026785714285714284 0.002976190476190476 0.026785714285714284 0.023809523809523808 0.026785714285714284 0.008928571428571428 0.02976190476190476 0.02976190476190476 0.020833333333333332 0.023809523809523808 0.020833333333333332 0.008928571428571428 0.01488095238095238 0.023809523809523808 0.011904761904761904 0.023809523809523808 0.008928571428571428 0.026785714285714284 0.005952380952380952 0.02976190476190476 0.002976190476190476 0.01488095238095238 0.01488095238095238 0.023809523809523808 0.023809523809523808 0.011904761904761904 0.02976190476190476 0.020833333333333332 0.017857142857142856 0.023809523809523808 0.005952380952380952 0.005952380952380952 0.002976190476190476 0.023809523809523808 0.0 
0.008771929824561405 0.01754385964912281 0.023391812865497078 0.011695906432748539 0.0029239766081871348 0.02923976608187135 0.026315789473684216 0.0058479532163742695 0.008771929824561405 0.014619883040935675 0.008771929824561405 0.011695906432748539 0.0058479532163742695 0.026315789473684216 0.023391812865497078 0.014619883040935675 0.0029239766081871348 0.02923976608187135 0.023391812865497078 0.011695906432748539 0.02923976608187135 0.008771929824561405 0.020467836257309944 0.008771929824561405 0.020467836257309944 0.0058479532163742695 0.014619883040935675 0.011695906432748539 0.011695906432748539 0.014619883040935675 0.0029239766081871348 0.020467836257309944 0.026315789473684216 0.02923976608187135 0.023391812865497078 0.0029239766081871348 0.026315789473684216 0.026315789473684216 0.020467836257309944 0.02923976608187135 0.0058479532163742695 0.02923976608187135 0.01754385964912281 0.011695906432748539 0.026315789473684216 0.026315789473684216 0.011695906432748539 0.023391812865497078 0.02923976608187135 0.01754385964912281 0.01754385964912281 0.01754385964912281 0.026315789473684216 0.008771929824561405 0.0058479532163742695 0.023391812865497078 0.0058479532163742695 0.0029239766081871348 0.0029239766081871348 0.02923976608187135 0.0 
0.01875 0.01875 0.00625 0.021875 0.015625 0.009375 0.003125 0.021875 0.00625 0.009375 0.015625 0.0125 0.028125 0.00625 0.009375 0.03125 0.01875 0.028125 0.009375 0.009375 0.00625 0.03125 0.003125 0.0125 0.0125 0.028125 0.021875 0.015625 0.021875 0.028125 0.009375 0.01875 0.025 0.021875 0.00625 0.009375 0.025 0.0125 0.028125 0.015625 0.025 0.01875 0.025 0.021875 0.01875 0.028125 0.01875 0.009375 0.0125 0.01875 0.021875 0.0125 0.009375 0.00625 0.025 0.025 0.0125 0.01875 0.00625 0.0125 0.0 
0.017123287671232872 0.02397260273972602 0.013698630136986297 0.03082191780821917 0.010273972602739724 0.010273972602739724 0.006849315068493149 0.0034246575342465743 0.020547945205479447 0.02397260273972602 0.027397260273972594 0.013698630136986297 0.0034246575342465743 0.010273972602739724 0.0034246575342465743 0.013698630136986297 0.0034246575342465743 0.006849315068493149 0.017123287671232872 0.0034246575342465743 0.017123287671232872 0.03082191780821917 0.034246575342465745 0.013698630136986297 0.017123287671232872 0.0034246575342465743 0.0034246575342465743 0.027397260273972594 0.010273972602739724 0.027397260273972594 0.034246575342465745 0.027397260273972594 0.03082191780821917 0.027397260273972594 0.034246575342465745 0.0034246575342465743 0.02397260273972602 0.020547945205479447 0.02397260273972602 0.03082191780821917 0.027397260273972594 0.027397260273972594 0.034246575342465745 0.013698630136986297 0.0034246575342465743 0.010273972602739724 0.0034246575342465743 0.020547945205479447 0.013698630136986297 0.006849315068493149 0.03082191780821917 0.010273972602739724 0.0034246575342465743 0.006849315068493149 0.020547945205479447 0.013698630136986297 0.010273972602739724 0.013698630136986297 0.017123287671232872 0.006849315068493149 0.0 
0.009933774834437085 0.016556291390728475 0.023178807947019864 0.006622516556291389 0.009933774834437085 0.023178807947019864 0.016556291390728475 0.016556291390728475 0.013245033112582778 0.023178807947019864 0.016556291390728475 0.009933774834437085 0.016556291390728475 0.02980132450331125 0.023178807947019864 0.0033112582781456945 0.023178807947019864 0.013245033112582778 0.02980132450331125 0.016556291390728475 0.02980132450331125 0.009933774834437085 0.03311258278145695 0.006622516556291389 0.01986754966887417 0.016556291390728475 0.009933774834437085 0.03311258278145695 0.026490066225165556 0.01986754966887417 0.023178807947019864 0.023178807947019864 0.006622516556291389 0.016556291390728475 0.01986754966887417 0.006622516556291389 0.01986754966887417 0.01986754966887417 0.006622516556291389 0.009933774834437085 0.0033112582781456945 0.026490066225165556 0.016556291390728475 0.023178807947019864 0.016556291390728475 0.03311258278145695 0.01986754966887417 0.013245033112582778 0.0033112582781456945 0.006622516556291389 0.02980132450331125 0.0033112582781456945 0.006622516556291389 0.006622516556291389 0.013245033112582778 0.013245033112582778 0.016556291390728475 0.009933774834437085 0.026490066225165556 0.013245033112582778 0.0 
0.02588996763754046 0.01294498381877023 0.02588996763754046 0.03236245954692557 0.01294498381877023 0.0226537216828479 0.016181229773462785 0.02588996763754046 0.02588996763754046 0.01294498381877023 0.016181229773462785 0.03236245954692557 0.02588996763754046 0.01294498381877023 0.006472491909385115 0.00970873786407767 0.006472491909385115 0.02588996763754046 0.0226537216828479 0.0226537216828479 0.03236245954692557 0.0226537216828479 0.006472491909385115 0.006472491909385115 0.006472491909385115 0.0032362459546925577 0.0032362459546925577 0.006472491909385115 0.0226537216828479 0.00970873786407767 0.02588996763754046 0.01294498381877023 0.01941747572815534 0.006472491909385115 0.02588996763754046 0.006472491909385115 0.016181229773462785 0.0226537216828479 0.01294498381877023 0.016181229773462785 0.006472491909385115 0.00970873786407767 0.0226537216828479 0.0032362459546925577 0.016181229773462785 0.029126213592233018 0.00970873786407767 0.006472491909385115 0.00970873786407767 0.0226537216828479 0.0226537216828479 0.03236245954692557 0.006472491909385115 0.0226537216828479 0.00970873786407767 0.0226537216828479 0.016181229773462785 0.00970873786407767 0.029126213592233018 0.01294498381877023 0.0 
0.005988023952095806 0.029940119760479028 0.011976047904191612 0.026946107784431128 0.014970059880239514 0.005988023952095806 0.011976047904191612 0.020958083832335318 0.002994011976047903 0.011976047904191612 0.002994011976047903 0.014970059880239514 0.029940119760479028 0.014970059880239514 0.020958083832335318 0.005988023952095806 0.023952095808383225 0.005988023952095806 0.014970059880239514 0.014970059880239514 0.002994011976047903 0.014970059880239514 0.023952095808383225 0.014970059880239514 0.026946107784431128 0.026946107784431128 0.011976047904191612 0.026946107784431128 0.023952095808383225 0.017964071856287418 0.026946107784431128 0.005988023952095806 0.020958083832335318 0.020958083832335318 0.026946107784431128 0.026946107784431128 0.002994011976047903 0.026946107784431128 0.011976047904191612 0.020958083832335318 0.020958083832335318 0.023952095808383225 0.029940119760479028 0.005988023952095806 0.008982035928143709 0.029940119760479028 0.026946107784431128 0.017964071856287418 0.005988023952095806 0.020958083832335318 0.005988023952095806 0.002994011976047903 0.029940119760479028 0.020958083832335318 0.008982035928143709 0.011976047904191612 0.017964071856287418 0.008982035928143709 0.008982035928143709 0.014970059880239514 0.0 
0.028409090909090915 0.028409090909090915 0.025568181818181827 0.02272727272727273 0.02272727272727273 0.017045454545454548 0.017045454545454548 0.017045454545454548 0.011363636363636366 0.014204545454545458 0.0028409090909090914 0.008522727272727274 0.01988636363636364 0.005681818181818183 0.017045454545454548 0.02272727272727273 0.008522727272727274 0.025568181818181827 0.005681818181818183 0.01988636363636364 0.025568181818181827 0.017045454545454548 0.025568181818181827 0.011363636363636366 0.025568181818181827 0.0028409090909090914 0.017045454545454548 0.005681818181818183 0.025568181818181827 0.025568181818181827 0.011363636363636366 0.02272727272727273 0.028409090909090915 0.028409090909090915 0.02272727272727273 0.025568181818181827 0.0028409090909090914 0.028409090909090915 0.011363636363636366 0.025568181818181827 0.011363636363636366 0.028409090909090915 0.0028409090909090914 0.014204545454545458 0.0028409090909090914 0.011363636363636366 0.028409090909090915 0.014204545454545458 0.005681818181818183 0.01988636363636364 0.028409090909090915 0.011363636363636366 0.025568181818181827 0.0028409090909090914 0.014204545454545458 0.01988636363636364 0.005681818181818183 0.011363636363636366 0.008522727272727274 0.0028409090909090914 0.0 
0.033112582781456956 0.013245033112582781 0.009933774834437087 0.006622516556291391 0.026490066225165563 0.0033112582781456954 0.0033112582781456954 0.033112582781456956 0.019867549668874173 0.033112582781456956 0.013245033112582781 0.026490066225165563 0.029801324503311258 0.009933774834437087 0.013245033112582781 0.016556291390728478 0.013245033112582781 0.006622516556291391 0.0033112582781456954 0.016556291390728478 0.023178807947019868 0.023178807947019868 0.013245033112582781 0.029801324503311258 0.023178807947019868 0.026490066225165563 0.006622516556291391 0.023178807947019868 0.016556291390728478 0.013245033112582781 0.023178807947019868 0.033112582781456956 0.033112582781456956 0.013245033112582781 0.013245033112582781 0.009933774834437087 0.0033112582781456954 0.006622516556291391 0.0033112582781456954 0.023178807947019868 0.006622516556291391 0.009933774834437087 0.016556291390728478 0.0033112582781456954 0.009933774834437087 0.013245033112582781 0.019867549668874173 0.019867549668874173 0.029801324503311258 0.013245033112582781 0.013245033112582781 0.013245033112582781 0.016556291390728478 0.029801324503311258 0.019867549668874173 0.006622516556291391 0.019867549668874173 0.006622516556291391 0.026490066225165563 0.013245033112582781 0.0 
0.006369426751592358 0.003184713375796179 0.03184713375796179 0.012738853503184716 0.015923566878980895 0.003184713375796179 0.02866242038216561 0.003184713375796179 0.02547770700636943 0.012738853503184716 0.012738853503184716 0.006369426751592358 0.009554140127388536 0.03184713375796179 0.006369426751592358 0.03184713375796179 0.003184713375796179 0.02229299363057325 0.012738853503184716 0.003184713375796179 0.02866242038216561 0.02866242038216561 0.02229299363057325 0.012738853503184716 0.012738853503184716 0.015923566878980895 0.003184713375796179 0.02229299363057325 0.02229299363057325 0.03184713375796179 0.03184713375796179 0.003184713375796179 0.012738853503184716 0.019108280254777073 0.015923566878980895 0.02229299363057325 0.006369426751592358 0.02866242038216561 0.02866242038216561 0.009554140127388536 0.003184713375796179 0.019108280254777073 0.006369426751592358 0.02866242038216561 0.006369426751592358 0.006369426751592358 0.03184713375796179 0.015923566878980895 0.012738853503184716 0.006369426751592358 0.019108280254777073 0.02866242038216561 0.02547770700636943 0.02229299363057325 0.019108280254777073 0.012738853503184716 0.02547770700636943 0.012738853503184716 0.02866242038216561 0.006369426751592358 0.0 
0.0253623188405797 0.0326086956521739 0.0072463768115941995 0.028985507246376798 0.0072463768115941995 0.021739130434782598 0.0072463768115941995 0.014492753623188399 0.028985507246376798 0.014492753623188399 0.014492753623188399 0.010869565217391299 0.0181159420289855 0.010869565217391299 0.028985507246376798 0.010869565217391299 0.014492753623188399 0.0072463768115941995 0.0326086956521739 0.036231884057971 0.014492753623188399 0.0181159420289855 0.0253623188405797 0.0036231884057970998 0.036231884057971 0.0326086956521739 0.021739130434782598 0.0326086956521739 0.0036231884057970998 0.028985507246376798 0.0181159420289855 0.0253623188405797 0.0253623188405797 0.010869565217391299 0.0181159420289855 0.010869565217391299 0.010869565217391299 0.028985507246376798 0.0072463768115941995 0.0326086956521739 0.0181159420289855 0.0036231884057970998 0.0036231884057970998 0.0072463768115941995 0.0181159420289855 0.010869565217391299 0.021739130434782598 0.0072463768115941995 0.0072463768115941995 0.0072463768115941995 0.010869565217391299 0.0036231884057970998 0.0181159420289855 0.0036231884057970998 0.014492753623188399 0.0072463768115941995 0.0036231884057970998 0.028985507246376798 0.010869565217391299 0.014492753623188399 0.0 
0.017751479289940825 0.008875739644970413 0.026627218934911236 0.02366863905325443 0.02071005917159763 0.017751479289940825 0.017751479289940825 0.02366863905325443 0.02366863905325443 0.002958579881656804 0.026627218934911236 0.005917159763313608 0.011834319526627215 0.02071005917159763 0.02071005917159763 0.002958579881656804 0.008875739644970413 0.02958579881656804 0.026627218934911236 0.01479289940828402 0.02071005917159763 0.02958579881656804 0.002958579881656804 0.026627218934911236 0.008875739644970413 0.008875739644970413 0.002958579881656804 0.011834319526627215 0.026627218934911236 0.02071005917159763 0.017751479289940825 0.02366863905325443 0.017751479289940825 0.005917159763313608 0.02958579881656804 0.017751479289940825 0.02958579881656804 0.017751479289940825 0.005917159763313608 0.002958579881656804 0.017751479289940825 0.026627218934911236 0.008875739644970413 0.026627218934911236 0.005917159763313608 0.02366863905325443 0.026627218934911236 0.01479289940828402 0.011834319526627215 0.017751479289940825 0.02071005917159763 0.017751479289940825 0.02071005917159763 0.011834319526627215 0.017751479289940825 0.008875739644970413 0.011834319526627215 0.02071005917159763 0.005917159763313608 0.002958579881656804 0.0 
0.015105740181268886 0.018126888217522664 0.02416918429003022 0.027190332326283994 0.006042296072507555 0.006042296072507555 0.015105740181268886 0.01208459214501511 0.030211480362537773 0.006042296072507555 0.02416918429003022 0.02114803625377644 0.030211480362537773 0.018126888217522664 0.018126888217522664 0.018126888217522664 0.006042296072507555 0.009063444108761332 0.02416918429003022 0.009063444108761332 0.006042296072507555 0.018126888217522664 0.009063444108761332 0.009063444108761332 0.015105740181268886 0.02416918429003022 0.030211480362537773 0.027190332326283994 0.02114803625377644 0.009063444108761332 0.030211480362537773 0.027190332326283994 0.006042296072507555 0.02416918429003022 0.030211480362537773 0.02114803625377644 0.006042296072507555 0.02416918429003022 0.015105740181268886 0.006042296072507555 0.027190332326283994 0.01208459214501511 0.0030211480362537773 0.027190332326283994 0.009063444108761332 0.0030211480362537773 0.006042296072507555 0.02114803625377644 0.02416918429003022 0.015105740181268886 0.009063444108761332 0.030211480362537773 0.006042296072507555 0.02114803625377644 0.015105740181268886 0.015105740181268886 0.02114803625377644 0.015105740181268886 0.0030211480362537773 0.018126888217522664 0.0 
0.012779552715654955 0.02555910543130991 0.02236421725239617 0.028753993610223648 0.0063897763578274775 0.02236421725239617 0.031948881789137386 0.0031948881789137388 0.009584664536741215 0.02236421725239617 0.015974440894568693 0.01916932907348243 0.0063897763578274775 0.0031948881789137388 0.015974440894568693 0.02555910543130991 0.02236421725239617 0.02236421725239617 0.0063897763578274775 0.0031948881789137388 0.02236421725239617 0.031948881789137386 0.0031948881789137388 0.015974440894568693 0.0031948881789137388 0.0031948881789137388 0.012779552715654955 0.012779552715654955 0.02555910543130991 0.02555910543130991 0.015974440894568693 0.02555910543130991 0.0063897763578274775 0.0063897763578274775 0.028753993610223648 0.02555910543130991 0.012779552715654955 0.02555910543130991 0.02236421725239617 0.0031948881789137388 0.012779552715654955 0.009584664536741215 0.0031948881789137388 0.0063897763578274775 0.01916932907348243 0.02236421725239617 0.02555910543130991 0.0063897763578274775 0.031948881789137386 0.028753993610223648 0.02236421725239617 0.0031948881789137388 0.0031948881789137388 0.015974440894568693 0.031948881789137386 0.028753993610223648 0.015974440894568693 0.012779552715654955 0.02236421725239617 0.02236421725239617 0.0 
0.028571428571428574 0.028571428571428574 0.025000000000000005 0.025000000000000005 0.025000000000000005 0.01785714285714286 0.021428571428571432 0.0035714285714285718 0.021428571428571432 0.01785714285714286 0.028571428571428574 0.03214285714285715 0.014285714285714287 0.010714285714285716 0.0035714285714285718 0.01785714285714286 0.021428571428571432 0.010714285714285716 0.010714285714285716 0.014285714285714287 0.021428571428571432 0.014285714285714287 0.0071428571428571435 0.010714285714285716 0.0071428571428571435 0.03571428571428572 0.025000000000000005 0.021428571428571432 0.021428571428571432 0.03571428571428572 0.0035714285714285718 0.01785714285714286 0.0071428571428571435 0.010714285714285716 0.010714285714285716 0.021428571428571432 0.028571428571428574 0.0071428571428571435 0.028571428571428574 0.0035714285714285718 0.021428571428571432 0.0035714285714285718 0.01785714285714286 0.0071428571428571435 0.010714285714285716 0.0035714285714285718 0.014285714285714287 0.0035714285714285718 0.021428571428571432 0.0035714285714285718 0.025000000000000005 0.03571428571428572 0.0035714285714285718 0.0071428571428571435 0.010714285714285716 0.0035714285714285718 0.025000000000000005 0.028571428571428574 0.028571428571428574 0.0071428571428571435 0.0 
0.005917159763313609 0.014792899408284023 0.014792899408284023 0.008875739644970414 0.020710059171597635 0.011834319526627219 0.011834319526627219 0.0029585798816568047 0.005917159763313609 0.011834319526627219 0.020710059171597635 0.026627218934911243 0.008875739644970414 0.01775147928994083 0.029585798816568046 0.029585798816568046 0.020710059171597635 0.0029585798816568047 0.011834319526627219 0.011834319526627219 0.026627218934911243 0.0029585798816568047 0.026627218934911243 0.01775147928994083 0.01775147928994083 0.023668639053254437 0.029585798816568046 0.011834319526627219 0.029585798816568046 0.005917159763313609 0.008875739644970414 0.014792899408284023 0.020710059171597635 0.023668639053254437 0.029585798816568046 0.01775147928994083 0.026627218934911243 0.020710059171597635 0.014792899408284023 0.011834319526627219 0.014792899408284023 0.0029585798816568047 0.023668639053254437 0.005917159763313609 0.0029585798816568047 0.0029585798816568047 0.029585798816568046 0.014792899408284023 0.01775147928994083 0.023668639053254437 0.014792899408284023 0.026627218934911243 0.005917159763313609 0.014792899408284023 0.029585798816568046 0.020710059171597635 0.008875739644970414 0.01775147928994083 0.023668639053254437 0.026627218934911243 0.0 
0.028409090909090908 0.005681818181818182 0.011363636363636364 0.02556818181818182 0.014204545454545454 0.014204545454545454 0.022727272727272728 0.017045454545454544 0.022727272727272728 0.028409090909090908 0.019886363636363636 0.005681818181818182 0.014204545454545454 0.011363636363636364 0.011363636363636364 0.002840909090909091 0.005681818181818182 0.02556818181818182 0.019886363636363636 0.014204545454545454 0.02556818181818182 0.008522727272727272 0.028409090909090908 0.02556818181818182 0.02556818181818182 0.008522727272727272 0.019886363636363636 0.022727272727272728 0.002840909090909091 0.02556818181818182 0.02556818181818182 0.014204545454545454 0.022727272727272728 0.028409090909090908 0.005681818181818182 0.028409090909090908 0.019886363636363636 0.022727272727272728 0.014204545454545454 0.005681818181818182 0.019886363636363636 0.019886363636363636 0.028409090909090908 0.008522727272727272 0.022727272727272728 0.008522727272727272 0.014204545454545454 0.002840909090909091 0.02556818181818182 0.008522727272727272 0.014204545454545454 0.008522727272727272 0.008522727272727272 0.005681818181818182 0.005681818181818182 0.002840909090909091 0.022727272727272728 0.02556818181818182 0.028409090909090908 0.017045454545454544 0.0 
0.012012012012012008 0.02702702702702702 0.024024024024024017 0.012012012012012008 0.02702702702702702 0.018018018018018014 0.02102102102102102 0.015015015015015011 0.02102102102102102 0.024024024024024017 0.02702702702702702 0.030030030030030023 0.012012012012012008 0.030030030030030023 0.015015015015015011 0.006006006006006004 0.003003003003003002 0.024024024024024017 0.02702702702702702 0.012012012012012008 0.02702702702702702 0.02102102102102102 0.02102102102102102 0.024024024024024017 0.02702702702702702 0.02702702702702702 0.02102102102102102 0.018018018018018014 0.015015015015015011 0.006006006006006004 0.015015015015015011 0.024024024024024017 0.018018018018018014 0.030030030030030023 0.02102102102102102 0.003003003003003002 0.018018018018018014 0.003003003003003002 0.02702702702702702 0.003003003003003002 0.024024024024024017 0.006006006006006004 0.012012012012012008 0.015015015015015011 0.006006006006006004 0.003003003003003002 0.003003003003003002 0.02102102102102102 0.02102102102102102 0.018018018018018014 0.018018018018018014 0.030030030030030023 0.015015015015015011 0.003003003003003002 0.006006006006006004 0.015015015015015011 0.006006006006006004 0.003003003003003002 0.003003003003003002 0.015015015015015011 0.0 
0.012232415902140673 0.01529051987767584 0.024464831804281346 0.021406727828746176 0.024464831804281346 0.021406727828746176 0.0030581039755351682 0.009174311926605505 0.021406727828746176 0.024464831804281346 0.0061162079510703364 0.009174311926605505 0.0061162079510703364 0.01529051987767584 0.021406727828746176 0.012232415902140673 0.012232415902140673 0.01529051987767584 0.012232415902140673 0.0030581039755351682 0.024464831804281346 0.01834862385321101 0.027522935779816515 0.0061162079510703364 0.024464831804281346 0.021406727828746176 0.03058103975535168 0.024464831804281346 0.01529051987767584 0.0061162079510703364 0.01529051987767584 0.009174311926605505 0.0030581039755351682 0.027522935779816515 0.012232415902140673 0.009174311926605505 0.021406727828746176 0.03058103975535168 0.027522935779816515 0.0030581039755351682 0.0030581039755351682 0.0030581039755351682 0.024464831804281346 0.024464831804281346 0.01529051987767584 0.012232415902140673 0.009174311926605505 0.0061162079510703364 0.01834862385321101 0.027522935779816515 0.024464831804281346 0.021406727828746176 0.01529051987767584 0.01834862385321101 0.01529051987767584 0.01529051987767584 0.027522935779816515 0.03058103975535168 0.01529051987767584 0.024464831804281346 0.0 
0.01510574018126889 0.0060422960725075555 0.012084592145015111 0.018126888217522667 0.03021148036253778 0.0060422960725075555 0.03021148036253778 0.01510574018126889 0.0060422960725075555 0.0060422960725075555 0.0060422960725075555 0.018126888217522667 0.024169184290030222 0.009063444108761334 0.009063444108761334 0.0060422960725075555 0.024169184290030222 0.009063444108761334 0.03021148036253778 0.021148036253776446 0.0060422960725075555 0.012084592145015111 0.018126888217522667 0.024169184290030222 0.018126888217522667 0.024169184290030222 0.024169184290030222 0.009063444108761334 0.021148036253776446 0.0030211480362537777 0.009063444108761334 0.024169184290030222 0.0060422960725075555 0.021148036253776446 0.03021148036253778 0.018126888217522667 0.021148036253776446 0.0030211480362537777 0.0030211480362537777 0.01510574018126889 0.03021148036253778 0.027190332326283997 0.0060422960725075555 0.018126888217522667 0.03021148036253778 0.027190332326283997 0.012084592145015111 0.0060422960725075555 0.0060422960725075555 0.021148036253776446 0.03021148036253778 0.0030211480362537777 0.018126888217522667 0.03021148036253778 0.018126888217522667 0.018126888217522667 0.03021148036253778 0.021148036253776446 0.027190332326283997 0.0060422960725075555 0.0 
0.027439024390243885 0.03048780487804876 0.009146341463414627 0.01524390243902438 0.009146341463414627 0.027439024390243885 0.003048780487804876 0.012195121951219504 0.03048780487804876 0.027439024390243885 0.024390243902439008 0.012195121951219504 0.006097560975609752 0.021341463414634134 0.012195121951219504 0.012195121951219504 0.006097560975609752 0.03048780487804876 0.027439024390243885 0.027439024390243885 0.012195121951219504 0.027439024390243885 0.009146341463414627 0.021341463414634134 0.021341463414634134 0.012195121951219504 0.021341463414634134 0.018292682926829253 0.027439024390243885 0.018292682926829253 0.009146341463414627 0.03048780487804876 0.012195121951219504 0.021341463414634134 0.003048780487804876 0.006097560975609752 0.012195121951219504 0.027439024390243885 0.009146341463414627 0.027439024390243885 0.024390243902439008 0.027439024390243885 0.024390243902439008 0.018292682926829253 0.018292682926829253 0.006097560975609752 0.024390243902439008 0.024390243902439008 0.003048780487804876 0.006097560975609752 0.009146341463414627 0.027439024390243885 0.006097560975609752 0.003048780487804876 0.006097560975609752 0.003048780487804876 0.006097560975609752 0.009146341463414627 0.01524390243902438 0.018292682926829253 0.0 
0.02147239263803681 0.012269938650306749 0.018404907975460124 0.027607361963190184 0.018404907975460124 0.024539877300613498 0.027607361963190184 0.027607361963190184 0.027607361963190184 0.012269938650306749 0.009202453987730062 0.012269938650306749 0.003067484662576687 0.018404907975460124 0.012269938650306749 0.024539877300613498 0.009202453987730062 0.015337423312883436 0.024539877300613498 0.03067484662576687 0.02147239263803681 0.006134969325153374 0.03067484662576687 0.024539877300613498 0.006134969325153374 0.006134969325153374 0.018404907975460124 0.015337423312883436 0.015337423312883436 0.018404907975460124 0.003067484662576687 0.024539877300613498 0.003067484662576687 0.006134969325153374 0.02147239263803681 0.003067484662576687 0.03067484662576687 0.018404907975460124 0.015337423312883436 0.012269938650306749 0.012269938650306749 0.027607361963190184 0.003067484662576687 0.006134969325153374 0.006134969325153374 0.009202453987730062 0.018404907975460124 0.015337423312883436 0.03067484662576687 0.027607361963190184 0.024539877300613498 0.009202453987730062 0.024539877300613498 0.018404907975460124 0.018404907975460124 0.003067484662576687 0.027607361963190184 0.012269938650306749 0.015337423312883436 0.012269938650306749 0.0 
0.009230769230769232 0.012307692307692308 0.006153846153846154 0.015384615384615385 0.003076923076923077 0.009230769230769232 0.009230769230769232 0.006153846153846154 0.018461538461538463 0.012307692307692308 0.024615384615384615 0.024615384615384615 0.012307692307692308 0.018461538461538463 0.018461538461538463 0.009230769230769232 0.027692307692307693 0.024615384615384615 0.003076923076923077 0.006153846153846154 0.006153846153846154 0.012307692307692308 0.003076923076923077 0.027692307692307693 0.021538461538461538 0.009230769230769232 0.024615384615384615 0.009230769230769232 0.027692307692307693 0.018461538461538463 0.027692307692307693 0.003076923076923077 0.03076923076923077 0.012307692307692308 0.024615384615384615 0.006153846153846154 0.018461538461538463 0.024615384615384615 0.027692307692307693 0.006153846153846154 0.012307692307692308 0.021538461538461538 0.009230769230769232 0.015384615384615385 0.03076923076923077 0.03076923076923077 0.027692307692307693 0.018461538461538463 0.024615384615384615 0.012307692307692308 0.024615384615384615 0.03076923076923077 0.012307692307692308 0.003076923076923077 0.021538461538461538 0.015384615384615385 0.006153846153846154 0.015384615384615385 0.024615384615384615 0.03076923076923077 0.0 
0.006993006993006993 0.027972027972027972 0.017482517482517484 0.027972027972027972 0.027972027972027972 0.02097902097902098 0.013986013986013986 0.0034965034965034965 0.02097902097902098 0.024475524475524476 0.03146853146853147 0.0034965034965034965 0.013986013986013986 0.01048951048951049 0.03146853146853147 0.013986013986013986 0.0034965034965034965 0.017482517482517484 0.006993006993006993 0.017482517482517484 0.013986013986013986 0.027972027972027972 0.0034965034965034965 0.027972027972027972 0.024475524475524476 0.013986013986013986 0.02097902097902098 0.02097902097902098 0.017482517482517484 0.01048951048951049 0.024475524475524476 0.01048951048951049 0.02097902097902098 0.006993006993006993 0.006993006993006993 0.02097902097902098 0.01048951048951049 0.0034965034965034965 0.013986013986013986 0.03496503496503497 0.013986013986013986 0.013986013986013986 0.0034965034965034965 0.02097902097902098 0.02097902097902098 0.017482517482517484 0.02097902097902098 0.01048951048951049 0.02097902097902098 0.024475524475524476 0.01048951048951049 0.0034965034965034965 0.013986013986013986 0.024475524475524476 0.03146853146853147 0.02097902097902098 0.024475524475524476 0.0034965034965034965 0.0034965034965034965 0.017482517482517484 0.0 
0.02710843373493975 0.024096385542168666 0.0180722891566265 0.03012048192771083 0.015060240963855415 0.03012048192771083 0.00903614457831325 0.00903614457831325 0.02710843373493975 0.012048192771084333 0.024096385542168666 0.0180722891566265 0.003012048192771083 0.02710843373493975 0.00903614457831325 0.006024096385542166 0.012048192771084333 0.00903614457831325 0.0180722891566265 0.012048192771084333 0.006024096385542166 0.02710843373493975 0.00903614457831325 0.03012048192771083 0.024096385542168666 0.02710843373493975 0.006024096385542166 0.00903614457831325 0.003012048192771083 0.024096385542168666 0.012048192771084333 0.02108433734939758 0.0180722891566265 0.02108433734939758 0.0180722891566265 0.003012048192771083 0.02108433734939758 0.02108433734939758 0.03012048192771083 0.0180722891566265 0.00903614457831325 0.006024096385542166 0.0180722891566265 0.02710843373493975 0.02710843373493975 0.00903614457831325 0.02710843373493975 0.006024096385542166 0.003012048192771083 0.0180722891566265 0.0180722891566265 0.00903614457831325 0.012048192771084333 0.02108433734939758 0.015060240963855415 0.024096385542168666 0.00903614457831325 0.012048192771084333 0.012048192771084333 0.02710843373493975 0.0 
0.027322404371584688 0.02185792349726775 0.013661202185792344 0.019125683060109283 0.02185792349726775 0.02459016393442622 0.02459016393442622 0.019125683060109283 0.013661202185792344 0.010928961748633875 0.016393442622950814 0.0027322404371584686 0.010928961748633875 0.027322404371584688 0.02459016393442622 0.027322404371584688 0.019125683060109283 0.02459016393442622 0.013661202185792344 0.027322404371584688 0.005464480874316937 0.005464480874316937 0.008196721311475407 0.027322404371584688 0.008196721311475407 0.02459016393442622 0.019125683060109283 0.005464480874316937 0.013661202185792344 0.027322404371584688 0.02459016393442622 0.0027322404371584686 0.019125683060109283 0.02459016393442622 0.010928961748633875 0.010928961748633875 0.008196721311475407 0.010928961748633875 0.013661202185792344 0.005464480874316937 0.019125683060109283 0.019125683060109283 0.016393442622950814 0.027322404371584688 0.016393442622950814 0.02185792349726775 0.016393442622950814 0.02185792349726775 0.027322404371584688 0.027322404371584688 0.008196721311475407 0.019125683060109283 0.0027322404371584686 0.013661202185792344 0.02185792349726775 0.008196721311475407 0.013661202185792344 0.0027322404371584686 0.02459016393442622 0.005464480874316937 0.0 
1.0 0.0 0.0 0.0 0.0 0.0 0.0 0.0 0.0 0.0 0.0 0.0 0.0 0.0 0.0 0.0 0.0 0.0 0.0 0.0 0.0 0.0 0.0 0.0 0.0 0.0 0.0 0.0 0.0 0.0 0.0 0.0 0.0 0.0 0.0 0.0 0.0 0.0 0.0 0.0 0.0 0.0 0.0 0.0 0.0 0.0 0.0 0.0 0.0 0.0 0.0 0.0 0.0 0.0 0.0 0.0 0.0 0.0 0.0 0.0 0.0 

emissions
1 1 1 1 1 1 1 1 1 1 1 1 1 1 1 1 1 1 1 1 1 1 1 1 1 1 1 1 1 1 1 1 1 1 1 1 1 1 1 1 1 1 1 1 1 1 1 1 1 1 1 1 1 1 1 1 1 1 1 0 0 
0 0 0 0 0 0 0 0 0 0 0 0 0 0 0 0 0 0 0 0 0 0 0 0 0 0 0 0 0 0 0 0 0 0 0 0 0 0 0 0 0 0 0 0 0 0 0 0 0 0 0 0 0 0 0 0 0 0 0 0 1 
0 0 0 0 0 0 0 0 0 0 0 0 0 0 0 0 0 0 0 0 0 0 0 0 0 0 0 0 0 0 0 0 0 0 0 0 0 0 0 0 0 0 0 0 0 0 0 0 0 0 0 0 0 0 0 0 0 0 0 1 0 
