states
0 1 2 3 4 5 6 7 8 9 10 11 12 13 14 15 16 17 18 19 20 21 22 23 24 25 26 27 28 29 30 31 32 33 34 35 36 37 38 39 40 41 42 43 44 45 46 47 48 49 50 51 52 53 54 55 56 57 58 59 60 61 62 63 64 65 66 67 68 
labels
empty init elected 
initial
0.0 0.0 0.0 0.0 0.0 0.0 0.0 0.0 0.0 0.0 0.0 0.0 0.0 0.0 0.0 0.0 0.0 0.0 0.0 0.0 0.0 0.0 0.0 0.0 0.0 0.0 0.0 0.0 0.0 0.0 0.0 0.0 0.0 0.0 0.0 0.0 0.0 0.0 0.0 0.0 0.0 0.0 0.0 0.0 0.0 0.0 0.0 0.0 0.0 0.0 0.0 0.0 0.0 0.0 0.0 0.0 0.0 0.0 0.0 0.0 0.0 0.0 0.0 0.0 0.0 0.0 0.0 0.0 1.0
transitions
0.014388489208633094 0.02158273381294964 0.023980815347721823 0.014388489208633094 0.002398081534772182 0.002398081534772182 0.004796163069544364 0.019184652278177457 0.016786570743405275 0.023980815347721823 0.007194244604316547 0.011990407673860911 0.014388489208633094 0.007194244604316547 0.011990407673860911 0.007194244604316547 0.011990407673860911 0.019184652278177457 0.019184652278177457 0.023980815347721823 0.004796163069544364 0.019184652278177457 0.002398081534772182 0.016786570743405275 0.023980815347721823 0.023980815347721823 0.019184652278177457 0.016786570743405275 0.023980815347721823 0.004796163069544364 0.002398081534772182 0.004796163069544364 0.02158273381294964 0.02158273381294964 0.009592326139088728 0.023980815347721823 0.02158273381294964 0.019184652278177457 0.009592326139088728 0.016786570743405275 0.014388489208633094 0.004796163069544364 0.023980815347721823 0.009592326139088728 0.011990407673860911 0.02158273381294964 0.004796163069544364 0.011990407673860911 0.002398081534772182 0.009592326139088728 0.023980815347721823 0.007194244604316547 0.002398081534772182 0.011990407673860911 0.023980815347721823 0.007194244604316547 0.019184652278177457 0.019184652278177457 0.023980815347721823 0.02158273381294964 0.016786570743405275 0.023980815347721823 0.009592326139088728 0.019184652278177457 0.019184652278177457 0.011990407673860911 0.014388489208633094 0.023980815347721823 0.0 
0.010723860589812327 0.018766756032171573 0.024128686327077736 0.002680965147453082 0.008042895442359246 0.021447721179624655 0.021447721179624655 0.02680965147453082 0.021447721179624655 0.010723860589812327 0.002680965147453082 0.024128686327077736 0.021447721179624655 0.021447721179624655 0.005361930294906164 0.005361930294906164 0.010723860589812327 0.002680965147453082 0.024128686327077736 0.018766756032171573 0.01340482573726541 0.016085790884718492 0.018766756032171573 0.008042895442359246 0.016085790884718492 0.021447721179624655 0.024128686327077736 0.01340482573726541 0.01340482573726541 0.021447721179624655 0.021447721179624655 0.01340482573726541 0.02680965147453082 0.002680965147453082 0.008042895442359246 0.002680965147453082 0.021447721179624655 0.005361930294906164 0.021447721179624655 0.02680965147453082 0.024128686327077736 0.01340482573726541 0.002680965147453082 0.005361930294906164 0.02680965147453082 0.024128686327077736 0.008042895442359246 0.010723860589812327 0.005361930294906164 0.008042895442359246 0.021447721179624655 0.008042895442359246 0.018766756032171573 0.002680965147453082 0.02680965147453082 0.008042895442359246 0.018766756032171573 0.018766756032171573 0.008042895442359246 0.021447721179624655 0.021447721179624655 0.002680965147453082 0.018766756032171573 0.016085790884718492 0.005361930294906164 0.01340482573726541 0.018766756032171573 0.002680965147453082 0.0 
0.019498607242339833 0.016713091922005572 0.005571030640668524 0.008356545961002786 0.005571030640668524 0.016713091922005572 0.013927576601671309 0.002785515320334262 0.022284122562674095 0.025069637883008356 0.027855153203342618 0.016713091922005572 0.022284122562674095 0.002785515320334262 0.027855153203342618 0.011142061281337047 0.027855153203342618 0.005571030640668524 0.013927576601671309 0.013927576601671309 0.019498607242339833 0.025069637883008356 0.025069637883008356 0.027855153203342618 0.008356545961002786 0.022284122562674095 0.016713091922005572 0.016713091922005572 0.013927576601671309 0.016713091922005572 0.025069637883008356 0.016713091922005572 0.025069637883008356 0.005571030640668524 0.005571030640668524 0.025069637883008356 0.022284122562674095 0.002785515320334262 0.011142061281337047 0.013927576601671309 0.008356545961002786 0.002785515320334262 0.011142061281337047 0.016713091922005572 0.005571030640668524 0.008356545961002786 0.013927576601671309 0.011142061281337047 0.002785515320334262 0.019498607242339833 0.002785515320334262 0.022284122562674095 0.008356545961002786 0.025069637883008356 0.011142061281337047 0.002785515320334262 0.025069637883008356 0.013927576601671309 0.008356545961002786 0.027855153203342618 0.002785515320334262 0.011142061281337047 0.025069637883008356 0.005571030640668524 0.013927576601671309 0.011142061281337047 0.011142061281337047 0.019498607242339833 0.0 
0.021563342318059297 0.010781671159029648 0.016172506738544472 0.010781671159029648 0.008086253369272236 0.01347708894878706 0.01347708894878706 0.002695417789757412 0.010781671159029648 0.010781671159029648 0.024258760107816704 0.010781671159029648 0.016172506738544472 0.018867924528301883 0.021563342318059297 0.016172506738544472 0.005390835579514824 0.021563342318059297 0.002695417789757412 0.008086253369272236 0.024258760107816704 0.008086253369272236 0.005390835579514824 0.01347708894878706 0.002695417789757412 0.01347708894878706 0.005390835579514824 0.021563342318059297 0.010781671159029648 0.005390835579514824 0.018867924528301883 0.018867924528301883 0.02695417789757412 0.018867924528301883 0.02695417789757412 0.018867924528301883 0.002695417789757412 0.002695417789757412 0.008086253369272236 0.02695417789757412 0.018867924528301883 0.002695417789757412 0.018867924528301883 0.021563342318059297 0.002695417789757412 0.010781671159029648 0.02695417789757412 0.002695417789757412 0.010781671159029648 0.01347708894878706 0.021563342318059297 0.016172506738544472 0.010781671159029648 0.024258760107816704 0.024258760107816704 0.002695417789757412 0.018867924528301883 0.021563342318059297 0.02695417789757412 0.016172506738544472 0.01347708894878706 0.02695417789757412 0.016172506738544472 0.008086253369272236 0.016172506738544472 0.018867924528301883 0.018867924528301883 0.024258760107816704 0.0 
0.02072538860103626 0.02072538860103626 0.02072538860103626 0.007772020725388597 0.018134715025906727 0.0025906735751295325 0.015544041450777195 0.007772020725388597 0.005181347150259065 0.023316062176165792 0.015544041450777195 0.025906735751295325 0.012953367875647662 0.025906735751295325 0.005181347150259065 0.007772020725388597 0.0025906735751295325 0.012953367875647662 0.02072538860103626 0.0025906735751295325 0.018134715025906727 0.007772020725388597 0.012953367875647662 0.01036269430051813 0.018134715025906727 0.02072538860103626 0.018134715025906727 0.01036269430051813 0.0025906735751295325 0.018134715025906727 0.012953367875647662 0.02072538860103626 0.018134715025906727 0.007772020725388597 0.025906735751295325 0.015544041450777195 0.025906735751295325 0.025906735751295325 0.025906735751295325 0.023316062176165792 0.018134715025906727 0.012953367875647662 0.007772020725388597 0.025906735751295325 0.012953367875647662 0.0025906735751295325 0.0025906735751295325 0.01036269430051813 0.012953367875647662 0.025906735751295325 0.01036269430051813 0.025906735751295325 0.005181347150259065 0.007772020725388597 0.015544041450777195 0.012953367875647662 0.0025906735751295325 0.023316062176165792 0.007772020725388597 0.01036269430051813 0.025906735751295325 0.025906735751295325 0.012953367875647662 0.012953367875647662 0.023316062176165792 0.007772020725388597 0.005181347150259065 0.018134715025906727 0.0 
0.01058201058201058 0.0238095238095238 0.026455026455026447 0.02116402116402116 0.002645502645502645 0.01587301587301587 0.007936507936507934 0.007936507936507934 0.0238095238095238 0.01587301587301587 0.002645502645502645 0.01587301587301587 0.026455026455026447 0.0238095238095238 0.018518518518518514 0.018518518518518514 0.002645502645502645 0.013227513227513223 0.02116402116402116 0.01058201058201058 0.002645502645502645 0.00529100529100529 0.018518518518518514 0.002645502645502645 0.018518518518518514 0.00529100529100529 0.018518518518518514 0.013227513227513223 0.007936507936507934 0.01587301587301587 0.013227513227513223 0.018518518518518514 0.007936507936507934 0.026455026455026447 0.007936507936507934 0.02116402116402116 0.01587301587301587 0.002645502645502645 0.02116402116402116 0.0238095238095238 0.0238095238095238 0.0238095238095238 0.002645502645502645 0.02116402116402116 0.007936507936507934 0.002645502645502645 0.02116402116402116 0.00529100529100529 0.00529100529100529 0.026455026455026447 0.01587301587301587 0.00529100529100529 0.01587301587301587 0.026455026455026447 0.018518518518518514 0.013227513227513223 0.026455026455026447 0.0238095238095238 0.02116402116402116 0.01587301587301587 0.00529100529100529 0.0238095238095238 0.002645502645502645 0.01587301587301587 0.01058201058201058 0.026455026455026447 0.002645502645502645 0.013227513227513223 0.0 
0.025862068965517244 0.020114942528735635 0.008620689655172415 0.014367816091954025 0.01149425287356322 0.008620689655172415 0.002873563218390805 0.002873563218390805 0.014367816091954025 0.008620689655172415 0.01724137931034483 0.002873563218390805 0.002873563218390805 0.01149425287356322 0.025862068965517244 0.01724137931034483 0.01149425287356322 0.00574712643678161 0.014367816091954025 0.02298850574712644 0.01149425287356322 0.008620689655172415 0.008620689655172415 0.008620689655172415 0.020114942528735635 0.020114942528735635 0.002873563218390805 0.00574712643678161 0.01724137931034483 0.020114942528735635 0.01724137931034483 0.025862068965517244 0.025862068965517244 0.01724137931034483 0.01724137931034483 0.02298850574712644 0.01724137931034483 0.02873563218390805 0.00574712643678161 0.01149425287356322 0.02873563218390805 0.01149425287356322 0.01149425287356322 0.01149425287356322 0.020114942528735635 0.00574712643678161 0.01149425287356322 0.002873563218390805 0.01724137931034483 0.002873563218390805 0.01724137931034483 0.008620689655172415 0.02298850574712644 0.020114942528735635 0.014367816091954025 0.002873563218390805 0.008620689655172415 0.014367816091954025 0.025862068965517244 0.02298850574712644 0.020114942528735635 0.02298850574712644 0.02298850574712644 0.00574712643678161 0.02298850574712644 0.02298850574712644 0.01149425287356322 0.025862068965517244 0.0 
0.012121212121212118 0.0030303030303030294 0.02121212121212121 0.012121212121212118 0.0030303030303030294 0.02121212121212121 0.018181818181818177 0.030303030303030297 0.02121212121212121 0.015151515151515148 0.02121212121212121 0.02121212121212121 0.009090909090909089 0.009090909090909089 0.015151515151515148 0.006060606060606059 0.009090909090909089 0.012121212121212118 0.030303030303030297 0.012121212121212118 0.02121212121212121 0.024242424242424235 0.0030303030303030294 0.012121212121212118 0.012121212121212118 0.02121212121212121 0.027272727272727264 0.02121212121212121 0.018181818181818177 0.006060606060606059 0.012121212121212118 0.009090909090909089 0.02121212121212121 0.012121212121212118 0.02121212121212121 0.024242424242424235 0.009090909090909089 0.027272727272727264 0.0030303030303030294 0.006060606060606059 0.027272727272727264 0.02121212121212121 0.0030303030303030294 0.0030303030303030294 0.006060606060606059 0.009090909090909089 0.024242424242424235 0.024242424242424235 0.015151515151515148 0.015151515151515148 0.0030303030303030294 0.006060606060606059 0.0030303030303030294 0.027272727272727264 0.018181818181818177 0.02121212121212121 0.009090909090909089 0.018181818181818177 0.015151515151515148 0.012121212121212118 0.0030303030303030294 0.02121212121212121 0.009090909090909089 0.006060606060606059 0.030303030303030297 0.015151515151515148 0.015151515151515148 0.0030303030303030294 0.0 
0.02739726027397261 0.02465753424657535 0.02191780821917809 0.02191780821917809 0.01917808219178083 0.005479452054794522 0.02191780821917809 0.008219178082191783 0.013698630136986306 0.016438356164383567 0.01917808219178083 0.02191780821917809 0.008219178082191783 0.002739726027397261 0.016438356164383567 0.008219178082191783 0.02191780821917809 0.02739726027397261 0.02739726027397261 0.02191780821917809 0.005479452054794522 0.005479452054794522 0.013698630136986306 0.01917808219178083 0.016438356164383567 0.01917808219178083 0.013698630136986306 0.005479452054794522 0.005479452054794522 0.016438356164383567 0.005479452054794522 0.008219178082191783 0.01917808219178083 0.008219178082191783 0.010958904109589045 0.010958904109589045 0.008219178082191783 0.010958904109589045 0.002739726027397261 0.002739726027397261 0.005479452054794522 0.016438356164383567 0.002739726027397261 0.016438356164383567 0.02465753424657535 0.02465753424657535 0.002739726027397261 0.002739726027397261 0.002739726027397261 0.02739726027397261 0.02465753424657535 0.016438356164383567 0.02739726027397261 0.010958904109589045 0.013698630136986306 0.002739726027397261 0.02739726027397261 0.02465753424657535 0.01917808219178083 0.010958904109589045 0.02739726027397261 0.02739726027397261 0.002739726027397261 0.02465753424657535 0.005479452054794522 0.01917808219178083 0.01917808219178083 0.005479452054794522 0.0 
0.01058201058201058 0.02116402116402116 0.01058201058201058 0.007936507936507934 0.01058201058201058 0.002645502645502645 0.007936507936507934 0.0238095238095238 0.007936507936507934 0.026455026455026447 0.002645502645502645 0.00529100529100529 0.01058201058201058 0.026455026455026447 0.013227513227513223 0.0238095238095238 0.0238095238095238 0.0238095238095238 0.007936507936507934 0.0238095238095238 0.018518518518518514 0.013227513227513223 0.026455026455026447 0.002645502645502645 0.01587301587301587 0.01587301587301587 0.018518518518518514 0.00529100529100529 0.02116402116402116 0.018518518518518514 0.01587301587301587 0.02116402116402116 0.00529100529100529 0.026455026455026447 0.02116402116402116 0.01587301587301587 0.018518518518518514 0.02116402116402116 0.018518518518518514 0.02116402116402116 0.01587301587301587 0.018518518518518514 0.0238095238095238 0.02116402116402116 0.013227513227513223 0.007936507936507934 0.013227513227513223 0.002645502645502645 0.002645502645502645 0.01058201058201058 0.01587301587301587 0.026455026455026447 0.002645502645502645 0.01058201058201058 0.018518518518518514 0.01587301587301587 0.00529100529100529 0.00529100529100529 0.0238095238095238 0.013227513227513223 0.02116402116402116 0.002645502645502645 0.00529100529100529 0.02116402116402116 0.00529100529100529 0.01587301587301587 0.013227513227513223 0.01587301587301587 0.0 
0.021212121212121217 0.009090909090909092 0.018181818181818184 0.012121212121212123 0.030303030303030307 0.012121212121212123 0.030303030303030307 0.018181818181818184 0.0060606060606060615 0.030303030303030307 0.024242424242424246 0.024242424242424246 0.0030303030303030307 0.027272727272727275 0.021212121212121217 0.0060606060606060615 0.009090909090909092 0.0030303030303030307 0.015151515151515154 0.015151515151515154 0.021212121212121217 0.0060606060606060615 0.0030303030303030307 0.030303030303030307 0.015151515151515154 0.030303030303030307 0.012121212121212123 0.0030303030303030307 0.018181818181818184 0.0060606060606060615 0.0060606060606060615 0.030303030303030307 0.021212121212121217 0.0030303030303030307 0.009090909090909092 0.027272727272727275 0.012121212121212123 0.024242424242424246 0.009090909090909092 0.018181818181818184 0.021212121212121217 0.0030303030303030307 0.015151515151515154 0.009090909090909092 0.012121212121212123 0.0060606060606060615 0.0030303030303030307 0.018181818181818184 0.024242424242424246 0.0030303030303030307 0.009090909090909092 0.009090909090909092 0.0030303030303030307 0.030303030303030307 0.018181818181818184 0.0060606060606060615 0.0060606060606060615 0.021212121212121217 0.012121212121212123 0.009090909090909092 0.0060606060606060615 0.0060606060606060615 0.009090909090909092 0.024242424242424246 0.018181818181818184 0.009090909090909092 0.030303030303030307 0.015151515151515154 0.0 
0.020565552699228787 0.010282776349614393 0.01542416452442159 0.0025706940874035984 0.007712082262210795 0.005141388174807197 0.012853470437017992 0.025706940874035984 0.012853470437017992 0.01799485861182519 0.025706940874035984 0.010282776349614393 0.023136246786632387 0.023136246786632387 0.020565552699228787 0.005141388174807197 0.023136246786632387 0.020565552699228787 0.023136246786632387 0.025706940874035984 0.007712082262210795 0.007712082262210795 0.01542416452442159 0.01542416452442159 0.010282776349614393 0.01542416452442159 0.025706940874035984 0.007712082262210795 0.020565552699228787 0.012853470437017992 0.005141388174807197 0.01799485861182519 0.025706940874035984 0.023136246786632387 0.005141388174807197 0.023136246786632387 0.005141388174807197 0.01799485861182519 0.007712082262210795 0.01799485861182519 0.005141388174807197 0.023136246786632387 0.010282776349614393 0.020565552699228787 0.0025706940874035984 0.020565552699228787 0.0025706940874035984 0.0025706940874035984 0.020565552699228787 0.010282776349614393 0.025706940874035984 0.01542416452442159 0.007712082262210795 0.01542416452442159 0.005141388174807197 0.007712082262210795 0.01542416452442159 0.010282776349614393 0.010282776349614393 0.01799485861182519 0.005141388174807197 0.023136246786632387 0.005141388174807197 0.023136246786632387 0.01799485861182519 0.012853470437017992 0.01799485861182519 0.025706940874035984 0.0 
0.016216216216216217 0.013513513513513514 0.021621621621621623 0.008108108108108109 0.002702702702702703 0.008108108108108109 0.002702702702702703 0.016216216216216217 0.02702702702702703 0.013513513513513514 0.005405405405405406 0.013513513513513514 0.016216216216216217 0.008108108108108109 0.02702702702702703 0.010810810810810811 0.005405405405405406 0.016216216216216217 0.005405405405405406 0.005405405405405406 0.021621621621621623 0.005405405405405406 0.008108108108108109 0.01891891891891892 0.002702702702702703 0.021621621621621623 0.021621621621621623 0.013513513513513514 0.010810810810810811 0.008108108108108109 0.021621621621621623 0.024324324324324326 0.016216216216216217 0.008108108108108109 0.013513513513513514 0.02702702702702703 0.008108108108108109 0.008108108108108109 0.010810810810810811 0.016216216216216217 0.02702702702702703 0.01891891891891892 0.013513513513513514 0.02702702702702703 0.002702702702702703 0.008108108108108109 0.024324324324324326 0.010810810810810811 0.021621621621621623 0.010810810810810811 0.02702702702702703 0.008108108108108109 0.010810810810810811 0.024324324324324326 0.024324324324324326 0.002702702702702703 0.008108108108108109 0.01891891891891892 0.024324324324324326 0.010810810810810811 0.01891891891891892 0.013513513513513514 0.02702702702702703 0.021621621621621623 0.01891891891891892 0.010810810810810811 0.008108108108108109 0.02702702702702703 0.0 
0.005291005291005291 0.015873015873015872 0.015873015873015872 0.018518518518518517 0.026455026455026454 0.013227513227513227 0.018518518518518517 0.021164021164021163 0.023809523809523808 0.015873015873015872 0.021164021164021163 0.007936507936507936 0.015873015873015872 0.010582010582010581 0.013227513227513227 0.015873015873015872 0.026455026455026454 0.007936507936507936 0.013227513227513227 0.0026455026455026454 0.010582010582010581 0.015873015873015872 0.007936507936507936 0.018518518518518517 0.007936507936507936 0.023809523809523808 0.0026455026455026454 0.007936507936507936 0.018518518518518517 0.013227513227513227 0.023809523809523808 0.013227513227513227 0.010582010582010581 0.013227513227513227 0.026455026455026454 0.023809523809523808 0.010582010582010581 0.015873015873015872 0.007936507936507936 0.0026455026455026454 0.021164021164021163 0.026455026455026454 0.023809523809523808 0.005291005291005291 0.013227513227513227 0.018518518518518517 0.005291005291005291 0.018518518518518517 0.026455026455026454 0.010582010582010581 0.013227513227513227 0.010582010582010581 0.021164021164021163 0.010582010582010581 0.023809523809523808 0.010582010582010581 0.013227513227513227 0.013227513227513227 0.013227513227513227 0.018518518518518517 0.010582010582010581 0.0026455026455026454 0.013227513227513227 0.018518518518518517 0.013227513227513227 0.026455026455026454 0.010582010582010581 0.0026455026455026454 0.0 
0.018324607329842927 0.007853403141361254 0.02617801047120418 0.007853403141361254 0.02617801047120418 0.0026178010471204186 0.005235602094240837 0.007853403141361254 0.01308900523560209 0.018324607329842927 0.0026178010471204186 0.018324607329842927 0.0026178010471204186 0.0026178010471204186 0.007853403141361254 0.018324607329842927 0.01308900523560209 0.005235602094240837 0.01570680628272251 0.023560209424083763 0.007853403141361254 0.007853403141361254 0.018324607329842927 0.01570680628272251 0.005235602094240837 0.007853403141361254 0.02094240837696335 0.018324607329842927 0.02094240837696335 0.01308900523560209 0.01570680628272251 0.02094240837696335 0.007853403141361254 0.010471204188481674 0.02094240837696335 0.01308900523560209 0.005235602094240837 0.01570680628272251 0.023560209424083763 0.010471204188481674 0.005235602094240837 0.0026178010471204186 0.023560209424083763 0.023560209424083763 0.01308900523560209 0.01308900523560209 0.007853403141361254 0.018324607329842927 0.023560209424083763 0.01570680628272251 0.02094240837696335 0.02094240837696335 0.02617801047120418 0.02094240837696335 0.023560209424083763 0.023560209424083763 0.02617801047120418 0.01308900523560209 0.02617801047120418 0.018324607329842927 0.007853403141361254 0.010471204188481674 0.01308900523560209 0.010471204188481674 0.01570680628272251 0.007853403141361254 0.018324607329842927 0.02617801047120418 0.0 
0.016908212560386476 0.002415458937198068 0.01207729468599034 0.019323671497584544 0.009661835748792272 0.019323671497584544 0.016908212560386476 0.014492753623188408 0.002415458937198068 0.007246376811594204 0.02415458937198068 0.02415458937198068 0.009661835748792272 0.007246376811594204 0.014492753623188408 0.004830917874396136 0.019323671497584544 0.02415458937198068 0.02173913043478261 0.019323671497584544 0.009661835748792272 0.004830917874396136 0.019323671497584544 0.009661835748792272 0.019323671497584544 0.02415458937198068 0.009661835748792272 0.02173913043478261 0.019323671497584544 0.01207729468599034 0.02415458937198068 0.02173913043478261 0.02415458937198068 0.014492753623188408 0.016908212560386476 0.002415458937198068 0.009661835748792272 0.009661835748792272 0.014492753623188408 0.004830917874396136 0.02173913043478261 0.014492753623188408 0.007246376811594204 0.009661835748792272 0.009661835748792272 0.019323671497584544 0.016908212560386476 0.02173913043478261 0.019323671497584544 0.02173913043478261 0.007246376811594204 0.019323671497584544 0.019323671497584544 0.02173913043478261 0.019323671497584544 0.007246376811594204 0.009661835748792272 0.019323671497584544 0.002415458937198068 0.01207729468599034 0.002415458937198068 0.02173913043478261 0.02415458937198068 0.01207729468599034 0.007246376811594204 0.019323671497584544 0.02173913043478261 0.009661835748792272 0.0 
0.011904761904761908 0.0023809523809523816 0.019047619047619053 0.019047619047619053 0.023809523809523815 0.021428571428571432 0.019047619047619053 0.004761904761904763 0.011904761904761908 0.021428571428571432 0.009523809523809526 0.023809523809523815 0.011904761904761908 0.007142857142857144 0.023809523809523815 0.0023809523809523816 0.004761904761904763 0.007142857142857144 0.021428571428571432 0.009523809523809526 0.01666666666666667 0.023809523809523815 0.019047619047619053 0.021428571428571432 0.01666666666666667 0.023809523809523815 0.023809523809523815 0.023809523809523815 0.021428571428571432 0.007142857142857144 0.004761904761904763 0.01666666666666667 0.011904761904761908 0.023809523809523815 0.009523809523809526 0.004761904761904763 0.009523809523809526 0.01666666666666667 0.014285714285714289 0.011904761904761908 0.023809523809523815 0.01666666666666667 0.021428571428571432 0.011904761904761908 0.0023809523809523816 0.009523809523809526 0.023809523809523815 0.009523809523809526 0.021428571428571432 0.007142857142857144 0.021428571428571432 0.019047619047619053 0.011904761904761908 0.01666666666666667 0.011904761904761908 0.019047619047619053 0.014285714285714289 0.014285714285714289 0.011904761904761908 0.019047619047619053 0.019047619047619053 0.007142857142857144 0.021428571428571432 0.004761904761904763 0.019047619047619053 0.004761904761904763 0.014285714285714289 0.004761904761904763 0.0 
0.028124999999999994 0.006249999999999999 0.009374999999999998 0.009374999999999998 0.0031249999999999993 0.012499999999999997 0.012499999999999997 0.015624999999999997 0.024999999999999994 0.024999999999999994 0.012499999999999997 0.024999999999999994 0.021874999999999995 0.018749999999999996 0.024999999999999994 0.009374999999999998 0.024999999999999994 0.018749999999999996 0.018749999999999996 0.028124999999999994 0.024999999999999994 0.006249999999999999 0.015624999999999997 0.009374999999999998 0.006249999999999999 0.015624999999999997 0.024999999999999994 0.021874999999999995 0.015624999999999997 0.006249999999999999 0.012499999999999997 0.0031249999999999993 0.006249999999999999 0.015624999999999997 0.0031249999999999993 0.0031249999999999993 0.009374999999999998 0.015624999999999997 0.028124999999999994 0.024999999999999994 0.012499999999999997 0.006249999999999999 0.0031249999999999993 0.018749999999999996 0.024999999999999994 0.006249999999999999 0.015624999999999997 0.028124999999999994 0.015624999999999997 0.009374999999999998 0.006249999999999999 0.012499999999999997 0.006249999999999999 0.024999999999999994 0.024999999999999994 0.0031249999999999993 0.024999999999999994 0.009374999999999998 0.012499999999999997 0.015624999999999997 0.0031249999999999993 0.015624999999999997 0.015624999999999997 0.015624999999999997 0.015624999999999997 0.009374999999999998 0.009374999999999998 0.015624999999999997 0.0 
0.011627906976744175 0.002906976744186044 0.008720930232558132 0.011627906976744175 0.017441860465116265 0.005813953488372088 0.002906976744186044 0.02906976744186044 0.011627906976744175 0.026162790697674396 0.02034883720930231 0.02325581395348835 0.002906976744186044 0.026162790697674396 0.002906976744186044 0.01453488372093022 0.026162790697674396 0.026162790697674396 0.011627906976744175 0.005813953488372088 0.008720930232558132 0.02325581395348835 0.02034883720930231 0.02325581395348835 0.011627906976744175 0.002906976744186044 0.011627906976744175 0.011627906976744175 0.011627906976744175 0.005813953488372088 0.008720930232558132 0.002906976744186044 0.011627906976744175 0.02325581395348835 0.017441860465116265 0.026162790697674396 0.002906976744186044 0.01453488372093022 0.005813953488372088 0.01453488372093022 0.02034883720930231 0.026162790697674396 0.026162790697674396 0.002906976744186044 0.002906976744186044 0.02034883720930231 0.02034883720930231 0.026162790697674396 0.02906976744186044 0.011627906976744175 0.02906976744186044 0.02325581395348835 0.005813953488372088 0.002906976744186044 0.011627906976744175 0.005813953488372088 0.02906976744186044 0.011627906976744175 0.02906976744186044 0.011627906976744175 0.008720930232558132 0.02034883720930231 0.005813953488372088 0.02325581395348835 0.011627906976744175 0.02325581395348835 0.002906976744186044 0.011627906976744175 0.0 
0.010610079575596815 0.02387267904509283 0.026525198938992037 0.0026525198938992037 0.026525198938992037 0.015915119363395222 0.010610079575596815 0.013262599469496018 0.013262599469496018 0.0026525198938992037 0.02387267904509283 0.02387267904509283 0.02122015915119363 0.02387267904509283 0.010610079575596815 0.007957559681697611 0.010610079575596815 0.005305039787798407 0.026525198938992037 0.026525198938992037 0.013262599469496018 0.015915119363395222 0.026525198938992037 0.013262599469496018 0.02387267904509283 0.018567639257294426 0.015915119363395222 0.0026525198938992037 0.02387267904509283 0.018567639257294426 0.018567639257294426 0.02387267904509283 0.018567639257294426 0.013262599469496018 0.0026525198938992037 0.013262599469496018 0.015915119363395222 0.013262599469496018 0.026525198938992037 0.007957559681697611 0.0026525198938992037 0.007957559681697611 0.010610079575596815 0.018567639257294426 0.02387267904509283 0.02122015915119363 0.007957559681697611 0.005305039787798407 0.010610079575596815 0.005305039787798407 0.007957559681697611 0.007957559681697611 0.010610079575596815 0.026525198938992037 0.007957559681697611 0.018567639257294426 0.007957559681697611 0.026525198938992037 0.005305039787798407 0.005305039787798407 0.015915119363395222 0.013262599469496018 0.02387267904509283 0.013262599469496018 0.02122015915119363 0.007957559681697611 0.010610079575596815 0.0026525198938992037 0.0 
0.0160427807486631 0.024064171122994645 0.00802139037433155 0.026737967914438495 0.013368983957219248 0.0026737967914438497 0.0026737967914438497 0.010695187165775399 0.013368983957219248 0.026737967914438495 0.018716577540106947 0.021390374331550797 0.018716577540106947 0.024064171122994645 0.0026737967914438497 0.024064171122994645 0.0026737967914438497 0.0160427807486631 0.00802139037433155 0.0026737967914438497 0.024064171122994645 0.018716577540106947 0.005347593582887699 0.026737967914438495 0.0160427807486631 0.0026737967914438497 0.0026737967914438497 0.024064171122994645 0.005347593582887699 0.010695187165775399 0.021390374331550797 0.0160427807486631 0.005347593582887699 0.00802139037433155 0.018716577540106947 0.010695187165775399 0.00802139037433155 0.005347593582887699 0.024064171122994645 0.018716577540106947 0.0160427807486631 0.026737967914438495 0.005347593582887699 0.0160427807486631 0.005347593582887699 0.018716577540106947 0.010695187165775399 0.0026737967914438497 0.0160427807486631 0.021390374331550797 0.010695187165775399 0.00802139037433155 0.026737967914438495 0.013368983957219248 0.013368983957219248 0.013368983957219248 0.026737967914438495 0.026737967914438495 0.026737967914438495 0.013368983957219248 0.024064171122994645 0.005347593582887699 0.018716577540106947 0.018716577540106947 0.021390374331550797 0.00802139037433155 0.013368983957219248 0.0160427807486631 0.0 
0.022160664819944612 0.011080332409972306 0.022160664819944612 0.005540166204986153 0.019390581717451533 0.022160664819944612 0.02770083102493076 0.01385041551246538 0.02493074792243769 0.022160664819944612 0.0027700831024930765 0.01385041551246538 0.005540166204986153 0.02770083102493076 0.022160664819944612 0.02493074792243769 0.019390581717451533 0.02770083102493076 0.005540166204986153 0.02493074792243769 0.011080332409972306 0.01385041551246538 0.022160664819944612 0.00831024930747923 0.00831024930747923 0.019390581717451533 0.005540166204986153 0.00831024930747923 0.00831024930747923 0.005540166204986153 0.01662049861495846 0.01662049861495846 0.00831024930747923 0.011080332409972306 0.011080332409972306 0.011080332409972306 0.0027700831024930765 0.01662049861495846 0.011080332409972306 0.005540166204986153 0.0027700831024930765 0.019390581717451533 0.01385041551246538 0.011080332409972306 0.005540166204986153 0.01662049861495846 0.01662049861495846 0.02770083102493076 0.0027700831024930765 0.019390581717451533 0.022160664819944612 0.02493074792243769 0.00831024930747923 0.02493074792243769 0.01662049861495846 0.0027700831024930765 0.02493074792243769 0.00831024930747923 0.02493074792243769 0.02770083102493076 0.01385041551246538 0.005540166204986153 0.00831024930747923 0.005540166204986153 0.019390581717451533 0.01662049861495846 0.0027700831024930765 0.019390581717451533 0.0 
0.005780346820809246 0.002890173410404623 0.005780346820809246 0.011560693641618491 0.017341040462427737 0.014450867052023114 0.023121387283236983 0.02023121387283236 0.014450867052023114 0.008670520231213869 0.02890173410404623 0.011560693641618491 0.008670520231213869 0.02601156069364161 0.014450867052023114 0.008670520231213869 0.017341040462427737 0.005780346820809246 0.008670520231213869 0.017341040462427737 0.011560693641618491 0.011560693641618491 0.011560693641618491 0.008670520231213869 0.02601156069364161 0.005780346820809246 0.02890173410404623 0.02023121387283236 0.014450867052023114 0.011560693641618491 0.014450867052023114 0.02601156069364161 0.011560693641618491 0.02601156069364161 0.023121387283236983 0.005780346820809246 0.011560693641618491 0.014450867052023114 0.002890173410404623 0.008670520231213869 0.011560693641618491 0.014450867052023114 0.008670520231213869 0.002890173410404623 0.017341040462427737 0.02601156069364161 0.023121387283236983 0.02601156069364161 0.02601156069364161 0.014450867052023114 0.02023121387283236 0.011560693641618491 0.014450867052023114 0.017341040462427737 0.005780346820809246 0.014450867052023114 0.017341040462427737 0.008670520231213869 0.014450867052023114 0.002890173410404623 0.02601156069364161 0.011560693641618491 0.023121387283236983 0.002890173410404623 0.011560693641618491 0.017341040462427737 0.017341040462427737 0.02601156069364161 0.0 
0.00821917808219178 0.005479452054794521 0.0273972602739726 0.010958904109589041 0.005479452054794521 0.00821917808219178 0.024657534246575342 0.0273972602739726 0.0273972602739726 0.0273972602739726 0.0027397260273972603 0.005479452054794521 0.0027397260273972603 0.010958904109589041 0.005479452054794521 0.0027397260273972603 0.019178082191780823 0.010958904109589041 0.01643835616438356 0.01643835616438356 0.005479452054794521 0.0136986301369863 0.0273972602739726 0.0136986301369863 0.0027397260273972603 0.021917808219178082 0.021917808219178082 0.01643835616438356 0.0136986301369863 0.010958904109589041 0.021917808219178082 0.01643835616438356 0.0027397260273972603 0.0273972602739726 0.021917808219178082 0.0027397260273972603 0.024657534246575342 0.021917808219178082 0.021917808219178082 0.0136986301369863 0.005479452054794521 0.01643835616438356 0.0027397260273972603 0.00821917808219178 0.010958904109589041 0.021917808219178082 0.021917808219178082 0.021917808219178082 0.0027397260273972603 0.00821917808219178 0.01643835616438356 0.019178082191780823 0.00821917808219178 0.010958904109589041 0.024657534246575342 0.01643835616438356 0.005479452054794521 0.00821917808219178 0.019178082191780823 0.01643835616438356 0.01643835616438356 0.019178082191780823 0.024657534246575342 0.00821917808219178 0.021917808219178082 0.00821917808219178 0.0273972602739726 0.019178082191780823 0.0 
0.012886597938144331 0.005154639175257733 0.02061855670103093 0.023195876288659798 0.025773195876288662 0.02061855670103093 0.025773195876288662 0.012886597938144331 0.02061855670103093 0.02061855670103093 0.015463917525773198 0.018041237113402064 0.018041237113402064 0.005154639175257733 0.010309278350515465 0.0025773195876288664 0.02061855670103093 0.023195876288659798 0.007731958762886599 0.0025773195876288664 0.010309278350515465 0.012886597938144331 0.02061855670103093 0.018041237113402064 0.005154639175257733 0.023195876288659798 0.023195876288659798 0.025773195876288662 0.0025773195876288664 0.018041237113402064 0.0025773195876288664 0.02061855670103093 0.012886597938144331 0.018041237113402064 0.005154639175257733 0.007731958762886599 0.018041237113402064 0.010309278350515465 0.007731958762886599 0.0025773195876288664 0.015463917525773198 0.005154639175257733 0.025773195876288662 0.018041237113402064 0.023195876288659798 0.025773195876288662 0.007731958762886599 0.018041237113402064 0.025773195876288662 0.018041237113402064 0.005154639175257733 0.0025773195876288664 0.018041237113402064 0.015463917525773198 0.012886597938144331 0.015463917525773198 0.023195876288659798 0.012886597938144331 0.018041237113402064 0.0025773195876288664 0.015463917525773198 0.018041237113402064 0.02061855670103093 0.015463917525773198 0.025773195876288662 0.0025773195876288664 0.012886597938144331 0.0025773195876288664 0.0 
0.019125683060109276 0.02732240437158468 0.01366120218579234 0.01366120218579234 0.002732240437158468 0.01639344262295081 0.01639344262295081 0.005464480874316936 0.002732240437158468 0.01639344262295081 0.01639344262295081 0.01639344262295081 0.002732240437158468 0.019125683060109276 0.002732240437158468 0.005464480874316936 0.010928961748633873 0.021857923497267746 0.019125683060109276 0.002732240437158468 0.019125683060109276 0.02732240437158468 0.01639344262295081 0.005464480874316936 0.021857923497267746 0.01366120218579234 0.021857923497267746 0.019125683060109276 0.008196721311475405 0.002732240437158468 0.01639344262295081 0.01366120218579234 0.02459016393442621 0.008196721311475405 0.019125683060109276 0.02459016393442621 0.005464480874316936 0.02459016393442621 0.010928961748633873 0.02732240437158468 0.021857923497267746 0.019125683060109276 0.01639344262295081 0.019125683060109276 0.02732240437158468 0.002732240437158468 0.008196721311475405 0.005464480874316936 0.019125683060109276 0.01366120218579234 0.019125683060109276 0.010928961748633873 0.019125683060109276 0.002732240437158468 0.008196721311475405 0.02732240437158468 0.008196721311475405 0.021857923497267746 0.01366120218579234 0.005464480874316936 0.008196721311475405 0.019125683060109276 0.008196721311475405 0.02732240437158468 0.002732240437158468 0.021857923497267746 0.01639344262295081 0.02459016393442621 0.0 
0.014577259475218667 0.029154518950437334 0.005830903790087467 0.0087463556851312 0.0262390670553936 0.023323615160349868 0.0262390670553936 0.0087463556851312 0.02040816326530613 0.0087463556851312 0.029154518950437334 0.0087463556851312 0.0087463556851312 0.0029154518950437335 0.023323615160349868 0.005830903790087467 0.005830903790087467 0.005830903790087467 0.014577259475218667 0.005830903790087467 0.0029154518950437335 0.0174927113702624 0.0029154518950437335 0.014577259475218667 0.005830903790087467 0.029154518950437334 0.0174927113702624 0.011661807580174934 0.0029154518950437335 0.023323615160349868 0.0029154518950437335 0.0262390670553936 0.0029154518950437335 0.0174927113702624 0.0029154518950437335 0.014577259475218667 0.014577259475218667 0.02040816326530613 0.023323615160349868 0.029154518950437334 0.0087463556851312 0.0087463556851312 0.014577259475218667 0.029154518950437334 0.0087463556851312 0.011661807580174934 0.0029154518950437335 0.0087463556851312 0.02040816326530613 0.0029154518950437335 0.0174927113702624 0.005830903790087467 0.02040816326530613 0.0087463556851312 0.0174927113702624 0.0029154518950437335 0.029154518950437334 0.005830903790087467 0.005830903790087467 0.011661807580174934 0.029154518950437334 0.029154518950437334 0.0174927113702624 0.029154518950437334 0.02040816326530613 0.023323615160349868 0.02040816326530613 0.023323615160349868 0.0 
0.01741293532338308 0.019900497512437807 0.019900497512437807 0.007462686567164177 0.024875621890547258 0.024875621890547258 0.002487562189054726 0.012437810945273629 0.012437810945273629 0.024875621890547258 0.024875621890547258 0.012437810945273629 0.004975124378109452 0.014925373134328354 0.024875621890547258 0.024875621890547258 0.01741293532338308 0.007462686567164177 0.002487562189054726 0.007462686567164177 0.009950248756218904 0.024875621890547258 0.022388059701492533 0.022388059701492533 0.012437810945273629 0.022388059701492533 0.007462686567164177 0.01741293532338308 0.012437810945273629 0.01741293532338308 0.012437810945273629 0.014925373134328354 0.019900497512437807 0.002487562189054726 0.014925373134328354 0.014925373134328354 0.009950248756218904 0.022388059701492533 0.007462686567164177 0.002487562189054726 0.014925373134328354 0.009950248756218904 0.022388059701492533 0.022388059701492533 0.014925373134328354 0.022388059701492533 0.019900497512437807 0.012437810945273629 0.024875621890547258 0.014925373134328354 0.014925373134328354 0.002487562189054726 0.019900497512437807 0.004975124378109452 0.012437810945273629 0.012437810945273629 0.022388059701492533 0.007462686567164177 0.007462686567164177 0.01741293532338308 0.019900497512437807 0.004975124378109452 0.014925373134328354 0.009950248756218904 0.022388059701492533 0.012437810945273629 0.002487562189054726 0.012437810945273629 0.0 
0.002666666666666666 0.015999999999999997 0.02666666666666666 0.02133333333333333 0.02666666666666666 0.015999999999999997 0.02666666666666666 0.015999999999999997 0.02666666666666666 0.02133333333333333 0.007999999999999998 0.01333333333333333 0.007999999999999998 0.02666666666666666 0.01333333333333333 0.002666666666666666 0.015999999999999997 0.010666666666666665 0.02666666666666666 0.02133333333333333 0.01333333333333333 0.018666666666666665 0.002666666666666666 0.002666666666666666 0.01333333333333333 0.005333333333333332 0.010666666666666665 0.01333333333333333 0.005333333333333332 0.018666666666666665 0.010666666666666665 0.007999999999999998 0.01333333333333333 0.007999999999999998 0.018666666666666665 0.02133333333333333 0.005333333333333332 0.002666666666666666 0.002666666666666666 0.023999999999999994 0.015999999999999997 0.007999999999999998 0.02666666666666666 0.02133333333333333 0.015999999999999997 0.015999999999999997 0.02133333333333333 0.007999999999999998 0.002666666666666666 0.023999999999999994 0.010666666666666665 0.007999999999999998 0.02133333333333333 0.023999999999999994 0.010666666666666665 0.015999999999999997 0.002666666666666666 0.018666666666666665 0.002666666666666666 0.023999999999999994 0.005333333333333332 0.02666666666666666 0.018666666666666665 0.010666666666666665 0.01333333333333333 0.023999999999999994 0.02133333333333333 0.015999999999999997 0.0 
0.024752475247524736 0.01485148514851484 0.00742574257425742 0.0024752475247524735 0.017326732673267318 0.0024752475247524735 0.017326732673267318 0.012376237623762368 0.01485148514851484 0.024752475247524736 0.01485148514851484 0.00742574257425742 0.0024752475247524735 0.017326732673267318 0.024752475247524736 0.00742574257425742 0.0024752475247524735 0.00742574257425742 0.024752475247524736 0.0024752475247524735 0.01980198019801979 0.024752475247524736 0.01485148514851484 0.012376237623762368 0.00742574257425742 0.024752475247524736 0.024752475247524736 0.009900990099009894 0.01980198019801979 0.012376237623762368 0.009900990099009894 0.012376237623762368 0.012376237623762368 0.024752475247524736 0.01980198019801979 0.012376237623762368 0.01485148514851484 0.024752475247524736 0.024752475247524736 0.01980198019801979 0.009900990099009894 0.0024752475247524735 0.00742574257425742 0.004950495049504947 0.012376237623762368 0.012376237623762368 0.009900990099009894 0.024752475247524736 0.009900990099009894 0.01485148514851484 0.017326732673267318 0.022277227722772262 0.024752475247524736 0.00742574257425742 0.022277227722772262 0.009900990099009894 0.009900990099009894 0.00742574257425742 0.017326732673267318 0.024752475247524736 0.022277227722772262 0.01980198019801979 0.017326732673267318 0.017326732673267318 0.01485148514851484 0.01980198019801979 0.012376237623762368 0.00742574257425742 0.0 
0.014326647564469925 0.014326647564469925 0.02865329512893985 0.00573065902578797 0.00573065902578797 0.025787965616045867 0.02865329512893985 0.020057306590257895 0.01146131805157594 0.01719197707736391 0.002865329512893985 0.014326647564469925 0.02292263610315188 0.02865329512893985 0.014326647564469925 0.01719197707736391 0.008595988538681956 0.00573065902578797 0.02865329512893985 0.025787965616045867 0.01719197707736391 0.002865329512893985 0.008595988538681956 0.02865329512893985 0.014326647564469925 0.002865329512893985 0.02865329512893985 0.01146131805157594 0.014326647564469925 0.002865329512893985 0.008595988538681956 0.014326647564469925 0.00573065902578797 0.020057306590257895 0.002865329512893985 0.025787965616045867 0.02292263610315188 0.002865329512893985 0.00573065902578797 0.01146131805157594 0.02292263610315188 0.00573065902578797 0.02865329512893985 0.01146131805157594 0.00573065902578797 0.00573065902578797 0.020057306590257895 0.02292263610315188 0.025787965616045867 0.00573065902578797 0.00573065902578797 0.025787965616045867 0.008595988538681956 0.002865329512893985 0.008595988538681956 0.008595988538681956 0.025787965616045867 0.020057306590257895 0.02292263610315188 0.00573065902578797 0.025787965616045867 0.02865329512893985 0.008595988538681956 0.008595988538681956 0.01146131805157594 0.01719197707736391 0.008595988538681956 0.008595988538681956 0.0 
0.00938967136150235 0.021126760563380285 0.0187793427230047 0.011737089201877937 0.004694835680751175 0.014084507042253525 0.023474178403755874 0.004694835680751175 0.0187793427230047 0.004694835680751175 0.023474178403755874 0.023474178403755874 0.0023474178403755873 0.016431924882629113 0.0187793427230047 0.0023474178403755873 0.021126760563380285 0.021126760563380285 0.014084507042253525 0.016431924882629113 0.0023474178403755873 0.00938967136150235 0.016431924882629113 0.011737089201877937 0.023474178403755874 0.00938967136150235 0.014084507042253525 0.014084507042253525 0.011737089201877937 0.0070422535211267625 0.0187793427230047 0.004694835680751175 0.021126760563380285 0.014084507042253525 0.014084507042253525 0.0187793427230047 0.021126760563380285 0.021126760563380285 0.0187793427230047 0.00938967136150235 0.023474178403755874 0.0023474178403755873 0.023474178403755874 0.011737089201877937 0.021126760563380285 0.00938967136150235 0.021126760563380285 0.0070422535211267625 0.021126760563380285 0.021126760563380285 0.014084507042253525 0.0187793427230047 0.004694835680751175 0.0070422535211267625 0.016431924882629113 0.021126760563380285 0.011737089201877937 0.0023474178403755873 0.0070422535211267625 0.021126760563380285 0.014084507042253525 0.011737089201877937 0.0187793427230047 0.023474178403755874 0.016431924882629113 0.021126760563380285 0.023474178403755874 0.011737089201877937 0.0 
0.02189781021897812 0.02433090024330902 0.004866180048661804 0.0072992700729927066 0.019464720194647216 0.009732360097323608 0.02189781021897812 0.017031630170316316 0.004866180048661804 0.017031630170316316 0.004866180048661804 0.02433090024330902 0.02433090024330902 0.019464720194647216 0.014598540145985413 0.02189781021897812 0.019464720194647216 0.004866180048661804 0.019464720194647216 0.014598540145985413 0.02433090024330902 0.004866180048661804 0.002433090024330902 0.0072992700729927066 0.02189781021897812 0.019464720194647216 0.019464720194647216 0.017031630170316316 0.01216545012165451 0.002433090024330902 0.019464720194647216 0.014598540145985413 0.009732360097323608 0.02433090024330902 0.01216545012165451 0.02189781021897812 0.019464720194647216 0.002433090024330902 0.017031630170316316 0.004866180048661804 0.019464720194647216 0.0072992700729927066 0.01216545012165451 0.002433090024330902 0.01216545012165451 0.009732360097323608 0.014598540145985413 0.009732360097323608 0.004866180048661804 0.004866180048661804 0.019464720194647216 0.01216545012165451 0.02433090024330902 0.019464720194647216 0.02433090024330902 0.009732360097323608 0.009732360097323608 0.02189781021897812 0.01216545012165451 0.019464720194647216 0.02189781021897812 0.019464720194647216 0.0072992700729927066 0.02189781021897812 0.02433090024330902 0.004866180048661804 0.02189781021897812 0.014598540145985413 0.0 
0.01595744680851064 0.018617021276595747 0.02659574468085107 0.021276595744680854 0.0053191489361702135 0.010638297872340427 0.0026595744680851068 0.023936170212765964 0.01595744680851064 0.013297872340425535 0.02659574468085107 0.0026595744680851068 0.010638297872340427 0.018617021276595747 0.013297872340425535 0.02659574468085107 0.023936170212765964 0.02659574468085107 0.00797872340425532 0.010638297872340427 0.02659574468085107 0.0026595744680851068 0.018617021276595747 0.021276595744680854 0.010638297872340427 0.02659574468085107 0.010638297872340427 0.021276595744680854 0.01595744680851064 0.023936170212765964 0.00797872340425532 0.023936170212765964 0.00797872340425532 0.021276595744680854 0.01595744680851064 0.010638297872340427 0.0053191489361702135 0.00797872340425532 0.018617021276595747 0.02659574468085107 0.0053191489361702135 0.00797872340425532 0.010638297872340427 0.0026595744680851068 0.018617021276595747 0.00797872340425532 0.021276595744680854 0.0053191489361702135 0.02659574468085107 0.0053191489361702135 0.02659574468085107 0.0053191489361702135 0.02659574468085107 0.01595744680851064 0.0026595744680851068 0.01595744680851064 0.0026595744680851068 0.0026595744680851068 0.018617021276595747 0.021276595744680854 0.01595744680851064 0.01595744680851064 0.021276595744680854 0.0026595744680851068 0.021276595744680854 0.0053191489361702135 0.00797872340425532 0.013297872340425535 0.0 
0.0027932960893854754 0.025139664804469282 0.025139664804469282 0.011173184357541902 0.025139664804469282 0.011173184357541902 0.008379888268156426 0.0027932960893854754 0.011173184357541902 0.011173184357541902 0.013966480446927377 0.005586592178770951 0.0027932960893854754 0.008379888268156426 0.008379888268156426 0.019553072625698328 0.022346368715083803 0.013966480446927377 0.005586592178770951 0.0027932960893854754 0.005586592178770951 0.008379888268156426 0.025139664804469282 0.022346368715083803 0.013966480446927377 0.011173184357541902 0.016759776536312852 0.011173184357541902 0.016759776536312852 0.011173184357541902 0.025139664804469282 0.025139664804469282 0.016759776536312852 0.027932960893854754 0.025139664804469282 0.013966480446927377 0.005586592178770951 0.013966480446927377 0.016759776536312852 0.011173184357541902 0.022346368715083803 0.019553072625698328 0.0027932960893854754 0.022346368715083803 0.027932960893854754 0.019553072625698328 0.022346368715083803 0.025139664804469282 0.008379888268156426 0.008379888268156426 0.011173184357541902 0.016759776536312852 0.008379888268156426 0.011173184357541902 0.008379888268156426 0.005586592178770951 0.0027932960893854754 0.008379888268156426 0.011173184357541902 0.019553072625698328 0.027932960893854754 0.013966480446927377 0.022346368715083803 0.027932960893854754 0.027932960893854754 0.022346368715083803 0.0027932960893854754 0.011173184357541902 0.0 
0.007999999999999998 0.02666666666666666 0.018666666666666665 0.010666666666666665 0.015999999999999997 0.007999999999999998 0.015999999999999997 0.018666666666666665 0.02133333333333333 0.02666666666666666 0.02133333333333333 0.005333333333333332 0.005333333333333332 0.018666666666666665 0.02133333333333333 0.010666666666666665 0.005333333333333332 0.005333333333333332 0.02133333333333333 0.007999999999999998 0.015999999999999997 0.015999999999999997 0.01333333333333333 0.010666666666666665 0.018666666666666665 0.005333333333333332 0.005333333333333332 0.015999999999999997 0.023999999999999994 0.018666666666666665 0.005333333333333332 0.023999999999999994 0.02133333333333333 0.002666666666666666 0.02133333333333333 0.02133333333333333 0.010666666666666665 0.023999999999999994 0.02666666666666666 0.023999999999999994 0.015999999999999997 0.005333333333333332 0.02133333333333333 0.010666666666666665 0.018666666666666665 0.02666666666666666 0.01333333333333333 0.023999999999999994 0.02133333333333333 0.005333333333333332 0.002666666666666666 0.02133333333333333 0.005333333333333332 0.005333333333333332 0.002666666666666666 0.018666666666666665 0.002666666666666666 0.02133333333333333 0.02666666666666666 0.02133333333333333 0.002666666666666666 0.015999999999999997 0.007999999999999998 0.023999999999999994 0.007999999999999998 0.002666666666666666 0.007999999999999998 0.02133333333333333 0.0 
0.01949860724233983 0.0027855153203342614 0.005571030640668523 0.01671309192200557 0.02228412256267409 0.0027855153203342614 0.02506963788300835 0.01671309192200557 0.02228412256267409 0.02506963788300835 0.02506963788300835 0.02506963788300835 0.013927576601671305 0.011142061281337046 0.011142061281337046 0.0027855153203342614 0.0027855153203342614 0.011142061281337046 0.02228412256267409 0.013927576601671305 0.02785515320334261 0.02506963788300835 0.011142061281337046 0.01671309192200557 0.011142061281337046 0.005571030640668523 0.02506963788300835 0.02228412256267409 0.0027855153203342614 0.01949860724233983 0.0027855153203342614 0.0027855153203342614 0.02228412256267409 0.005571030640668523 0.02506963788300835 0.02228412256267409 0.01671309192200557 0.02506963788300835 0.011142061281337046 0.005571030640668523 0.02228412256267409 0.01949860724233983 0.02228412256267409 0.02785515320334261 0.0027855153203342614 0.0027855153203342614 0.02228412256267409 0.01671309192200557 0.01671309192200557 0.0027855153203342614 0.005571030640668523 0.01949860724233983 0.011142061281337046 0.0027855153203342614 0.01949860724233983 0.008356545961002784 0.011142061281337046 0.01949860724233983 0.011142061281337046 0.01949860724233983 0.008356545961002784 0.0027855153203342614 0.01671309192200557 0.02228412256267409 0.01949860724233983 0.008356545961002784 0.01671309192200557 0.01671309192200557 0.0 
0.005730659025787969 0.014326647564469924 0.0028653295128939845 0.011461318051575938 0.011461318051575938 0.017191977077363908 0.011461318051575938 0.014326647564469924 0.011461318051575938 0.0028653295128939845 0.011461318051575938 0.02578796561604586 0.028653295128939847 0.0028653295128939845 0.022922636103151876 0.02005730659025789 0.017191977077363908 0.0028653295128939845 0.005730659025787969 0.014326647564469924 0.02005730659025789 0.022922636103151876 0.017191977077363908 0.017191977077363908 0.02005730659025789 0.017191977077363908 0.014326647564469924 0.014326647564469924 0.0028653295128939845 0.02578796561604586 0.005730659025787969 0.011461318051575938 0.011461318051575938 0.0028653295128939845 0.0028653295128939845 0.0028653295128939845 0.014326647564469924 0.02005730659025789 0.02005730659025789 0.011461318051575938 0.014326647564469924 0.028653295128939847 0.02005730659025789 0.022922636103151876 0.02578796561604586 0.022922636103151876 0.011461318051575938 0.011461318051575938 0.005730659025787969 0.008595988538681954 0.008595988538681954 0.011461318051575938 0.017191977077363908 0.022922636103151876 0.0028653295128939845 0.005730659025787969 0.017191977077363908 0.017191977077363908 0.022922636103151876 0.028653295128939847 0.008595988538681954 0.022922636103151876 0.02578796561604586 0.02005730659025789 0.011461318051575938 0.008595988538681954 0.017191977077363908 0.028653295128939847 0.0 
0.007159904534606207 0.01670644391408115 0.014319809069212415 0.011933174224343679 0.01670644391408115 0.023866348448687357 0.01670644391408115 0.0023866348448687356 0.023866348448687357 0.009546539379474943 0.004773269689737471 0.021479713603818618 0.0023866348448687356 0.011933174224343679 0.019093078758949885 0.007159904534606207 0.009546539379474943 0.0023866348448687356 0.0023866348448687356 0.023866348448687357 0.023866348448687357 0.0023866348448687356 0.023866348448687357 0.011933174224343679 0.01670644391408115 0.01670644391408115 0.004773269689737471 0.014319809069212415 0.009546539379474943 0.011933174224343679 0.023866348448687357 0.01670644391408115 0.023866348448687357 0.023866348448687357 0.004773269689737471 0.009546539379474943 0.014319809069212415 0.014319809069212415 0.023866348448687357 0.014319809069212415 0.021479713603818618 0.011933174224343679 0.019093078758949885 0.021479713603818618 0.004773269689737471 0.01670644391408115 0.01670644391408115 0.014319809069212415 0.0023866348448687356 0.021479713603818618 0.014319809069212415 0.023866348448687357 0.021479713603818618 0.019093078758949885 0.01670644391408115 0.004773269689737471 0.019093078758949885 0.021479713603818618 0.009546539379474943 0.009546539379474943 0.021479713603818618 0.011933174224343679 0.004773269689737471 0.019093078758949885 0.023866348448687357 0.014319809069212415 0.019093078758949885 0.021479713603818618 0.0 
0.0028011204481792717 0.0056022408963585435 0.022408963585434174 0.022408963585434174 0.028011204481792718 0.025210084033613446 0.0196078431372549 0.008403361344537815 0.008403361344537815 0.0028011204481792717 0.011204481792717087 0.008403361344537815 0.008403361344537815 0.028011204481792718 0.014005602240896359 0.0196078431372549 0.0196078431372549 0.008403361344537815 0.014005602240896359 0.0028011204481792717 0.008403361344537815 0.025210084033613446 0.022408963585434174 0.011204481792717087 0.01680672268907563 0.01680672268907563 0.0196078431372549 0.028011204481792718 0.025210084033613446 0.011204481792717087 0.008403361344537815 0.01680672268907563 0.014005602240896359 0.0196078431372549 0.011204481792717087 0.01680672268907563 0.011204481792717087 0.011204481792717087 0.014005602240896359 0.028011204481792718 0.01680672268907563 0.011204481792717087 0.0028011204481792717 0.028011204481792718 0.014005602240896359 0.0056022408963585435 0.022408963585434174 0.0028011204481792717 0.01680672268907563 0.022408963585434174 0.025210084033613446 0.011204481792717087 0.011204481792717087 0.011204481792717087 0.0196078431372549 0.008403361344537815 0.01680672268907563 0.022408963585434174 0.022408963585434174 0.0028011204481792717 0.008403361344537815 0.008403361344537815 0.008403361344537815 0.008403361344537815 0.008403361344537815 0.01680672268907563 0.025210084033613446 0.0056022408963585435 0.0 
0.02624671916010499 0.02362204724409449 0.02624671916010499 0.013123359580052495 0.007874015748031498 0.005249343832020998 0.018372703412073494 0.005249343832020998 0.018372703412073494 0.018372703412073494 0.015748031496062995 0.015748031496062995 0.002624671916010499 0.007874015748031498 0.020997375328083993 0.02362204724409449 0.015748031496062995 0.013123359580052495 0.02362204724409449 0.02624671916010499 0.002624671916010499 0.007874015748031498 0.002624671916010499 0.02624671916010499 0.015748031496062995 0.005249343832020998 0.02624671916010499 0.020997375328083993 0.007874015748031498 0.010498687664041996 0.010498687664041996 0.007874015748031498 0.002624671916010499 0.002624671916010499 0.02624671916010499 0.015748031496062995 0.002624671916010499 0.015748031496062995 0.015748031496062995 0.010498687664041996 0.015748031496062995 0.018372703412073494 0.018372703412073494 0.020997375328083993 0.002624671916010499 0.02362204724409449 0.02624671916010499 0.002624671916010499 0.010498687664041996 0.007874015748031498 0.018372703412073494 0.015748031496062995 0.018372703412073494 0.015748031496062995 0.02624671916010499 0.013123359580052495 0.02362204724409449 0.015748031496062995 0.02624671916010499 0.013123359580052495 0.007874015748031498 0.002624671916010499 0.020997375328083993 0.007874015748031498 0.002624671916010499 0.02624671916010499 0.020997375328083993 0.013123359580052495 0.0 
0.022556390977443608 0.020050125313283207 0.022556390977443608 0.015037593984962405 0.02506265664160401 0.02506265664160401 0.020050125313283207 0.005012531328320802 0.015037593984962405 0.005012531328320802 0.022556390977443608 0.010025062656641603 0.015037593984962405 0.022556390977443608 0.02506265664160401 0.005012531328320802 0.002506265664160401 0.002506265664160401 0.005012531328320802 0.015037593984962405 0.022556390977443608 0.015037593984962405 0.007518796992481203 0.022556390977443608 0.007518796992481203 0.015037593984962405 0.012531328320802004 0.010025062656641603 0.007518796992481203 0.015037593984962405 0.020050125313283207 0.005012531328320802 0.005012531328320802 0.02506265664160401 0.007518796992481203 0.002506265664160401 0.017543859649122806 0.012531328320802004 0.007518796992481203 0.022556390977443608 0.017543859649122806 0.015037593984962405 0.022556390977443608 0.020050125313283207 0.020050125313283207 0.002506265664160401 0.017543859649122806 0.015037593984962405 0.017543859649122806 0.02506265664160401 0.020050125313283207 0.002506265664160401 0.005012531328320802 0.020050125313283207 0.017543859649122806 0.002506265664160401 0.02506265664160401 0.010025062656641603 0.02506265664160401 0.020050125313283207 0.022556390977443608 0.02506265664160401 0.015037593984962405 0.010025062656641603 0.010025062656641603 0.010025062656641603 0.007518796992481203 0.017543859649122806 0.0 
0.011142061281337046 0.01949860724233983 0.005571030640668523 0.01671309192200557 0.02228412256267409 0.008356545961002784 0.02506963788300835 0.01671309192200557 0.0027855153203342614 0.01949860724233983 0.008356545961002784 0.013927576601671305 0.02506963788300835 0.02785515320334261 0.02228412256267409 0.01671309192200557 0.01671309192200557 0.011142061281337046 0.01671309192200557 0.02785515320334261 0.01949860724233983 0.005571030640668523 0.01949860724233983 0.011142061281337046 0.0027855153203342614 0.01671309192200557 0.0027855153203342614 0.02228412256267409 0.02228412256267409 0.013927576601671305 0.02785515320334261 0.02228412256267409 0.02506963788300835 0.0027855153203342614 0.01671309192200557 0.005571030640668523 0.005571030640668523 0.005571030640668523 0.02506963788300835 0.0027855153203342614 0.02228412256267409 0.005571030640668523 0.02506963788300835 0.005571030640668523 0.011142061281337046 0.011142061281337046 0.0027855153203342614 0.02506963788300835 0.0027855153203342614 0.01949860724233983 0.01671309192200557 0.008356545961002784 0.02785515320334261 0.011142061281337046 0.011142061281337046 0.013927576601671305 0.01671309192200557 0.02228412256267409 0.008356545961002784 0.013927576601671305 0.005571030640668523 0.013927576601671305 0.01671309192200557 0.008356545961002784 0.0027855153203342614 0.008356545961002784 0.02785515320334261 0.02506963788300835 0.0 
0.004773269689737469 0.02386634844868734 0.014319809069212404 0.02386634844868734 0.01670644391408114 0.01670644391408114 0.007159904534606202 0.007159904534606202 0.01670644391408114 0.0023866348448687343 0.007159904534606202 0.019093078758949875 0.019093078758949875 0.01193317422434367 0.019093078758949875 0.014319809069212404 0.007159904534606202 0.01193317422434367 0.01193317422434367 0.009546539379474937 0.02386634844868734 0.007159904534606202 0.02386634844868734 0.02386634844868734 0.0023866348448687343 0.021479713603818604 0.019093078758949875 0.014319809069212404 0.014319809069212404 0.021479713603818604 0.009546539379474937 0.01193317422434367 0.009546539379474937 0.01670644391408114 0.009546539379474937 0.019093078758949875 0.007159904534606202 0.021479713603818604 0.007159904534606202 0.019093078758949875 0.02386634844868734 0.01193317422434367 0.021479713603818604 0.019093078758949875 0.007159904534606202 0.02386634844868734 0.0023866348448687343 0.007159904534606202 0.02386634844868734 0.019093078758949875 0.02386634844868734 0.0023866348448687343 0.004773269689737469 0.02386634844868734 0.021479713603818604 0.01670644391408114 0.01670644391408114 0.007159904534606202 0.019093078758949875 0.02386634844868734 0.019093078758949875 0.014319809069212404 0.007159904534606202 0.019093078758949875 0.0023866348448687343 0.02386634844868734 0.02386634844868734 0.0023866348448687343 0.0 
0.020356234096692113 0.010178117048346057 0.017811704834605598 0.005089058524173028 0.020356234096692113 0.005089058524173028 0.022900763358778626 0.002544529262086514 0.02544529262086514 0.007633587786259542 0.01272264631043257 0.015267175572519083 0.015267175572519083 0.015267175572519083 0.002544529262086514 0.010178117048346057 0.005089058524173028 0.005089058524173028 0.022900763358778626 0.022900763358778626 0.022900763358778626 0.015267175572519083 0.017811704834605598 0.015267175572519083 0.022900763358778626 0.005089058524173028 0.022900763358778626 0.017811704834605598 0.010178117048346057 0.020356234096692113 0.02544529262086514 0.007633587786259542 0.015267175572519083 0.005089058524173028 0.022900763358778626 0.017811704834605598 0.022900763358778626 0.02544529262086514 0.017811704834605598 0.017811704834605598 0.010178117048346057 0.022900763358778626 0.007633587786259542 0.007633587786259542 0.022900763358778626 0.017811704834605598 0.007633587786259542 0.022900763358778626 0.020356234096692113 0.01272264631043257 0.022900763358778626 0.010178117048346057 0.015267175572519083 0.002544529262086514 0.01272264631043257 0.007633587786259542 0.010178117048346057 0.017811704834605598 0.017811704834605598 0.007633587786259542 0.020356234096692113 0.015267175572519083 0.01272264631043257 0.005089058524173028 0.007633587786259542 0.015267175572519083 0.010178117048346057 0.022900763358778626 0.0 
0.029673590504451054 0.026706231454005944 0.0059347181008902105 0.01780415430267063 0.020771513353115736 0.008902077151335315 0.008902077151335315 0.0029673590504451053 0.026706231454005944 0.0029673590504451053 0.008902077151335315 0.011869436201780421 0.014836795252225527 0.008902077151335315 0.026706231454005944 0.008902077151335315 0.011869436201780421 0.029673590504451054 0.011869436201780421 0.014836795252225527 0.029673590504451054 0.026706231454005944 0.020771513353115736 0.0059347181008902105 0.029673590504451054 0.026706231454005944 0.020771513353115736 0.020771513353115736 0.026706231454005944 0.01780415430267063 0.014836795252225527 0.023738872403560842 0.008902077151335315 0.011869436201780421 0.008902077151335315 0.011869436201780421 0.023738872403560842 0.008902077151335315 0.023738872403560842 0.0059347181008902105 0.020771513353115736 0.011869436201780421 0.020771513353115736 0.011869436201780421 0.026706231454005944 0.014836795252225527 0.014836795252225527 0.0029673590504451053 0.0059347181008902105 0.011869436201780421 0.0029673590504451053 0.029673590504451054 0.01780415430267063 0.011869436201780421 0.008902077151335315 0.008902077151335315 0.008902077151335315 0.0029673590504451053 0.0059347181008902105 0.008902077151335315 0.0059347181008902105 0.0029673590504451053 0.0029673590504451053 0.011869436201780421 0.026706231454005944 0.014836795252225527 0.0029673590504451053 0.014836795252225527 0.0 
0.007936507936507938 0.01322751322751323 0.015873015873015876 0.023809523809523815 0.023809523809523815 0.02645502645502646 0.01851851851851852 0.005291005291005292 0.005291005291005292 0.015873015873015876 0.02645502645502646 0.02645502645502646 0.002645502645502646 0.023809523809523815 0.010582010582010583 0.01851851851851852 0.010582010582010583 0.005291005291005292 0.005291005291005292 0.002645502645502646 0.01322751322751323 0.01851851851851852 0.015873015873015876 0.002645502645502646 0.007936507936507938 0.007936507936507938 0.023809523809523815 0.02645502645502646 0.01851851851851852 0.005291005291005292 0.01851851851851852 0.015873015873015876 0.002645502645502646 0.021164021164021166 0.015873015873015876 0.015873015873015876 0.010582010582010583 0.01851851851851852 0.015873015873015876 0.01851851851851852 0.002645502645502646 0.02645502645502646 0.007936507936507938 0.010582010582010583 0.01851851851851852 0.02645502645502646 0.023809523809523815 0.021164021164021166 0.007936507936507938 0.007936507936507938 0.01322751322751323 0.01322751322751323 0.010582010582010583 0.021164021164021166 0.007936507936507938 0.010582010582010583 0.023809523809523815 0.007936507936507938 0.007936507936507938 0.02645502645502646 0.007936507936507938 0.01851851851851852 0.010582010582010583 0.01322751322751323 0.015873015873015876 0.015873015873015876 0.023809523809523815 0.015873015873015876 0.0 
0.022784810126582268 0.005063291139240504 0.015189873417721511 0.02531645569620252 0.015189873417721511 0.015189873417721511 0.01265822784810126 0.017721518987341766 0.017721518987341766 0.010126582278481008 0.005063291139240504 0.005063291139240504 0.010126582278481008 0.017721518987341766 0.002531645569620252 0.007594936708860756 0.005063291139240504 0.015189873417721511 0.017721518987341766 0.01265822784810126 0.017721518987341766 0.017721518987341766 0.005063291139240504 0.022784810126582268 0.01265822784810126 0.02531645569620252 0.02531645569620252 0.022784810126582268 0.015189873417721511 0.002531645569620252 0.015189873417721511 0.01265822784810126 0.020253164556962015 0.01265822784810126 0.010126582278481008 0.005063291139240504 0.007594936708860756 0.020253164556962015 0.002531645569620252 0.010126582278481008 0.015189873417721511 0.02531645569620252 0.015189873417721511 0.010126582278481008 0.010126582278481008 0.007594936708860756 0.02531645569620252 0.007594936708860756 0.015189873417721511 0.02531645569620252 0.02531645569620252 0.01265822784810126 0.022784810126582268 0.020253164556962015 0.015189873417721511 0.01265822784810126 0.02531645569620252 0.017721518987341766 0.015189873417721511 0.017721518987341766 0.01265822784810126 0.007594936708860756 0.010126582278481008 0.022784810126582268 0.022784810126582268 0.010126582278481008 0.015189873417721511 0.017721518987341766 0.0 
0.025773195876288665 0.002577319587628867 0.015463917525773202 0.002577319587628867 0.018041237113402067 0.025773195876288665 0.015463917525773202 0.007731958762886601 0.025773195876288665 0.005154639175257734 0.010309278350515467 0.012886597938144333 0.005154639175257734 0.015463917525773202 0.0231958762886598 0.012886597938144333 0.025773195876288665 0.005154639175257734 0.0231958762886598 0.018041237113402067 0.002577319587628867 0.005154639175257734 0.025773195876288665 0.015463917525773202 0.025773195876288665 0.020618556701030934 0.015463917525773202 0.018041237113402067 0.0231958762886598 0.025773195876288665 0.005154639175257734 0.010309278350515467 0.020618556701030934 0.010309278350515467 0.0231958762886598 0.012886597938144333 0.015463917525773202 0.0231958762886598 0.025773195876288665 0.012886597938144333 0.012886597938144333 0.007731958762886601 0.002577319587628867 0.018041237113402067 0.025773195876288665 0.012886597938144333 0.0231958762886598 0.007731958762886601 0.002577319587628867 0.020618556701030934 0.018041237113402067 0.012886597938144333 0.007731958762886601 0.018041237113402067 0.007731958762886601 0.025773195876288665 0.005154639175257734 0.005154639175257734 0.002577319587628867 0.020618556701030934 0.015463917525773202 0.015463917525773202 0.015463917525773202 0.010309278350515467 0.005154639175257734 0.020618556701030934 0.012886597938144333 0.012886597938144333 0.0 
0.020997375328083986 0.02624671916010498 0.02624671916010498 0.01312335958005249 0.007874015748031494 0.020997375328083986 0.01574803149606299 0.018372703412073487 0.01312335958005249 0.01574803149606299 0.010498687664041993 0.020997375328083986 0.018372703412073487 0.010498687664041993 0.01574803149606299 0.02362204724409448 0.0026246719160104982 0.01574803149606299 0.010498687664041993 0.01312335958005249 0.01574803149606299 0.0026246719160104982 0.010498687664041993 0.02362204724409448 0.010498687664041993 0.018372703412073487 0.02362204724409448 0.020997375328083986 0.01312335958005249 0.007874015748031494 0.020997375328083986 0.0026246719160104982 0.020997375328083986 0.0026246719160104982 0.007874015748031494 0.01574803149606299 0.01574803149606299 0.02362204724409448 0.0052493438320209964 0.007874015748031494 0.02624671916010498 0.010498687664041993 0.010498687664041993 0.02362204724409448 0.01312335958005249 0.01312335958005249 0.01574803149606299 0.010498687664041993 0.0026246719160104982 0.007874015748031494 0.02624671916010498 0.018372703412073487 0.020997375328083986 0.018372703412073487 0.01312335958005249 0.02362204724409448 0.0026246719160104982 0.020997375328083986 0.007874015748031494 0.01574803149606299 0.01574803149606299 0.007874015748031494 0.02362204724409448 0.01312335958005249 0.010498687664041993 0.010498687664041993 0.020997375328083986 0.0052493438320209964 0.0 
0.008064516129032263 0.021505376344086037 0.021505376344086037 0.021505376344086037 0.0026881720430107546 0.026881720430107545 0.0026881720430107546 0.005376344086021509 0.016129032258064526 0.010752688172043019 0.016129032258064526 0.0026881720430107546 0.008064516129032263 0.021505376344086037 0.005376344086021509 0.021505376344086037 0.013440860215053772 0.005376344086021509 0.026881720430107545 0.016129032258064526 0.016129032258064526 0.013440860215053772 0.013440860215053772 0.016129032258064526 0.010752688172043019 0.005376344086021509 0.013440860215053772 0.021505376344086037 0.005376344086021509 0.0026881720430107546 0.016129032258064526 0.026881720430107545 0.026881720430107545 0.02419354838709679 0.0026881720430107546 0.026881720430107545 0.013440860215053772 0.02419354838709679 0.010752688172043019 0.018817204301075283 0.005376344086021509 0.005376344086021509 0.02419354838709679 0.018817204301075283 0.010752688172043019 0.016129032258064526 0.016129032258064526 0.0026881720430107546 0.010752688172043019 0.018817204301075283 0.02419354838709679 0.016129032258064526 0.018817204301075283 0.013440860215053772 0.010752688172043019 0.018817204301075283 0.021505376344086037 0.005376344086021509 0.005376344086021509 0.026881720430107545 0.026881720430107545 0.008064516129032263 0.013440860215053772 0.026881720430107545 0.0026881720430107546 0.016129032258064526 0.026881720430107545 0.005376344086021509 0.0 
0.020356234096692113 0.020356234096692113 0.010178117048346057 0.020356234096692113 0.007633587786259542 0.015267175572519083 0.010178117048346057 0.02544529262086514 0.007633587786259542 0.022900763358778626 0.02544529262086514 0.015267175572519083 0.015267175572519083 0.020356234096692113 0.007633587786259542 0.005089058524173028 0.015267175572519083 0.015267175572519083 0.02544529262086514 0.015267175572519083 0.022900763358778626 0.017811704834605598 0.007633587786259542 0.002544529262086514 0.022900763358778626 0.010178117048346057 0.002544529262086514 0.01272264631043257 0.005089058524173028 0.002544529262086514 0.022900763358778626 0.015267175572519083 0.017811704834605598 0.015267175572519083 0.01272264631043257 0.005089058524173028 0.02544529262086514 0.017811704834605598 0.007633587786259542 0.005089058524173028 0.020356234096692113 0.010178117048346057 0.020356234096692113 0.022900763358778626 0.02544529262086514 0.010178117048346057 0.010178117048346057 0.007633587786259542 0.01272264631043257 0.017811704834605598 0.022900763358778626 0.007633587786259542 0.015267175572519083 0.007633587786259542 0.015267175572519083 0.020356234096692113 0.017811704834605598 0.007633587786259542 0.010178117048346057 0.017811704834605598 0.005089058524173028 0.017811704834605598 0.010178117048346057 0.022900763358778626 0.02544529262086514 0.020356234096692113 0.010178117048346057 0.015267175572519083 0.0 
0.026881720430107545 0.010752688172043019 0.008064516129032263 0.018817204301075283 0.016129032258064526 0.021505376344086037 0.008064516129032263 0.016129032258064526 0.008064516129032263 0.005376344086021509 0.016129032258064526 0.016129032258064526 0.010752688172043019 0.013440860215053772 0.018817204301075283 0.018817204301075283 0.005376344086021509 0.005376344086021509 0.0026881720430107546 0.008064516129032263 0.016129032258064526 0.021505376344086037 0.0026881720430107546 0.018817204301075283 0.013440860215053772 0.026881720430107545 0.0026881720430107546 0.0026881720430107546 0.008064516129032263 0.021505376344086037 0.021505376344086037 0.026881720430107545 0.0026881720430107546 0.005376344086021509 0.010752688172043019 0.018817204301075283 0.016129032258064526 0.005376344086021509 0.026881720430107545 0.008064516129032263 0.005376344086021509 0.026881720430107545 0.026881720430107545 0.02419354838709679 0.02419354838709679 0.021505376344086037 0.005376344086021509 0.010752688172043019 0.02419354838709679 0.026881720430107545 0.021505376344086037 0.010752688172043019 0.018817204301075283 0.005376344086021509 0.005376344086021509 0.021505376344086037 0.005376344086021509 0.026881720430107545 0.010752688172043019 0.0026881720430107546 0.010752688172043019 0.02419354838709679 0.021505376344086037 0.016129032258064526 0.0026881720430107546 0.021505376344086037 0.02419354838709679 0.021505376344086037 0.0 
0.01305483028720626 0.018276762402088767 0.005221932114882504 0.007832898172323756 0.010443864229765008 0.02349869451697127 0.020887728459530016 0.002610966057441252 0.02349869451697127 0.005221932114882504 0.010443864229765008 0.018276762402088767 0.007832898172323756 0.002610966057441252 0.01566579634464751 0.01566579634464751 0.002610966057441252 0.02610966057441252 0.007832898172323756 0.020887728459530016 0.002610966057441252 0.01566579634464751 0.02349869451697127 0.018276762402088767 0.007832898172323756 0.018276762402088767 0.005221932114882504 0.010443864229765008 0.007832898172323756 0.01566579634464751 0.02349869451697127 0.02610966057441252 0.02349869451697127 0.018276762402088767 0.010443864229765008 0.007832898172323756 0.018276762402088767 0.007832898172323756 0.020887728459530016 0.005221932114882504 0.007832898172323756 0.02610966057441252 0.02349869451697127 0.010443864229765008 0.02610966057441252 0.018276762402088767 0.007832898172323756 0.01566579634464751 0.010443864229765008 0.010443864229765008 0.010443864229765008 0.010443864229765008 0.02349869451697127 0.01566579634464751 0.018276762402088767 0.002610966057441252 0.01566579634464751 0.02349869451697127 0.020887728459530016 0.005221932114882504 0.018276762402088767 0.01305483028720626 0.018276762402088767 0.02610966057441252 0.005221932114882504 0.02610966057441252 0.02610966057441252 0.018276762402088767 0.0 
0.01507537688442211 0.022613065326633167 0.02512562814070352 0.017587939698492462 0.02512562814070352 0.007537688442211055 0.002512562814070352 0.017587939698492462 0.02512562814070352 0.007537688442211055 0.01256281407035176 0.005025125628140704 0.010050251256281407 0.022613065326633167 0.017587939698492462 0.020100502512562814 0.01507537688442211 0.005025125628140704 0.017587939698492462 0.01256281407035176 0.017587939698492462 0.022613065326633167 0.01256281407035176 0.022613065326633167 0.01507537688442211 0.007537688442211055 0.020100502512562814 0.010050251256281407 0.010050251256281407 0.017587939698492462 0.002512562814070352 0.020100502512562814 0.022613065326633167 0.02512562814070352 0.020100502512562814 0.01256281407035176 0.022613065326633167 0.010050251256281407 0.022613065326633167 0.002512562814070352 0.010050251256281407 0.022613065326633167 0.020100502512562814 0.022613065326633167 0.01507537688442211 0.01507537688442211 0.005025125628140704 0.01507537688442211 0.02512562814070352 0.02512562814070352 0.010050251256281407 0.02512562814070352 0.002512562814070352 0.017587939698492462 0.007537688442211055 0.007537688442211055 0.017587939698492462 0.010050251256281407 0.007537688442211055 0.007537688442211055 0.01256281407035176 0.002512562814070352 0.022613065326633167 0.002512562814070352 0.017587939698492462 0.007537688442211055 0.01256281407035176 0.01256281407035176 0.0 
0.021164021164021163 0.010582010582010581 0.021164021164021163 0.023809523809523808 0.015873015873015872 0.007936507936507936 0.005291005291005291 0.007936507936507936 0.015873015873015872 0.026455026455026454 0.023809523809523808 0.010582010582010581 0.013227513227513227 0.007936507936507936 0.013227513227513227 0.015873015873015872 0.021164021164021163 0.005291005291005291 0.023809523809523808 0.013227513227513227 0.010582010582010581 0.026455026455026454 0.0026455026455026454 0.005291005291005291 0.021164021164021163 0.005291005291005291 0.005291005291005291 0.007936507936507936 0.023809523809523808 0.010582010582010581 0.010582010582010581 0.013227513227513227 0.023809523809523808 0.007936507936507936 0.023809523809523808 0.018518518518518517 0.013227513227513227 0.013227513227513227 0.005291005291005291 0.010582010582010581 0.018518518518518517 0.013227513227513227 0.007936507936507936 0.026455026455026454 0.007936507936507936 0.010582010582010581 0.0026455026455026454 0.026455026455026454 0.023809523809523808 0.023809523809523808 0.018518518518518517 0.026455026455026454 0.010582010582010581 0.0026455026455026454 0.015873015873015872 0.021164021164021163 0.015873015873015872 0.026455026455026454 0.023809523809523808 0.013227513227513227 0.005291005291005291 0.018518518518518517 0.005291005291005291 0.013227513227513227 0.0026455026455026454 0.015873015873015872 0.018518518518518517 0.021164021164021163 0.0 
0.020100502512562804 0.02512562814070351 0.012562814070351754 0.010050251256281402 0.017587939698492455 0.010050251256281402 0.017587939698492455 0.020100502512562804 0.015075376884422103 0.0025125628140703505 0.017587939698492455 0.010050251256281402 0.020100502512562804 0.02512562814070351 0.010050251256281402 0.005025125628140701 0.0075376884422110515 0.012562814070351754 0.005025125628140701 0.0025125628140703505 0.017587939698492455 0.015075376884422103 0.017587939698492455 0.02512562814070351 0.010050251256281402 0.012562814070351754 0.012562814070351754 0.017587939698492455 0.012562814070351754 0.017587939698492455 0.02512562814070351 0.022613065326633156 0.015075376884422103 0.012562814070351754 0.005025125628140701 0.017587939698492455 0.020100502512562804 0.012562814070351754 0.010050251256281402 0.010050251256281402 0.012562814070351754 0.022613065326633156 0.0075376884422110515 0.022613065326633156 0.012562814070351754 0.022613065326633156 0.022613065326633156 0.012562814070351754 0.010050251256281402 0.022613065326633156 0.005025125628140701 0.0025125628140703505 0.022613065326633156 0.017587939698492455 0.015075376884422103 0.020100502512562804 0.015075376884422103 0.0075376884422110515 0.017587939698492455 0.020100502512562804 0.012562814070351754 0.017587939698492455 0.022613065326633156 0.010050251256281402 0.005025125628140701 0.022613065326633156 0.0075376884422110515 0.015075376884422103 0.0 
0.0026881720430107546 0.018817204301075283 0.008064516129032263 0.026881720430107545 0.021505376344086037 0.026881720430107545 0.026881720430107545 0.026881720430107545 0.016129032258064526 0.010752688172043019 0.018817204301075283 0.013440860215053772 0.010752688172043019 0.005376344086021509 0.010752688172043019 0.013440860215053772 0.005376344086021509 0.010752688172043019 0.02419354838709679 0.026881720430107545 0.0026881720430107546 0.010752688172043019 0.026881720430107545 0.013440860215053772 0.018817204301075283 0.02419354838709679 0.016129032258064526 0.02419354838709679 0.013440860215053772 0.026881720430107545 0.026881720430107545 0.010752688172043019 0.008064516129032263 0.018817204301075283 0.005376344086021509 0.005376344086021509 0.016129032258064526 0.026881720430107545 0.0026881720430107546 0.0026881720430107546 0.008064516129032263 0.026881720430107545 0.02419354838709679 0.010752688172043019 0.016129032258064526 0.013440860215053772 0.008064516129032263 0.02419354838709679 0.005376344086021509 0.02419354838709679 0.008064516129032263 0.0026881720430107546 0.005376344086021509 0.010752688172043019 0.010752688172043019 0.018817204301075283 0.021505376344086037 0.0026881720430107546 0.008064516129032263 0.0026881720430107546 0.026881720430107545 0.021505376344086037 0.02419354838709679 0.005376344086021509 0.018817204301075283 0.008064516129032263 0.0026881720430107546 0.013440860215053772 0.0 
0.010723860589812327 0.018766756032171573 0.002680965147453082 0.018766756032171573 0.010723860589812327 0.005361930294906164 0.021447721179624655 0.018766756032171573 0.01340482573726541 0.018766756032171573 0.021447721179624655 0.02680965147453082 0.02680965147453082 0.010723860589812327 0.024128686327077736 0.018766756032171573 0.021447721179624655 0.008042895442359246 0.021447721179624655 0.018766756032171573 0.021447721179624655 0.010723860589812327 0.018766756032171573 0.016085790884718492 0.024128686327077736 0.018766756032171573 0.021447721179624655 0.018766756032171573 0.002680965147453082 0.018766756032171573 0.005361930294906164 0.002680965147453082 0.02680965147453082 0.005361930294906164 0.016085790884718492 0.002680965147453082 0.016085790884718492 0.005361930294906164 0.002680965147453082 0.010723860589812327 0.01340482573726541 0.008042895442359246 0.018766756032171573 0.018766756032171573 0.018766756032171573 0.016085790884718492 0.008042895442359246 0.010723860589812327 0.018766756032171573 0.018766756032171573 0.008042895442359246 0.024128686327077736 0.021447721179624655 0.010723860589812327 0.016085790884718492 0.008042895442359246 0.005361930294906164 0.01340482573726541 0.02680965147453082 0.008042895442359246 0.018766756032171573 0.005361930294906164 0.005361930294906164 0.024128686327077736 0.016085790884718492 0.008042895442359246 0.01340482573726541 0.01340482573726541 0.0 
0.01724137931034483 0.012315270935960593 0.009852216748768475 0.0024630541871921187 0.007389162561576355 0.01724137931034483 0.024630541871921187 0.01724137931034483 0.01477832512315271 0.007389162561576355 0.022167487684729068 0.007389162561576355 0.01477832512315271 0.024630541871921187 0.007389162561576355 0.01724137931034483 0.0024630541871921187 0.012315270935960593 0.024630541871921187 0.01477832512315271 0.022167487684729068 0.022167487684729068 0.01724137931034483 0.012315270935960593 0.022167487684729068 0.009852216748768475 0.01477832512315271 0.004926108374384237 0.01970443349753695 0.007389162561576355 0.01970443349753695 0.01724137931034483 0.0024630541871921187 0.012315270935960593 0.024630541871921187 0.007389162561576355 0.004926108374384237 0.004926108374384237 0.009852216748768475 0.004926108374384237 0.01477832512315271 0.007389162561576355 0.007389162561576355 0.024630541871921187 0.022167487684729068 0.022167487684729068 0.01970443349753695 0.01970443349753695 0.007389162561576355 0.01724137931034483 0.01477832512315271 0.01477832512315271 0.01724137931034483 0.024630541871921187 0.0024630541871921187 0.024630541871921187 0.01477832512315271 0.01970443349753695 0.004926108374384237 0.01970443349753695 0.01970443349753695 0.012315270935960593 0.01724137931034483 0.01970443349753695 0.024630541871921187 0.024630541871921187 0.01724137931034483 0.004926108374384237 0.0 
0.026881720430107545 0.021505376344086037 0.02419354838709679 0.010752688172043019 0.008064516129032263 0.026881720430107545 0.005376344086021509 0.0026881720430107546 0.008064516129032263 0.026881720430107545 0.010752688172043019 0.021505376344086037 0.0026881720430107546 0.013440860215053772 0.013440860215053772 0.016129032258064526 0.0026881720430107546 0.026881720430107545 0.021505376344086037 0.02419354838709679 0.013440860215053772 0.026881720430107545 0.026881720430107545 0.013440860215053772 0.008064516129032263 0.026881720430107545 0.0026881720430107546 0.013440860215053772 0.016129032258064526 0.018817204301075283 0.026881720430107545 0.026881720430107545 0.008064516129032263 0.0026881720430107546 0.018817204301075283 0.010752688172043019 0.005376344086021509 0.005376344086021509 0.005376344086021509 0.008064516129032263 0.018817204301075283 0.026881720430107545 0.008064516129032263 0.0026881720430107546 0.016129032258064526 0.013440860215053772 0.0026881720430107546 0.010752688172043019 0.021505376344086037 0.018817204301075283 0.005376344086021509 0.0026881720430107546 0.008064516129032263 0.02419354838709679 0.02419354838709679 0.016129032258064526 0.021505376344086037 0.0026881720430107546 0.018817204301075283 0.013440860215053772 0.026881720430107545 0.018817204301075283 0.026881720430107545 0.010752688172043019 0.008064516129032263 0.008064516129032263 0.013440860215053772 0.010752688172043019 0.0 
0.021212121212121213 0.02727272727272727 0.015151515151515152 0.00909090909090909 0.0030303030303030303 0.021212121212121213 0.01818181818181818 0.01818181818181818 0.00909090909090909 0.030303030303030304 0.01818181818181818 0.012121212121212121 0.0030303030303030303 0.012121212121212121 0.012121212121212121 0.021212121212121213 0.021212121212121213 0.02727272727272727 0.021212121212121213 0.015151515151515152 0.006060606060606061 0.00909090909090909 0.0030303030303030303 0.006060606060606061 0.030303030303030304 0.0030303030303030303 0.02727272727272727 0.0030303030303030303 0.006060606060606061 0.00909090909090909 0.01818181818181818 0.006060606060606061 0.024242424242424242 0.021212121212121213 0.015151515151515152 0.0030303030303030303 0.01818181818181818 0.01818181818181818 0.015151515151515152 0.01818181818181818 0.00909090909090909 0.012121212121212121 0.006060606060606061 0.021212121212121213 0.0030303030303030303 0.006060606060606061 0.012121212121212121 0.01818181818181818 0.024242424242424242 0.01818181818181818 0.030303030303030304 0.00909090909090909 0.012121212121212121 0.021212121212121213 0.006060606060606061 0.021212121212121213 0.024242424242424242 0.01818181818181818 0.012121212121212121 0.012121212121212121 0.021212121212121213 0.0030303030303030303 0.00909090909090909 0.015151515151515152 0.0030303030303030303 0.01818181818181818 0.01818181818181818 0.01818181818181818 0.0 
0.019444444444444445 0.002777777777777778 0.019444444444444445 0.027777777777777776 0.019444444444444445 0.016666666666666666 0.016666666666666666 0.027777777777777776 0.005555555555555556 0.008333333333333333 0.016666666666666666 0.013888888888888888 0.013888888888888888 0.008333333333333333 0.008333333333333333 0.027777777777777776 0.022222222222222223 0.019444444444444445 0.016666666666666666 0.008333333333333333 0.022222222222222223 0.011111111111111112 0.013888888888888888 0.013888888888888888 0.022222222222222223 0.013888888888888888 0.011111111111111112 0.008333333333333333 0.008333333333333333 0.002777777777777778 0.013888888888888888 0.025 0.022222222222222223 0.002777777777777778 0.016666666666666666 0.002777777777777778 0.013888888888888888 0.019444444444444445 0.025 0.022222222222222223 0.027777777777777776 0.013888888888888888 0.013888888888888888 0.027777777777777776 0.008333333333333333 0.011111111111111112 0.008333333333333333 0.008333333333333333 0.008333333333333333 0.016666666666666666 0.025 0.008333333333333333 0.025 0.016666666666666666 0.016666666666666666 0.002777777777777778 0.002777777777777778 0.002777777777777778 0.016666666666666666 0.016666666666666666 0.008333333333333333 0.005555555555555556 0.027777777777777776 0.019444444444444445 0.002777777777777778 0.013888888888888888 0.008333333333333333 0.025 0.0 
0.002906976744186044 0.02325581395348835 0.002906976744186044 0.026162790697674396 0.005813953488372088 0.026162790697674396 0.01453488372093022 0.017441860465116265 0.017441860465116265 0.008720930232558132 0.026162790697674396 0.008720930232558132 0.005813953488372088 0.008720930232558132 0.017441860465116265 0.017441860465116265 0.002906976744186044 0.01453488372093022 0.026162790697674396 0.011627906976744175 0.02906976744186044 0.011627906976744175 0.005813953488372088 0.011627906976744175 0.02034883720930231 0.017441860465116265 0.002906976744186044 0.02906976744186044 0.002906976744186044 0.011627906976744175 0.017441860465116265 0.002906976744186044 0.017441860465116265 0.026162790697674396 0.002906976744186044 0.011627906976744175 0.02325581395348835 0.017441860465116265 0.01453488372093022 0.01453488372093022 0.02325581395348835 0.011627906976744175 0.017441860465116265 0.005813953488372088 0.017441860465116265 0.002906976744186044 0.02325581395348835 0.02034883720930231 0.008720930232558132 0.026162790697674396 0.017441860465116265 0.017441860465116265 0.011627906976744175 0.011627906976744175 0.02034883720930231 0.002906976744186044 0.01453488372093022 0.011627906976744175 0.02325581395348835 0.026162790697674396 0.017441860465116265 0.008720930232558132 0.017441860465116265 0.005813953488372088 0.017441860465116265 0.02034883720930231 0.02034883720930231 0.002906976744186044 0.0 
0.022670025188916882 0.007556675062972295 0.022670025188916882 0.007556675062972295 0.022670025188916882 0.025188916876574315 0.022670025188916882 0.005037783375314863 0.012594458438287158 0.012594458438287158 0.017632241813602022 0.005037783375314863 0.010075566750629726 0.012594458438287158 0.020151133501259452 0.017632241813602022 0.022670025188916882 0.020151133501259452 0.017632241813602022 0.020151133501259452 0.007556675062972295 0.017632241813602022 0.017632241813602022 0.025188916876574315 0.010075566750629726 0.020151133501259452 0.012594458438287158 0.005037783375314863 0.012594458438287158 0.017632241813602022 0.007556675062972295 0.010075566750629726 0.020151133501259452 0.01511335012594459 0.0025188916876574315 0.020151133501259452 0.010075566750629726 0.020151133501259452 0.0025188916876574315 0.012594458438287158 0.012594458438287158 0.007556675062972295 0.012594458438287158 0.012594458438287158 0.010075566750629726 0.017632241813602022 0.025188916876574315 0.0025188916876574315 0.020151133501259452 0.022670025188916882 0.020151133501259452 0.025188916876574315 0.025188916876574315 0.012594458438287158 0.020151133501259452 0.025188916876574315 0.012594458438287158 0.007556675062972295 0.007556675062972295 0.022670025188916882 0.01511335012594459 0.010075566750629726 0.01511335012594459 0.0025188916876574315 0.010075566750629726 0.01511335012594459 0.012594458438287158 0.005037783375314863 0.0 
0.015267175572519087 0.0025445292620865146 0.010178117048346058 0.0178117048346056 0.015267175572519087 0.02290076335877863 0.025445292620865145 0.005089058524173029 0.012722646310432573 0.0178117048346056 0.015267175572519087 0.0025445292620865146 0.02290076335877863 0.025445292620865145 0.025445292620865145 0.010178117048346058 0.010178117048346058 0.0025445292620865146 0.0178117048346056 0.025445292620865145 0.0178117048346056 0.005089058524173029 0.007633587786259543 0.02290076335877863 0.0025445292620865146 0.0178117048346056 0.010178117048346058 0.025445292620865145 0.010178117048346058 0.015267175572519087 0.007633587786259543 0.02290076335877863 0.020356234096692117 0.025445292620865145 0.02290076335877863 0.010178117048346058 0.0025445292620865146 0.015267175572519087 0.010178117048346058 0.025445292620865145 0.0025445292620865146 0.0025445292620865146 0.012722646310432573 0.010178117048346058 0.012722646310432573 0.012722646310432573 0.015267175572519087 0.007633587786259543 0.025445292620865145 0.020356234096692117 0.010178117048346058 0.025445292620865145 0.012722646310432573 0.02290076335877863 0.02290076335877863 0.005089058524173029 0.007633587786259543 0.0178117048346056 0.010178117048346058 0.010178117048346058 0.015267175572519087 0.020356234096692117 0.025445292620865145 0.0178117048346056 0.0025445292620865146 0.0178117048346056 0.0178117048346056 0.015267175572519087 0.0 
0.018181818181818177 0.012987012987012984 0.010389610389610388 0.012987012987012984 0.002597402597402597 0.0077922077922077905 0.02597402597402597 0.012987012987012984 0.005194805194805194 0.015584415584415581 0.020779220779220776 0.023376623376623374 0.018181818181818177 0.012987012987012984 0.020779220779220776 0.012987012987012984 0.010389610389610388 0.023376623376623374 0.010389610389610388 0.010389610389610388 0.012987012987012984 0.012987012987012984 0.02597402597402597 0.018181818181818177 0.010389610389610388 0.015584415584415581 0.012987012987012984 0.012987012987012984 0.010389610389610388 0.020779220779220776 0.023376623376623374 0.023376623376623374 0.002597402597402597 0.018181818181818177 0.018181818181818177 0.023376623376623374 0.015584415584415581 0.020779220779220776 0.0077922077922077905 0.02597402597402597 0.005194805194805194 0.015584415584415581 0.020779220779220776 0.020779220779220776 0.02597402597402597 0.015584415584415581 0.010389610389610388 0.0077922077922077905 0.005194805194805194 0.012987012987012984 0.012987012987012984 0.002597402597402597 0.010389610389610388 0.018181818181818177 0.005194805194805194 0.023376623376623374 0.018181818181818177 0.023376623376623374 0.002597402597402597 0.0077922077922077905 0.018181818181818177 0.005194805194805194 0.020779220779220776 0.0077922077922077905 0.023376623376623374 0.005194805194805194 0.020779220779220776 0.012987012987012984 0.0 
0.020771513353115736 0.008902077151335315 0.008902077151335315 0.0029673590504451053 0.020771513353115736 0.0029673590504451053 0.023738872403560842 0.026706231454005944 0.020771513353115736 0.0029673590504451053 0.029673590504451054 0.014836795252225527 0.026706231454005944 0.01780415430267063 0.023738872403560842 0.023738872403560842 0.008902077151335315 0.0029673590504451053 0.014836795252225527 0.008902077151335315 0.011869436201780421 0.01780415430267063 0.008902077151335315 0.023738872403560842 0.0059347181008902105 0.020771513353115736 0.0059347181008902105 0.011869436201780421 0.020771513353115736 0.014836795252225527 0.026706231454005944 0.026706231454005944 0.020771513353115736 0.020771513353115736 0.011869436201780421 0.0059347181008902105 0.01780415430267063 0.0059347181008902105 0.026706231454005944 0.01780415430267063 0.020771513353115736 0.029673590504451054 0.020771513353115736 0.0059347181008902105 0.0029673590504451053 0.011869436201780421 0.0029673590504451053 0.008902077151335315 0.023738872403560842 0.011869436201780421 0.0029673590504451053 0.008902077151335315 0.01780415430267063 0.026706231454005944 0.011869436201780421 0.011869436201780421 0.0059347181008902105 0.026706231454005944 0.011869436201780421 0.0059347181008902105 0.01780415430267063 0.008902077151335315 0.008902077151335315 0.01780415430267063 0.020771513353115736 0.008902077151335315 0.0059347181008902105 0.0059347181008902105 0.0 
1.0 0.0 0.0 0.0 0.0 0.0 0.0 0.0 0.0 0.0 0.0 0.0 0.0 0.0 0.0 0.0 0.0 0.0 0.0 0.0 0.0 0.0 0.0 0.0 0.0 0.0 0.0 0.0 0.0 0.0 0.0 0.0 0.0 0.0 0.0 0.0 0.0 0.0 0.0 0.0 0.0 0.0 0.0 0.0 0.0 0.0 0.0 0.0 0.0 0.0 0.0 0.0 0.0 0.0 0.0 0.0 0.0 0.0 0.0 0.0 0.0 0.0 0.0 0.0 0.0 0.0 0.0 0.0 0.0 

emissions
1 1 1 1 1 1 1 1 1 1 1 1 1 1 1 1 1 1 1 1 1 1 1 1 1 1 1 1 1 1 1 1 1 1 1 1 1 1 1 1 1 1 1 1 1 1 1 1 1 1 1 1 1 1 1 1 1 1 1 1 1 1 1 1 1 1 1 0 0 
0 0 0 0 0 0 0 0 0 0 0 0 0 0 0 0 0 0 0 0 0 0 0 0 0 0 0 0 0 0 0 0 0 0 0 0 0 0 0 0 0 0 0 0 0 0 0 0 0 0 0 0 0 0 0 0 0 0 0 0 0 0 0 0 0 0 0 0 1 
0 0 0 0 0 0 0 0 0 0 0 0 0 0 0 0 0 0 0 0 0 0 0 0 0 0 0 0 0 0 0 0 0 0 0 0 0 0 0 0 0 0 0 0 0 0 0 0 0 0 0 0 0 0 0 0 0 0 0 0 0 0 0 0 0 0 0 1 0 
