states
0 1 2 3 4 5 6 7 8 9 10 11 12 13 14 15 16 17 18 19 20 21 22 23 24 25 26 27 28 29 30 31 32 33 34 35 36 37 38 39 40 41 42 43 44 45 46 47 48 49 50 51 52 53 54 55 56 57 58 59 60 
labels
empty init elected 
initial
0.0 0.0 0.0 0.0 0.0 0.0 0.0 0.0 0.0 0.0 0.0 0.0 0.0 0.0 0.0 0.0 0.0 0.0 0.0 0.0 0.0 0.0 0.0 0.0 0.0 0.0 0.0 0.0 0.0 0.0 0.0 0.0 0.0 0.0 0.0 0.0 0.0 0.0 0.0 0.0 0.0 0.0 0.0 0.0 0.0 0.0 0.0 0.0 0.0 0.0 0.0 0.0 0.0 0.0 0.0 0.0 0.0 0.0 0.0 0.0 1.0
transitions
0.02821316614420062 0.03134796238244513 0.012539184952978052 0.02821316614420062 0.02821316614420062 0.003134796238244513 0.018808777429467082 0.012539184952978052 0.03134796238244513 0.03134796238244513 0.018808777429467082 0.025078369905956105 0.021943573667711595 0.003134796238244513 0.015673981191222566 0.025078369905956105 0.02821316614420062 0.006269592476489026 0.021943573667711595 0.009404388714733541 0.009404388714733541 0.006269592476489026 0.012539184952978052 0.018808777429467082 0.02821316614420062 0.006269592476489026 0.02821316614420062 0.025078369905956105 0.02821316614420062 0.006269592476489026 0.003134796238244513 0.018808777429467082 0.015673981191222566 0.006269592476489026 0.018808777429467082 0.015673981191222566 0.025078369905956105 0.021943573667711595 0.003134796238244513 0.003134796238244513 0.03134796238244513 0.009404388714733541 0.015673981191222566 0.018808777429467082 0.02821316614420062 0.02821316614420062 0.025078369905956105 0.018808777429467082 0.006269592476489026 0.006269592476489026 0.006269592476489026 0.018808777429467082 0.018808777429467082 0.025078369905956105 0.015673981191222566 0.012539184952978052 0.003134796238244513 0.003134796238244513 0.003134796238244513 0.003134796238244513 0.0 
0.011111111111111117 0.011111111111111117 0.029629629629629645 0.0037037037037037056 0.022222222222222233 0.0037037037037037056 0.007407407407407411 0.018518518518518524 0.007407407407407411 0.011111111111111117 0.011111111111111117 0.018518518518518524 0.03333333333333335 0.0037037037037037056 0.025925925925925936 0.0037037037037037056 0.018518518518518524 0.007407407407407411 0.022222222222222233 0.007407407407407411 0.03333333333333335 0.03333333333333335 0.029629629629629645 0.0037037037037037056 0.0037037037037037056 0.03703703703703705 0.007407407407407411 0.029629629629629645 0.03333333333333335 0.029629629629629645 0.018518518518518524 0.0037037037037037056 0.0037037037037037056 0.018518518518518524 0.014814814814814822 0.0037037037037037056 0.03333333333333335 0.011111111111111117 0.029629629629629645 0.011111111111111117 0.007407407407407411 0.014814814814814822 0.011111111111111117 0.018518518518518524 0.007407407407407411 0.011111111111111117 0.011111111111111117 0.029629629629629645 0.014814814814814822 0.018518518518518524 0.007407407407407411 0.025925925925925936 0.029629629629629645 0.03703703703703705 0.007407407407407411 0.0037037037037037056 0.0037037037037037056 0.022222222222222233 0.03333333333333335 0.018518518518518524 0.0 
0.024324324324324343 0.024324324324324343 0.010810810810810818 0.013513513513513523 0.027027027027027046 0.008108108108108114 0.016216216216216228 0.013513513513513523 0.021621621621621637 0.027027027027027046 0.005405405405405409 0.027027027027027046 0.0027027027027027046 0.021621621621621637 0.013513513513513523 0.024324324324324343 0.024324324324324343 0.013513513513513523 0.005405405405405409 0.013513513513513523 0.0027027027027027046 0.016216216216216228 0.018918918918918934 0.021621621621621637 0.0027027027027027046 0.021621621621621637 0.024324324324324343 0.005405405405405409 0.016216216216216228 0.010810810810810818 0.018918918918918934 0.027027027027027046 0.005405405405405409 0.010810810810810818 0.021621621621621637 0.013513513513513523 0.027027027027027046 0.0027027027027027046 0.024324324324324343 0.013513513513513523 0.021621621621621637 0.024324324324324343 0.016216216216216228 0.018918918918918934 0.021621621621621637 0.010810810810810818 0.016216216216216228 0.005405405405405409 0.024324324324324343 0.027027027027027046 0.008108108108108114 0.027027027027027046 0.024324324324324343 0.027027027027027046 0.013513513513513523 0.016216216216216228 0.0027027027027027046 0.024324324324324343 0.021621621621621637 0.005405405405405409 0.0 
0.008645533141210375 0.01729106628242075 0.008645533141210375 0.023054755043227664 0.020172910662824207 0.023054755043227664 0.02881844380403458 0.005763688760806916 0.01729106628242075 0.023054755043227664 0.01729106628242075 0.02881844380403458 0.023054755043227664 0.008645533141210375 0.020172910662824207 0.01440922190201729 0.025936599423631124 0.01440922190201729 0.02881844380403458 0.011527377521613832 0.025936599423631124 0.01729106628242075 0.020172910662824207 0.011527377521613832 0.025936599423631124 0.01440922190201729 0.008645533141210375 0.023054755043227664 0.023054755043227664 0.008645533141210375 0.008645533141210375 0.002881844380403458 0.023054755043227664 0.01729106628242075 0.002881844380403458 0.011527377521613832 0.011527377521613832 0.01729106628242075 0.01729106628242075 0.01440922190201729 0.023054755043227664 0.008645533141210375 0.008645533141210375 0.020172910662824207 0.020172910662824207 0.011527377521613832 0.020172910662824207 0.023054755043227664 0.023054755043227664 0.002881844380403458 0.025936599423631124 0.02881844380403458 0.01440922190201729 0.01729106628242075 0.01440922190201729 0.01729106628242075 0.002881844380403458 0.011527377521613832 0.01729106628242075 0.01440922190201729 0.0 
0.010101010101010104 0.020202020202020207 0.006734006734006735 0.02693602693602694 0.033670033670033676 0.023569023569023573 0.0033670033670033673 0.006734006734006735 0.02693602693602694 0.0033670033670033673 0.01346801346801347 0.02693602693602694 0.033670033670033676 0.01346801346801347 0.020202020202020207 0.023569023569023573 0.006734006734006735 0.020202020202020207 0.01346801346801347 0.023569023569023573 0.030303030303030307 0.020202020202020207 0.023569023569023573 0.02693602693602694 0.0033670033670033673 0.010101010101010104 0.006734006734006735 0.023569023569023573 0.010101010101010104 0.010101010101010104 0.020202020202020207 0.02693602693602694 0.006734006734006735 0.016835016835016838 0.02693602693602694 0.033670033670033676 0.01346801346801347 0.006734006734006735 0.010101010101010104 0.01346801346801347 0.006734006734006735 0.020202020202020207 0.016835016835016838 0.020202020202020207 0.010101010101010104 0.016835016835016838 0.006734006734006735 0.01346801346801347 0.010101010101010104 0.006734006734006735 0.016835016835016838 0.020202020202020207 0.030303030303030307 0.01346801346801347 0.006734006734006735 0.010101010101010104 0.023569023569023573 0.020202020202020207 0.02693602693602694 0.006734006734006735 0.0 
0.012121212121212121 0.030303030303030304 0.012121212121212121 0.01818181818181818 0.0030303030303030303 0.024242424242424242 0.00909090909090909 0.021212121212121213 0.0030303030303030303 0.006060606060606061 0.0030303030303030303 0.015151515151515152 0.021212121212121213 0.01818181818181818 0.021212121212121213 0.015151515151515152 0.030303030303030304 0.024242424242424242 0.0030303030303030303 0.015151515151515152 0.00909090909090909 0.02727272727272727 0.030303030303030304 0.02727272727272727 0.00909090909090909 0.02727272727272727 0.02727272727272727 0.015151515151515152 0.02727272727272727 0.0030303030303030303 0.015151515151515152 0.024242424242424242 0.030303030303030304 0.01818181818181818 0.030303030303030304 0.021212121212121213 0.015151515151515152 0.021212121212121213 0.012121212121212121 0.0030303030303030303 0.021212121212121213 0.012121212121212121 0.006060606060606061 0.015151515151515152 0.006060606060606061 0.01818181818181818 0.006060606060606061 0.02727272727272727 0.030303030303030304 0.012121212121212121 0.0030303030303030303 0.006060606060606061 0.015151515151515152 0.02727272727272727 0.01818181818181818 0.015151515151515152 0.012121212121212121 0.01818181818181818 0.0030303030303030303 0.02727272727272727 0.0 
0.0260586319218241 0.016286644951140062 0.01302931596091205 0.01302931596091205 0.022801302931596087 0.006514657980456025 0.0260586319218241 0.032573289902280124 0.006514657980456025 0.009771986970684036 0.0032573289902280123 0.0260586319218241 0.006514657980456025 0.019543973941368073 0.009771986970684036 0.009771986970684036 0.006514657980456025 0.01302931596091205 0.016286644951140062 0.01302931596091205 0.02931596091205211 0.0032573289902280123 0.022801302931596087 0.02931596091205211 0.01302931596091205 0.032573289902280124 0.0260586319218241 0.006514657980456025 0.02931596091205211 0.009771986970684036 0.02931596091205211 0.0032573289902280123 0.016286644951140062 0.02931596091205211 0.02931596091205211 0.022801302931596087 0.016286644951140062 0.01302931596091205 0.0032573289902280123 0.016286644951140062 0.0032573289902280123 0.019543973941368073 0.009771986970684036 0.009771986970684036 0.022801302931596087 0.009771986970684036 0.0032573289902280123 0.016286644951140062 0.006514657980456025 0.019543973941368073 0.019543973941368073 0.022801302931596087 0.019543973941368073 0.032573289902280124 0.019543973941368073 0.016286644951140062 0.032573289902280124 0.022801302931596087 0.009771986970684036 0.006514657980456025 0.0 
0.0061728395061728366 0.015432098765432091 0.027777777777777762 0.027777777777777762 0.024691358024691346 0.01851851851851851 0.027777777777777762 0.024691358024691346 0.0061728395061728366 0.030864197530864182 0.015432098765432091 0.021604938271604927 0.012345679012345673 0.021604938271604927 0.0061728395061728366 0.021604938271604927 0.027777777777777762 0.0030864197530864183 0.021604938271604927 0.0061728395061728366 0.015432098765432091 0.015432098765432091 0.027777777777777762 0.024691358024691346 0.027777777777777762 0.0030864197530864183 0.009259259259259255 0.021604938271604927 0.0030864197530864183 0.012345679012345673 0.027777777777777762 0.0030864197530864183 0.012345679012345673 0.027777777777777762 0.0061728395061728366 0.01851851851851851 0.009259259259259255 0.027777777777777762 0.012345679012345673 0.012345679012345673 0.01851851851851851 0.009259259259259255 0.021604938271604927 0.030864197530864182 0.009259259259259255 0.0061728395061728366 0.015432098765432091 0.009259259259259255 0.030864197530864182 0.030864197530864182 0.0030864197530864183 0.027777777777777762 0.012345679012345673 0.0061728395061728366 0.009259259259259255 0.009259259259259255 0.0061728395061728366 0.01851851851851851 0.027777777777777762 0.012345679012345673 0.0 
0.016025641025641024 0.01282051282051282 0.016025641025641024 0.022435897435897436 0.009615384615384616 0.022435897435897436 0.016025641025641024 0.016025641025641024 0.00641025641025641 0.02564102564102564 0.00641025641025641 0.003205128205128205 0.01282051282051282 0.03205128205128205 0.022435897435897436 0.003205128205128205 0.03205128205128205 0.022435897435897436 0.00641025641025641 0.003205128205128205 0.009615384615384616 0.003205128205128205 0.00641025641025641 0.028846153846153848 0.016025641025641024 0.016025641025641024 0.03205128205128205 0.03205128205128205 0.022435897435897436 0.016025641025641024 0.00641025641025641 0.00641025641025641 0.019230769230769232 0.019230769230769232 0.00641025641025641 0.022435897435897436 0.022435897435897436 0.016025641025641024 0.02564102564102564 0.02564102564102564 0.028846153846153848 0.009615384615384616 0.019230769230769232 0.019230769230769232 0.01282051282051282 0.03205128205128205 0.028846153846153848 0.028846153846153848 0.003205128205128205 0.009615384615384616 0.02564102564102564 0.02564102564102564 0.022435897435897436 0.00641025641025641 0.01282051282051282 0.016025641025641024 0.009615384615384616 0.003205128205128205 0.00641025641025641 0.019230769230769232 0.0 
0.0063492063492063475 0.0063492063492063475 0.012698412698412695 0.028571428571428564 0.0063492063492063475 0.02222222222222222 0.01587301587301587 0.0031746031746031737 0.01587301587301587 0.02222222222222222 0.03174603174603174 0.009523809523809523 0.03174603174603174 0.0063492063492063475 0.0063492063492063475 0.0063492063492063475 0.02222222222222222 0.028571428571428564 0.012698412698412695 0.009523809523809523 0.03174603174603174 0.019047619047619046 0.03174603174603174 0.012698412698412695 0.009523809523809523 0.02222222222222222 0.0063492063492063475 0.012698412698412695 0.009523809523809523 0.03174603174603174 0.03174603174603174 0.012698412698412695 0.012698412698412695 0.02539682539682539 0.0063492063492063475 0.012698412698412695 0.02539682539682539 0.012698412698412695 0.02222222222222222 0.028571428571428564 0.019047619047619046 0.0031746031746031737 0.0031746031746031737 0.019047619047619046 0.019047619047619046 0.01587301587301587 0.028571428571428564 0.02539682539682539 0.02222222222222222 0.0063492063492063475 0.01587301587301587 0.019047619047619046 0.0063492063492063475 0.02222222222222222 0.02222222222222222 0.0063492063492063475 0.02222222222222222 0.019047619047619046 0.012698412698412695 0.009523809523809523 0.0 
0.013333333333333334 0.016666666666666666 0.03 0.016666666666666666 0.01 0.023333333333333334 0.0033333333333333335 0.01 0.03333333333333333 0.0033333333333333335 0.03 0.006666666666666667 0.02666666666666667 0.01 0.023333333333333334 0.006666666666666667 0.02 0.0033333333333333335 0.023333333333333334 0.023333333333333334 0.02 0.02666666666666667 0.0033333333333333335 0.023333333333333334 0.013333333333333334 0.03333333333333333 0.006666666666666667 0.02666666666666667 0.023333333333333334 0.01 0.02 0.013333333333333334 0.03333333333333333 0.023333333333333334 0.01 0.006666666666666667 0.006666666666666667 0.013333333333333334 0.023333333333333334 0.02 0.0033333333333333335 0.02666666666666667 0.01 0.01 0.03333333333333333 0.023333333333333334 0.01 0.016666666666666666 0.013333333333333334 0.016666666666666666 0.01 0.01 0.02 0.013333333333333334 0.016666666666666666 0.013333333333333334 0.023333333333333334 0.006666666666666667 0.02666666666666667 0.006666666666666667 0.0 
0.013888888888888892 0.019444444444444448 0.019444444444444448 0.027777777777777783 0.019444444444444448 0.027777777777777783 0.008333333333333335 0.013888888888888892 0.02500000000000001 0.01666666666666667 0.027777777777777783 0.013888888888888892 0.01666666666666667 0.022222222222222227 0.011111111111111113 0.02500000000000001 0.02500000000000001 0.027777777777777783 0.011111111111111113 0.019444444444444448 0.019444444444444448 0.022222222222222227 0.011111111111111113 0.005555555555555557 0.01666666666666667 0.0027777777777777783 0.01666666666666667 0.019444444444444448 0.027777777777777783 0.02500000000000001 0.019444444444444448 0.011111111111111113 0.027777777777777783 0.013888888888888892 0.022222222222222227 0.008333333333333335 0.027777777777777783 0.013888888888888892 0.0027777777777777783 0.0027777777777777783 0.027777777777777783 0.0027777777777777783 0.027777777777777783 0.005555555555555557 0.008333333333333335 0.013888888888888892 0.008333333333333335 0.019444444444444448 0.0027777777777777783 0.02500000000000001 0.005555555555555557 0.013888888888888892 0.013888888888888892 0.027777777777777783 0.0027777777777777783 0.013888888888888892 0.019444444444444448 0.022222222222222227 0.013888888888888892 0.01666666666666667 0.0 
0.006172839506172839 0.006172839506172839 0.021604938271604937 0.018518518518518517 0.018518518518518517 0.021604938271604937 0.006172839506172839 0.0030864197530864196 0.015432098765432098 0.030864197530864196 0.015432098765432098 0.030864197530864196 0.030864197530864196 0.0030864197530864196 0.030864197530864196 0.018518518518518517 0.012345679012345678 0.024691358024691357 0.009259259259259259 0.021604938271604937 0.006172839506172839 0.018518518518518517 0.027777777777777776 0.021604938271604937 0.027777777777777776 0.030864197530864196 0.018518518518518517 0.009259259259259259 0.006172839506172839 0.012345679012345678 0.027777777777777776 0.012345679012345678 0.024691358024691357 0.024691358024691357 0.021604938271604937 0.009259259259259259 0.018518518518518517 0.018518518518518517 0.027777777777777776 0.015432098765432098 0.006172839506172839 0.006172839506172839 0.006172839506172839 0.012345679012345678 0.009259259259259259 0.015432098765432098 0.024691358024691357 0.018518518518518517 0.021604938271604937 0.012345679012345678 0.012345679012345678 0.027777777777777776 0.0030864197530864196 0.0030864197530864196 0.018518518518518517 0.021604938271604937 0.015432098765432098 0.009259259259259259 0.006172839506172839 0.024691358024691357 0.0 
0.016713091922005572 0.019498607242339833 0.025069637883008356 0.019498607242339833 0.027855153203342618 0.002785515320334262 0.027855153203342618 0.019498607242339833 0.022284122562674095 0.005571030640668524 0.019498607242339833 0.022284122562674095 0.022284122562674095 0.025069637883008356 0.002785515320334262 0.022284122562674095 0.016713091922005572 0.008356545961002786 0.027855153203342618 0.013927576601671309 0.005571030640668524 0.019498607242339833 0.016713091922005572 0.005571030640668524 0.027855153203342618 0.019498607242339833 0.008356545961002786 0.022284122562674095 0.027855153203342618 0.011142061281337047 0.002785515320334262 0.011142061281337047 0.002785515320334262 0.025069637883008356 0.027855153203342618 0.019498607242339833 0.002785515320334262 0.008356545961002786 0.022284122562674095 0.022284122562674095 0.022284122562674095 0.025069637883008356 0.002785515320334262 0.005571030640668524 0.025069637883008356 0.008356545961002786 0.011142061281337047 0.002785515320334262 0.022284122562674095 0.002785515320334262 0.022284122562674095 0.008356545961002786 0.002785515320334262 0.022284122562674095 0.025069637883008356 0.019498607242339833 0.019498607242339833 0.027855153203342618 0.027855153203342618 0.019498607242339833 0.0 
0.033003300330033 0.026402640264026403 0.006600660066006601 0.0297029702970297 0.0231023102310231 0.013201320132013201 0.0033003300330033004 0.0297029702970297 0.006600660066006601 0.026402640264026403 0.033003300330033 0.009900990099009901 0.019801980198019802 0.026402640264026403 0.006600660066006601 0.0165016501650165 0.006600660066006601 0.0165016501650165 0.019801980198019802 0.026402640264026403 0.026402640264026403 0.0231023102310231 0.0297029702970297 0.0033003300330033004 0.033003300330033 0.0033003300330033004 0.0033003300330033004 0.009900990099009901 0.013201320132013201 0.0165016501650165 0.013201320132013201 0.013201320132013201 0.006600660066006601 0.009900990099009901 0.0231023102310231 0.033003300330033 0.033003300330033 0.0231023102310231 0.013201320132013201 0.009900990099009901 0.006600660066006601 0.0165016501650165 0.009900990099009901 0.013201320132013201 0.0033003300330033004 0.006600660066006601 0.006600660066006601 0.009900990099009901 0.026402640264026403 0.0033003300330033004 0.0231023102310231 0.013201320132013201 0.0165016501650165 0.026402640264026403 0.013201320132013201 0.033003300330033 0.0165016501650165 0.0297029702970297 0.0033003300330033004 0.0033003300330033004 0.0 
0.026086956521739132 0.005797101449275363 0.005797101449275363 0.005797101449275363 0.026086956521739132 0.01739130434782609 0.0028985507246376816 0.02028985507246377 0.01739130434782609 0.02028985507246377 0.005797101449275363 0.005797101449275363 0.0028985507246376816 0.02028985507246377 0.011594202898550727 0.008695652173913045 0.02028985507246377 0.008695652173913045 0.008695652173913045 0.008695652173913045 0.005797101449275363 0.023188405797101453 0.01739130434782609 0.014492753623188408 0.02028985507246377 0.008695652173913045 0.023188405797101453 0.0028985507246376816 0.014492753623188408 0.026086956521739132 0.026086956521739132 0.011594202898550727 0.01739130434782609 0.014492753623188408 0.026086956521739132 0.028985507246376815 0.008695652173913045 0.005797101449275363 0.028985507246376815 0.01739130434782609 0.028985507246376815 0.023188405797101453 0.026086956521739132 0.028985507246376815 0.008695652173913045 0.026086956521739132 0.028985507246376815 0.028985507246376815 0.0028985507246376816 0.008695652173913045 0.02028985507246377 0.005797101449275363 0.023188405797101453 0.011594202898550727 0.028985507246376815 0.01739130434782609 0.026086956521739132 0.02028985507246377 0.02028985507246377 0.023188405797101453 0.0 
0.01282051282051282 0.016025641025641024 0.00641025641025641 0.028846153846153848 0.00641025641025641 0.028846153846153848 0.022435897435897436 0.02564102564102564 0.009615384615384616 0.003205128205128205 0.02564102564102564 0.009615384615384616 0.009615384615384616 0.01282051282051282 0.016025641025641024 0.016025641025641024 0.022435897435897436 0.016025641025641024 0.03205128205128205 0.01282051282051282 0.009615384615384616 0.016025641025641024 0.01282051282051282 0.01282051282051282 0.016025641025641024 0.02564102564102564 0.009615384615384616 0.01282051282051282 0.016025641025641024 0.022435897435897436 0.01282051282051282 0.02564102564102564 0.003205128205128205 0.009615384615384616 0.009615384615384616 0.019230769230769232 0.028846153846153848 0.016025641025641024 0.019230769230769232 0.02564102564102564 0.02564102564102564 0.03205128205128205 0.019230769230769232 0.009615384615384616 0.03205128205128205 0.016025641025641024 0.022435897435897436 0.02564102564102564 0.003205128205128205 0.003205128205128205 0.02564102564102564 0.01282051282051282 0.00641025641025641 0.022435897435897436 0.019230769230769232 0.003205128205128205 0.028846153846153848 0.00641025641025641 0.01282051282051282 0.016025641025641024 0.0 
0.013201320132013198 0.03300330033003299 0.0033003300330032995 0.029702970297029695 0.0033003300330032995 0.013201320132013198 0.016501650165016497 0.0099009900990099 0.0099009900990099 0.029702970297029695 0.0198019801980198 0.006600660066006599 0.0099009900990099 0.0099009900990099 0.006600660066006599 0.029702970297029695 0.0198019801980198 0.023102310231023097 0.026402640264026396 0.0099009900990099 0.023102310231023097 0.026402640264026396 0.029702970297029695 0.0099009900990099 0.0099009900990099 0.0033003300330032995 0.0198019801980198 0.0198019801980198 0.016501650165016497 0.03300330033003299 0.0099009900990099 0.0099009900990099 0.006600660066006599 0.0033003300330032995 0.0198019801980198 0.0099009900990099 0.0099009900990099 0.023102310231023097 0.03300330033003299 0.0099009900990099 0.0198019801980198 0.013201320132013198 0.026402640264026396 0.026402640264026396 0.006600660066006599 0.0099009900990099 0.03300330033003299 0.023102310231023097 0.0198019801980198 0.029702970297029695 0.0033003300330032995 0.029702970297029695 0.029702970297029695 0.0033003300330032995 0.0033003300330032995 0.013201320132013198 0.023102310231023097 0.0033003300330032995 0.026402640264026396 0.006600660066006599 0.0 
0.01388888888888888 0.002777777777777776 0.02777777777777776 0.02777777777777776 0.02777777777777776 0.02222222222222221 0.011111111111111105 0.005555555555555552 0.02777777777777776 0.01388888888888888 0.016666666666666656 0.024999999999999984 0.01944444444444443 0.005555555555555552 0.01944444444444443 0.011111111111111105 0.008333333333333328 0.008333333333333328 0.02777777777777776 0.011111111111111105 0.016666666666666656 0.01944444444444443 0.01388888888888888 0.002777777777777776 0.008333333333333328 0.024999999999999984 0.011111111111111105 0.002777777777777776 0.02777777777777776 0.02777777777777776 0.01944444444444443 0.011111111111111105 0.024999999999999984 0.02777777777777776 0.024999999999999984 0.016666666666666656 0.024999999999999984 0.002777777777777776 0.02222222222222221 0.002777777777777776 0.02777777777777776 0.01944444444444443 0.01944444444444443 0.002777777777777776 0.016666666666666656 0.011111111111111105 0.016666666666666656 0.016666666666666656 0.011111111111111105 0.02222222222222221 0.002777777777777776 0.008333333333333328 0.016666666666666656 0.02777777777777776 0.01944444444444443 0.01944444444444443 0.005555555555555552 0.024999999999999984 0.016666666666666656 0.02777777777777776 0.0 
0.02752293577981651 0.02446483180428134 0.02752293577981651 0.009174311926605503 0.015290519877675837 0.0030581039755351674 0.006116207951070335 0.021406727828746173 0.006116207951070335 0.021406727828746173 0.018348623853211007 0.015290519877675837 0.01223241590214067 0.02752293577981651 0.01223241590214067 0.02446483180428134 0.02752293577981651 0.021406727828746173 0.0030581039755351674 0.02446483180428134 0.02446483180428134 0.01223241590214067 0.02752293577981651 0.02752293577981651 0.02752293577981651 0.01223241590214067 0.006116207951070335 0.006116207951070335 0.030581039755351674 0.0030581039755351674 0.01223241590214067 0.02446483180428134 0.009174311926605503 0.009174311926605503 0.030581039755351674 0.006116207951070335 0.02752293577981651 0.006116207951070335 0.006116207951070335 0.018348623853211007 0.0030581039755351674 0.01223241590214067 0.006116207951070335 0.0030581039755351674 0.009174311926605503 0.02752293577981651 0.02752293577981651 0.0030581039755351674 0.018348623853211007 0.015290519877675837 0.02752293577981651 0.009174311926605503 0.01223241590214067 0.02446483180428134 0.021406727828746173 0.030581039755351674 0.01223241590214067 0.02752293577981651 0.02446483180428134 0.009174311926605503 0.0 
0.020289855072463777 0.014492753623188413 0.028985507246376826 0.020289855072463777 0.02318840579710146 0.005797101449275365 0.014492753623188413 0.02608695652173914 0.02608695652173914 0.020289855072463777 0.008695652173913047 0.028985507246376826 0.020289855072463777 0.01159420289855073 0.005797101449275365 0.014492753623188413 0.020289855072463777 0.01159420289855073 0.02318840579710146 0.008695652173913047 0.028985507246376826 0.005797101449275365 0.028985507246376826 0.017391304347826094 0.028985507246376826 0.01159420289855073 0.020289855072463777 0.02318840579710146 0.01159420289855073 0.020289855072463777 0.01159420289855073 0.02608695652173914 0.028985507246376826 0.02608695652173914 0.01159420289855073 0.008695652173913047 0.005797101449275365 0.02608695652173914 0.005797101449275365 0.005797101449275365 0.017391304347826094 0.02318840579710146 0.02318840579710146 0.0028985507246376825 0.017391304347826094 0.0028985507246376825 0.008695652173913047 0.020289855072463777 0.028985507246376826 0.01159420289855073 0.014492753623188413 0.02608695652173914 0.017391304347826094 0.005797101449275365 0.0028985507246376825 0.020289855072463777 0.005797101449275365 0.017391304347826094 0.008695652173913047 0.017391304347826094 0.0 
0.008287292817679558 0.0027624309392265192 0.013812154696132596 0.013812154696132596 0.024861878453038673 0.027624309392265192 0.011049723756906077 0.0027624309392265192 0.027624309392265192 0.0055248618784530384 0.019337016574585635 0.019337016574585635 0.022099447513812154 0.0055248618784530384 0.0055248618784530384 0.011049723756906077 0.013812154696132596 0.027624309392265192 0.022099447513812154 0.016574585635359115 0.024861878453038673 0.011049723756906077 0.022099447513812154 0.019337016574585635 0.008287292817679558 0.022099447513812154 0.024861878453038673 0.027624309392265192 0.008287292817679558 0.024861878453038673 0.0027624309392265192 0.013812154696132596 0.013812154696132596 0.019337016574585635 0.008287292817679558 0.008287292817679558 0.011049723756906077 0.019337016574585635 0.019337016574585635 0.024861878453038673 0.0027624309392265192 0.022099447513812154 0.022099447513812154 0.0027624309392265192 0.011049723756906077 0.013812154696132596 0.022099447513812154 0.027624309392265192 0.024861878453038673 0.027624309392265192 0.027624309392265192 0.0055248618784530384 0.027624309392265192 0.027624309392265192 0.016574585635359115 0.0055248618784530384 0.0027624309392265192 0.027624309392265192 0.027624309392265192 0.019337016574585635 0.0 
0.016286644951140062 0.009771986970684036 0.022801302931596087 0.022801302931596087 0.032573289902280124 0.01302931596091205 0.0260586319218241 0.022801302931596087 0.009771986970684036 0.022801302931596087 0.0260586319218241 0.0032573289902280123 0.02931596091205211 0.016286644951140062 0.0260586319218241 0.006514657980456025 0.0260586319218241 0.006514657980456025 0.006514657980456025 0.0260586319218241 0.02931596091205211 0.006514657980456025 0.0032573289902280123 0.02931596091205211 0.016286644951140062 0.022801302931596087 0.016286644951140062 0.006514657980456025 0.006514657980456025 0.0260586319218241 0.0032573289902280123 0.02931596091205211 0.02931596091205211 0.006514657980456025 0.0260586319218241 0.02931596091205211 0.006514657980456025 0.022801302931596087 0.0260586319218241 0.0032573289902280123 0.009771986970684036 0.016286644951140062 0.032573289902280124 0.006514657980456025 0.01302931596091205 0.009771986970684036 0.019543973941368073 0.016286644951140062 0.0032573289902280123 0.032573289902280124 0.0032573289902280123 0.019543973941368073 0.009771986970684036 0.0032573289902280123 0.0032573289902280123 0.009771986970684036 0.032573289902280124 0.01302931596091205 0.016286644951140062 0.01302931596091205 0.0 
0.019444444444444448 0.008333333333333335 0.02777777777777778 0.011111111111111113 0.0027777777777777783 0.022222222222222227 0.008333333333333335 0.025000000000000005 0.01666666666666667 0.02777777777777778 0.01666666666666667 0.02777777777777778 0.011111111111111113 0.02777777777777778 0.019444444444444448 0.01388888888888889 0.008333333333333335 0.01388888888888889 0.01388888888888889 0.01666666666666667 0.01666666666666667 0.025000000000000005 0.022222222222222227 0.022222222222222227 0.01666666666666667 0.0027777777777777783 0.008333333333333335 0.01388888888888889 0.005555555555555557 0.01388888888888889 0.02777777777777778 0.008333333333333335 0.025000000000000005 0.01388888888888889 0.01388888888888889 0.022222222222222227 0.005555555555555557 0.011111111111111113 0.025000000000000005 0.02777777777777778 0.01388888888888889 0.011111111111111113 0.0027777777777777783 0.022222222222222227 0.011111111111111113 0.02777777777777778 0.025000000000000005 0.022222222222222227 0.02777777777777778 0.011111111111111113 0.019444444444444448 0.01388888888888889 0.01388888888888889 0.02777777777777778 0.022222222222222227 0.01666666666666667 0.005555555555555557 0.01666666666666667 0.0027777777777777783 0.019444444444444448 0.0 
0.021875000000000002 0.03125000000000001 0.012500000000000002 0.0031250000000000006 0.03125000000000001 0.012500000000000002 0.006250000000000001 0.012500000000000002 0.028125000000000004 0.015625000000000003 0.018750000000000003 0.028125000000000004 0.021875000000000002 0.006250000000000001 0.025000000000000005 0.03125000000000001 0.025000000000000005 0.025000000000000005 0.009375000000000001 0.021875000000000002 0.018750000000000003 0.021875000000000002 0.009375000000000001 0.006250000000000001 0.009375000000000001 0.025000000000000005 0.0031250000000000006 0.018750000000000003 0.03125000000000001 0.006250000000000001 0.018750000000000003 0.012500000000000002 0.018750000000000003 0.03125000000000001 0.006250000000000001 0.009375000000000001 0.006250000000000001 0.021875000000000002 0.012500000000000002 0.009375000000000001 0.025000000000000005 0.006250000000000001 0.028125000000000004 0.03125000000000001 0.021875000000000002 0.012500000000000002 0.006250000000000001 0.0031250000000000006 0.012500000000000002 0.03125000000000001 0.0031250000000000006 0.009375000000000001 0.012500000000000002 0.03125000000000001 0.012500000000000002 0.018750000000000003 0.012500000000000002 0.015625000000000003 0.006250000000000001 0.015625000000000003 0.0 
0.01785714285714286 0.02678571428571429 0.029761904761904767 0.020833333333333336 0.029761904761904767 0.005952380952380954 0.020833333333333336 0.02678571428571429 0.002976190476190477 0.023809523809523815 0.01785714285714286 0.023809523809523815 0.020833333333333336 0.011904761904761908 0.011904761904761908 0.005952380952380954 0.01785714285714286 0.023809523809523815 0.002976190476190477 0.002976190476190477 0.00892857142857143 0.014880952380952384 0.005952380952380954 0.011904761904761908 0.014880952380952384 0.01785714285714286 0.020833333333333336 0.029761904761904767 0.01785714285714286 0.020833333333333336 0.014880952380952384 0.020833333333333336 0.005952380952380954 0.029761904761904767 0.020833333333333336 0.005952380952380954 0.002976190476190477 0.005952380952380954 0.02678571428571429 0.023809523809523815 0.029761904761904767 0.005952380952380954 0.002976190476190477 0.00892857142857143 0.011904761904761908 0.023809523809523815 0.005952380952380954 0.02678571428571429 0.01785714285714286 0.023809523809523815 0.002976190476190477 0.011904761904761908 0.029761904761904767 0.005952380952380954 0.011904761904761908 0.02678571428571429 0.029761904761904767 0.029761904761904767 0.01785714285714286 0.00892857142857143 0.0 
0.010791366906474819 0.035971223021582725 0.007194244604316545 0.02877697841726618 0.010791366906474819 0.021582733812949638 0.01438848920863309 0.0035971223021582727 0.021582733812949638 0.0035971223021582727 0.010791366906474819 0.02877697841726618 0.021582733812949638 0.0035971223021582727 0.007194244604316545 0.025179856115107906 0.01438848920863309 0.021582733812949638 0.007194244604316545 0.017985611510791363 0.007194244604316545 0.010791366906474819 0.01438848920863309 0.017985611510791363 0.010791366906474819 0.03237410071942445 0.01438848920863309 0.02877697841726618 0.017985611510791363 0.025179856115107906 0.025179856115107906 0.03237410071942445 0.025179856115107906 0.035971223021582725 0.01438848920863309 0.007194244604316545 0.010791366906474819 0.021582733812949638 0.01438848920863309 0.035971223021582725 0.010791366906474819 0.007194244604316545 0.010791366906474819 0.02877697841726618 0.02877697841726618 0.01438848920863309 0.0035971223021582727 0.025179856115107906 0.017985611510791363 0.017985611510791363 0.010791366906474819 0.0035971223021582727 0.02877697841726618 0.01438848920863309 0.010791366906474819 0.0035971223021582727 0.02877697841726618 0.007194244604316545 0.0035971223021582727 0.0035971223021582727 0.0 
0.020477815699658702 0.013651877133105802 0.020477815699658702 0.020477815699658702 0.034129692832764506 0.0034129692832764505 0.006825938566552901 0.030716723549488054 0.020477815699658702 0.030716723549488054 0.010238907849829351 0.017064846416382253 0.027303754266211604 0.006825938566552901 0.010238907849829351 0.010238907849829351 0.010238907849829351 0.017064846416382253 0.006825938566552901 0.013651877133105802 0.010238907849829351 0.0034129692832764505 0.006825938566552901 0.0034129692832764505 0.030716723549488054 0.010238907849829351 0.030716723549488054 0.030716723549488054 0.013651877133105802 0.030716723549488054 0.0034129692832764505 0.0034129692832764505 0.020477815699658702 0.020477815699658702 0.034129692832764506 0.013651877133105802 0.020477815699658702 0.034129692832764506 0.013651877133105802 0.030716723549488054 0.017064846416382253 0.023890784982935155 0.023890784982935155 0.010238907849829351 0.010238907849829351 0.0034129692832764505 0.0034129692832764505 0.010238907849829351 0.017064846416382253 0.030716723549488054 0.013651877133105802 0.006825938566552901 0.017064846416382253 0.017064846416382253 0.013651877133105802 0.030716723549488054 0.020477815699658702 0.0034129692832764505 0.013651877133105802 0.017064846416382253 0.0 
0.021943573667711595 0.021943573667711595 0.012539184952978052 0.021943573667711595 0.021943573667711595 0.018808777429467082 0.009404388714733541 0.009404388714733541 0.015673981191222566 0.03134796238244513 0.003134796238244513 0.02821316614420062 0.02821316614420062 0.009404388714733541 0.03134796238244513 0.03134796238244513 0.003134796238244513 0.015673981191222566 0.006269592476489026 0.02821316614420062 0.009404388714733541 0.003134796238244513 0.012539184952978052 0.025078369905956105 0.025078369905956105 0.03134796238244513 0.003134796238244513 0.015673981191222566 0.02821316614420062 0.02821316614420062 0.015673981191222566 0.015673981191222566 0.021943573667711595 0.003134796238244513 0.012539184952978052 0.009404388714733541 0.015673981191222566 0.021943573667711595 0.015673981191222566 0.021943573667711595 0.03134796238244513 0.009404388714733541 0.02821316614420062 0.009404388714733541 0.003134796238244513 0.006269592476489026 0.03134796238244513 0.006269592476489026 0.015673981191222566 0.015673981191222566 0.021943573667711595 0.003134796238244513 0.025078369905956105 0.021943573667711595 0.003134796238244513 0.006269592476489026 0.003134796238244513 0.018808777429467082 0.015673981191222566 0.018808777429467082 0.0 
0.009374999999999998 0.0031249999999999993 0.009374999999999998 0.028124999999999994 0.021874999999999995 0.031249999999999993 0.031249999999999993 0.024999999999999994 0.028124999999999994 0.031249999999999993 0.0031249999999999993 0.018749999999999996 0.006249999999999999 0.009374999999999998 0.018749999999999996 0.024999999999999994 0.0031249999999999993 0.015624999999999997 0.009374999999999998 0.0031249999999999993 0.009374999999999998 0.006249999999999999 0.015624999999999997 0.024999999999999994 0.012499999999999997 0.009374999999999998 0.012499999999999997 0.015624999999999997 0.009374999999999998 0.018749999999999996 0.015624999999999997 0.024999999999999994 0.018749999999999996 0.028124999999999994 0.018749999999999996 0.028124999999999994 0.021874999999999995 0.012499999999999997 0.018749999999999996 0.015624999999999997 0.009374999999999998 0.0031249999999999993 0.0031249999999999993 0.018749999999999996 0.015624999999999997 0.009374999999999998 0.012499999999999997 0.024999999999999994 0.028124999999999994 0.006249999999999999 0.015624999999999997 0.031249999999999993 0.018749999999999996 0.0031249999999999993 0.015624999999999997 0.024999999999999994 0.024999999999999994 0.024999999999999994 0.012499999999999997 0.028124999999999994 0.0 
0.02777777777777777 0.02469135802469135 0.015432098765432094 0.012345679012345675 0.012345679012345675 0.02777777777777777 0.018518518518518514 0.009259259259259257 0.006172839506172837 0.006172839506172837 0.021604938271604934 0.021604938271604934 0.006172839506172837 0.021604938271604934 0.006172839506172837 0.009259259259259257 0.021604938271604934 0.02469135802469135 0.006172839506172837 0.015432098765432094 0.0030864197530864187 0.03086419753086419 0.012345679012345675 0.02777777777777777 0.015432098765432094 0.02469135802469135 0.006172839506172837 0.009259259259259257 0.03086419753086419 0.006172839506172837 0.02777777777777777 0.009259259259259257 0.021604938271604934 0.012345679012345675 0.006172839506172837 0.009259259259259257 0.015432098765432094 0.009259259259259257 0.03086419753086419 0.021604938271604934 0.021604938271604934 0.02777777777777777 0.009259259259259257 0.006172839506172837 0.006172839506172837 0.02777777777777777 0.015432098765432094 0.018518518518518514 0.006172839506172837 0.021604938271604934 0.009259259259259257 0.0030864197530864187 0.03086419753086419 0.02777777777777777 0.02777777777777777 0.021604938271604934 0.006172839506172837 0.018518518518518514 0.03086419753086419 0.018518518518518514 0.0 
0.032467532467532485 0.029220779220779237 0.012987012987012995 0.022727272727272742 0.0032467532467532487 0.012987012987012995 0.01948051948051949 0.006493506493506497 0.022727272727272742 0.006493506493506497 0.032467532467532485 0.012987012987012995 0.016233766233766243 0.01948051948051949 0.029220779220779237 0.009740259740259745 0.0032467532467532487 0.032467532467532485 0.0032467532467532487 0.006493506493506497 0.0032467532467532487 0.032467532467532485 0.01948051948051949 0.01948051948051949 0.006493506493506497 0.02597402597402599 0.02597402597402599 0.032467532467532485 0.01948051948051949 0.02597402597402599 0.01948051948051949 0.01948051948051949 0.01948051948051949 0.006493506493506497 0.022727272727272742 0.01948051948051949 0.02597402597402599 0.006493506493506497 0.0032467532467532487 0.006493506493506497 0.012987012987012995 0.02597402597402599 0.006493506493506497 0.0032467532467532487 0.029220779220779237 0.029220779220779237 0.022727272727272742 0.032467532467532485 0.009740259740259745 0.009740259740259745 0.0032467532467532487 0.006493506493506497 0.02597402597402599 0.009740259740259745 0.006493506493506497 0.0032467532467532487 0.006493506493506497 0.01948051948051949 0.016233766233766243 0.02597402597402599 0.0 
0.01744186046511627 0.020348837209302313 0.026162790697674403 0.01744186046511627 0.0058139534883720895 0.029069767441860444 0.026162790697674403 0.014534883720930222 0.01744186046511627 0.014534883720930222 0.008720930232558134 0.026162790697674403 0.01744186046511627 0.026162790697674403 0.008720930232558134 0.023255813953488358 0.01744186046511627 0.0058139534883720895 0.01744186046511627 0.011627906976744179 0.020348837209302313 0.026162790697674403 0.023255813953488358 0.026162790697674403 0.023255813953488358 0.0058139534883720895 0.008720930232558134 0.0058139534883720895 0.026162790697674403 0.0058139534883720895 0.0029069767441860447 0.026162790697674403 0.008720930232558134 0.020348837209302313 0.01744186046511627 0.023255813953488358 0.029069767441860444 0.008720930232558134 0.008720930232558134 0.029069767441860444 0.020348837209302313 0.0058139534883720895 0.01744186046511627 0.026162790697674403 0.0029069767441860447 0.020348837209302313 0.014534883720930222 0.0058139534883720895 0.0058139534883720895 0.01744186046511627 0.029069767441860444 0.008720930232558134 0.0029069767441860447 0.023255813953488358 0.026162790697674403 0.011627906976744179 0.0058139534883720895 0.026162790697674403 0.014534883720930222 0.01744186046511627 0.0 
0.005970149253731344 0.02985074626865672 0.017910447761194034 0.023880597014925377 0.011940298507462688 0.017910447761194034 0.005970149253731344 0.011940298507462688 0.011940298507462688 0.026865671641791048 0.011940298507462688 0.017910447761194034 0.026865671641791048 0.002985074626865672 0.011940298507462688 0.011940298507462688 0.002985074626865672 0.005970149253731344 0.002985074626865672 0.020895522388059706 0.023880597014925377 0.002985074626865672 0.02985074626865672 0.017910447761194034 0.02985074626865672 0.011940298507462688 0.02985074626865672 0.02985074626865672 0.026865671641791048 0.005970149253731344 0.026865671641791048 0.02985074626865672 0.017910447761194034 0.023880597014925377 0.005970149253731344 0.020895522388059706 0.002985074626865672 0.002985074626865672 0.002985074626865672 0.023880597014925377 0.002985074626865672 0.023880597014925377 0.02985074626865672 0.002985074626865672 0.020895522388059706 0.023880597014925377 0.023880597014925377 0.017910447761194034 0.02985074626865672 0.017910447761194034 0.011940298507462688 0.01492537313432836 0.008955223880597017 0.026865671641791048 0.020895522388059706 0.008955223880597017 0.01492537313432836 0.02985074626865672 0.011940298507462688 0.008955223880597017 0.0 
0.022727272727272728 0.011363636363636364 0.022727272727272728 0.022727272727272728 0.017045454545454544 0.022727272727272728 0.014204545454545454 0.008522727272727272 0.002840909090909091 0.017045454545454544 0.008522727272727272 0.02556818181818182 0.011363636363636364 0.028409090909090908 0.019886363636363636 0.022727272727272728 0.022727272727272728 0.019886363636363636 0.028409090909090908 0.022727272727272728 0.028409090909090908 0.008522727272727272 0.028409090909090908 0.014204545454545454 0.008522727272727272 0.019886363636363636 0.022727272727272728 0.028409090909090908 0.002840909090909091 0.008522727272727272 0.005681818181818182 0.011363636363636364 0.002840909090909091 0.011363636363636364 0.028409090909090908 0.005681818181818182 0.011363636363636364 0.002840909090909091 0.02556818181818182 0.02556818181818182 0.022727272727272728 0.002840909090909091 0.011363636363636364 0.017045454545454544 0.022727272727272728 0.028409090909090908 0.005681818181818182 0.005681818181818182 0.014204545454545454 0.028409090909090908 0.02556818181818182 0.019886363636363636 0.005681818181818182 0.022727272727272728 0.008522727272727272 0.014204545454545454 0.022727272727272728 0.017045454545454544 0.011363636363636364 0.019886363636363636 0.0 
0.008849557522123892 0.026548672566371674 0.017699115044247784 0.026548672566371674 0.023598820058997043 0.029498525073746305 0.0029498525073746304 0.005899705014749261 0.011799410029498521 0.020648967551622415 0.011799410029498521 0.020648967551622415 0.023598820058997043 0.0029498525073746304 0.005899705014749261 0.020648967551622415 0.014749262536873153 0.029498525073746305 0.017699115044247784 0.014749262536873153 0.020648967551622415 0.008849557522123892 0.014749262536873153 0.029498525073746305 0.005899705014749261 0.020648967551622415 0.020648967551622415 0.029498525073746305 0.011799410029498521 0.005899705014749261 0.011799410029498521 0.014749262536873153 0.008849557522123892 0.020648967551622415 0.023598820058997043 0.029498525073746305 0.026548672566371674 0.023598820058997043 0.020648967551622415 0.008849557522123892 0.011799410029498521 0.017699115044247784 0.011799410029498521 0.026548672566371674 0.029498525073746305 0.0029498525073746304 0.017699115044247784 0.005899705014749261 0.005899705014749261 0.017699115044247784 0.017699115044247784 0.023598820058997043 0.017699115044247784 0.0029498525073746304 0.011799410029498521 0.011799410029498521 0.0029498525073746304 0.023598820058997043 0.020648967551622415 0.026548672566371674 0.0 
0.005952380952380954 0.02678571428571429 0.011904761904761908 0.02678571428571429 0.011904761904761908 0.014880952380952384 0.002976190476190477 0.014880952380952384 0.023809523809523815 0.029761904761904767 0.011904761904761908 0.029761904761904767 0.01785714285714286 0.029761904761904767 0.011904761904761908 0.029761904761904767 0.014880952380952384 0.023809523809523815 0.023809523809523815 0.029761904761904767 0.005952380952380954 0.01785714285714286 0.014880952380952384 0.002976190476190477 0.002976190476190477 0.005952380952380954 0.014880952380952384 0.00892857142857143 0.01785714285714286 0.011904761904761908 0.011904761904761908 0.029761904761904767 0.014880952380952384 0.00892857142857143 0.005952380952380954 0.023809523809523815 0.02678571428571429 0.02678571428571429 0.00892857142857143 0.011904761904761908 0.00892857142857143 0.029761904761904767 0.020833333333333336 0.02678571428571429 0.011904761904761908 0.002976190476190477 0.02678571428571429 0.02678571428571429 0.023809523809523815 0.005952380952380954 0.023809523809523815 0.014880952380952384 0.00892857142857143 0.002976190476190477 0.002976190476190477 0.023809523809523815 0.011904761904761908 0.02678571428571429 0.029761904761904767 0.002976190476190477 0.0 
0.0260586319218241 0.0260586319218241 0.016286644951140062 0.019543973941368073 0.0260586319218241 0.02931596091205211 0.016286644951140062 0.009771986970684036 0.0032573289902280123 0.0260586319218241 0.006514657980456025 0.019543973941368073 0.0032573289902280123 0.02931596091205211 0.0032573289902280123 0.01302931596091205 0.022801302931596087 0.006514657980456025 0.01302931596091205 0.0260586319218241 0.009771986970684036 0.0032573289902280123 0.019543973941368073 0.0260586319218241 0.022801302931596087 0.016286644951140062 0.0260586319218241 0.009771986970684036 0.016286644951140062 0.009771986970684036 0.032573289902280124 0.006514657980456025 0.0260586319218241 0.02931596091205211 0.022801302931596087 0.019543973941368073 0.009771986970684036 0.009771986970684036 0.022801302931596087 0.016286644951140062 0.016286644951140062 0.032573289902280124 0.0260586319218241 0.016286644951140062 0.022801302931596087 0.0032573289902280123 0.0032573289902280123 0.02931596091205211 0.0260586319218241 0.006514657980456025 0.032573289902280124 0.0032573289902280123 0.0032573289902280123 0.009771986970684036 0.0032573289902280123 0.016286644951140062 0.01302931596091205 0.02931596091205211 0.0032573289902280123 0.006514657980456025 0.0 
0.02147239263803681 0.018404907975460124 0.009202453987730062 0.03067484662576687 0.024539877300613498 0.003067484662576687 0.006134969325153374 0.012269938650306749 0.027607361963190184 0.027607361963190184 0.02147239263803681 0.03067484662576687 0.012269938650306749 0.003067484662576687 0.027607361963190184 0.003067484662576687 0.027607361963190184 0.015337423312883436 0.009202453987730062 0.03067484662576687 0.03067484662576687 0.009202453987730062 0.018404907975460124 0.03067484662576687 0.018404907975460124 0.006134969325153374 0.015337423312883436 0.03067484662576687 0.003067484662576687 0.02147239263803681 0.012269938650306749 0.003067484662576687 0.024539877300613498 0.02147239263803681 0.009202453987730062 0.018404907975460124 0.015337423312883436 0.009202453987730062 0.015337423312883436 0.009202453987730062 0.015337423312883436 0.003067484662576687 0.003067484662576687 0.024539877300613498 0.018404907975460124 0.015337423312883436 0.018404907975460124 0.009202453987730062 0.024539877300613498 0.003067484662576687 0.024539877300613498 0.003067484662576687 0.012269938650306749 0.006134969325153374 0.03067484662576687 0.015337423312883436 0.015337423312883436 0.03067484662576687 0.03067484662576687 0.012269938650306749 0.0 
0.02127659574468086 0.012158054711246207 0.01519756838905776 0.012158054711246207 0.01823708206686931 0.012158054711246207 0.03039513677811552 0.024316109422492415 0.027355623100303966 0.01823708206686931 0.027355623100303966 0.01519756838905776 0.024316109422492415 0.009118541033434655 0.006079027355623104 0.01823708206686931 0.003039513677811552 0.03039513677811552 0.027355623100303966 0.003039513677811552 0.027355623100303966 0.012158054711246207 0.012158054711246207 0.01823708206686931 0.009118541033434655 0.009118541033434655 0.03039513677811552 0.01823708206686931 0.006079027355623104 0.006079027355623104 0.009118541033434655 0.03039513677811552 0.003039513677811552 0.03039513677811552 0.009118541033434655 0.003039513677811552 0.006079027355623104 0.03039513677811552 0.012158054711246207 0.027355623100303966 0.003039513677811552 0.012158054711246207 0.01823708206686931 0.02127659574468086 0.012158054711246207 0.003039513677811552 0.024316109422492415 0.01519756838905776 0.03039513677811552 0.009118541033434655 0.027355623100303966 0.024316109422492415 0.01519756838905776 0.003039513677811552 0.01519756838905776 0.02127659574468086 0.02127659574468086 0.024316109422492415 0.024316109422492415 0.009118541033434655 0.0 
0.01602564102564103 0.003205128205128206 0.006410256410256412 0.022435897435897443 0.03205128205128206 0.022435897435897443 0.00961538461538462 0.022435897435897443 0.028846153846153858 0.012820512820512824 0.03205128205128206 0.025641025641025647 0.01602564102564103 0.01602564102564103 0.01602564102564103 0.003205128205128206 0.003205128205128206 0.01923076923076924 0.01602564102564103 0.00961538461538462 0.03205128205128206 0.006410256410256412 0.01923076923076924 0.03205128205128206 0.03205128205128206 0.028846153846153858 0.003205128205128206 0.003205128205128206 0.028846153846153858 0.003205128205128206 0.01602564102564103 0.012820512820512824 0.01602564102564103 0.006410256410256412 0.01923076923076924 0.012820512820512824 0.028846153846153858 0.028846153846153858 0.006410256410256412 0.003205128205128206 0.006410256410256412 0.006410256410256412 0.00961538461538462 0.00961538461538462 0.01602564102564103 0.028846153846153858 0.03205128205128206 0.022435897435897443 0.01923076923076924 0.022435897435897443 0.012820512820512824 0.012820512820512824 0.022435897435897443 0.028846153846153858 0.012820512820512824 0.003205128205128206 0.01602564102564103 0.028846153846153858 0.003205128205128206 0.012820512820512824 0.0 
0.01886792452830189 0.01886792452830189 0.01617250673854448 0.01886792452830189 0.01617250673854448 0.01886792452830189 0.013477088948787066 0.026954177897574132 0.013477088948787066 0.021563342318059304 0.024258760107816718 0.021563342318059304 0.01617250673854448 0.021563342318059304 0.010781671159029652 0.013477088948787066 0.013477088948787066 0.00808625336927224 0.01617250673854448 0.021563342318059304 0.00808625336927224 0.013477088948787066 0.026954177897574132 0.024258760107816718 0.002695417789757413 0.01886792452830189 0.005390835579514826 0.002695417789757413 0.005390835579514826 0.026954177897574132 0.01886792452830189 0.010781671159029652 0.026954177897574132 0.00808625336927224 0.026954177897574132 0.026954177897574132 0.024258760107816718 0.013477088948787066 0.002695417789757413 0.01617250673854448 0.01617250673854448 0.005390835579514826 0.005390835579514826 0.01886792452830189 0.024258760107816718 0.013477088948787066 0.01617250673854448 0.010781671159029652 0.01886792452830189 0.01886792452830189 0.024258760107816718 0.024258760107816718 0.024258760107816718 0.00808625336927224 0.010781671159029652 0.024258760107816718 0.01886792452830189 0.01886792452830189 0.026954177897574132 0.010781671159029652 0.0 
0.017543859649122813 0.005847953216374271 0.029239766081871357 0.02631578947368422 0.023391812865497085 0.02631578947368422 0.008771929824561406 0.017543859649122813 0.017543859649122813 0.014619883040935679 0.0029239766081871356 0.0029239766081871356 0.008771929824561406 0.008771929824561406 0.008771929824561406 0.02631578947368422 0.02631578947368422 0.02046783625730995 0.02631578947368422 0.0029239766081871356 0.014619883040935679 0.014619883040935679 0.02631578947368422 0.023391812865497085 0.023391812865497085 0.014619883040935679 0.02631578947368422 0.023391812865497085 0.029239766081871357 0.0029239766081871356 0.023391812865497085 0.02046783625730995 0.02046783625730995 0.02631578947368422 0.011695906432748543 0.017543859649122813 0.011695906432748543 0.023391812865497085 0.029239766081871357 0.017543859649122813 0.005847953216374271 0.014619883040935679 0.005847953216374271 0.011695906432748543 0.0029239766081871356 0.014619883040935679 0.0029239766081871356 0.008771929824561406 0.005847953216374271 0.02631578947368422 0.02046783625730995 0.005847953216374271 0.02046783625730995 0.029239766081871357 0.011695906432748543 0.014619883040935679 0.017543859649122813 0.029239766081871357 0.0029239766081871356 0.02631578947368422 0.0 
0.015673981191222566 0.021943573667711595 0.003134796238244513 0.03134796238244513 0.018808777429467082 0.018808777429467082 0.009404388714733541 0.003134796238244513 0.015673981191222566 0.02821316614420062 0.009404388714733541 0.021943573667711595 0.003134796238244513 0.009404388714733541 0.021943573667711595 0.012539184952978052 0.018808777429467082 0.021943573667711595 0.03134796238244513 0.006269592476489026 0.025078369905956105 0.006269592476489026 0.021943573667711595 0.021943573667711595 0.02821316614420062 0.012539184952978052 0.003134796238244513 0.03134796238244513 0.03134796238244513 0.025078369905956105 0.009404388714733541 0.009404388714733541 0.03134796238244513 0.018808777429467082 0.003134796238244513 0.02821316614420062 0.03134796238244513 0.02821316614420062 0.02821316614420062 0.02821316614420062 0.02821316614420062 0.003134796238244513 0.003134796238244513 0.009404388714733541 0.012539184952978052 0.021943573667711595 0.003134796238244513 0.021943573667711595 0.003134796238244513 0.018808777429467082 0.012539184952978052 0.012539184952978052 0.009404388714733541 0.012539184952978052 0.021943573667711595 0.006269592476489026 0.015673981191222566 0.003134796238244513 0.021943573667711595 0.012539184952978052 0.0 
0.02923976608187135 0.026315789473684216 0.02923976608187135 0.0058479532163742695 0.01754385964912281 0.020467836257309944 0.0029239766081871348 0.008771929824561405 0.008771929824561405 0.020467836257309944 0.02923976608187135 0.014619883040935675 0.01754385964912281 0.01754385964912281 0.01754385964912281 0.011695906432748539 0.01754385964912281 0.0029239766081871348 0.01754385964912281 0.0029239766081871348 0.008771929824561405 0.011695906432748539 0.0058479532163742695 0.026315789473684216 0.023391812865497078 0.014619883040935675 0.026315789473684216 0.014619883040935675 0.02923976608187135 0.020467836257309944 0.02923976608187135 0.01754385964912281 0.02923976608187135 0.0029239766081871348 0.0029239766081871348 0.0058479532163742695 0.020467836257309944 0.008771929824561405 0.02923976608187135 0.0058479532163742695 0.011695906432748539 0.02923976608187135 0.026315789473684216 0.01754385964912281 0.02923976608187135 0.011695906432748539 0.01754385964912281 0.014619883040935675 0.008771929824561405 0.011695906432748539 0.026315789473684216 0.011695906432748539 0.023391812865497078 0.02923976608187135 0.008771929824561405 0.0058479532163742695 0.023391812865497078 0.0029239766081871348 0.020467836257309944 0.01754385964912281 0.0 
0.024999999999999994 0.02222222222222222 0.01111111111111111 0.02222222222222222 0.008333333333333331 0.01944444444444444 0.02777777777777777 0.02222222222222222 0.013888888888888885 0.013888888888888885 0.016666666666666663 0.02777777777777777 0.01111111111111111 0.024999999999999994 0.005555555555555555 0.02777777777777777 0.008333333333333331 0.013888888888888885 0.024999999999999994 0.013888888888888885 0.024999999999999994 0.02777777777777777 0.008333333333333331 0.01111111111111111 0.0027777777777777775 0.016666666666666663 0.02777777777777777 0.024999999999999994 0.02777777777777777 0.008333333333333331 0.01111111111111111 0.024999999999999994 0.01944444444444444 0.013888888888888885 0.02777777777777777 0.0027777777777777775 0.024999999999999994 0.005555555555555555 0.01944444444444444 0.016666666666666663 0.008333333333333331 0.02777777777777777 0.01944444444444444 0.0027777777777777775 0.01944444444444444 0.01944444444444444 0.0027777777777777775 0.005555555555555555 0.0027777777777777775 0.005555555555555555 0.02777777777777777 0.02777777777777777 0.01944444444444444 0.02222222222222222 0.01111111111111111 0.005555555555555555 0.02222222222222222 0.008333333333333331 0.016666666666666663 0.016666666666666663 0.0 
0.012121212121212123 0.0030303030303030307 0.018181818181818184 0.0030303030303030307 0.0030303030303030307 0.021212121212121217 0.024242424242424246 0.012121212121212123 0.021212121212121217 0.0060606060606060615 0.021212121212121217 0.012121212121212123 0.030303030303030307 0.027272727272727275 0.012121212121212123 0.024242424242424246 0.0060606060606060615 0.009090909090909092 0.027272727272727275 0.018181818181818184 0.027272727272727275 0.0030303030303030307 0.012121212121212123 0.018181818181818184 0.012121212121212123 0.0060606060606060615 0.012121212121212123 0.0030303030303030307 0.009090909090909092 0.009090909090909092 0.0030303030303030307 0.030303030303030307 0.024242424242424246 0.0030303030303030307 0.024242424242424246 0.021212121212121217 0.021212121212121217 0.009090909090909092 0.009090909090909092 0.015151515151515154 0.030303030303030307 0.021212121212121217 0.027272727272727275 0.021212121212121217 0.030303030303030307 0.024242424242424246 0.015151515151515154 0.018181818181818184 0.0060606060606060615 0.030303030303030307 0.015151515151515154 0.030303030303030307 0.009090909090909092 0.030303030303030307 0.018181818181818184 0.0030303030303030307 0.012121212121212123 0.012121212121212123 0.030303030303030307 0.030303030303030307 0.0 
0.011627906976744175 0.008720930232558132 0.02906976744186044 0.026162790697674396 0.02325581395348835 0.011627906976744175 0.02034883720930231 0.017441860465116265 0.01453488372093022 0.01453488372093022 0.002906976744186044 0.002906976744186044 0.005813953488372088 0.02906976744186044 0.02906976744186044 0.026162790697674396 0.01453488372093022 0.01453488372093022 0.008720930232558132 0.02906976744186044 0.02906976744186044 0.017441860465116265 0.02325581395348835 0.008720930232558132 0.02906976744186044 0.005813953488372088 0.01453488372093022 0.026162790697674396 0.005813953488372088 0.02034883720930231 0.008720930232558132 0.011627906976744175 0.02325581395348835 0.017441860465116265 0.011627906976744175 0.02906976744186044 0.017441860465116265 0.017441860465116265 0.01453488372093022 0.02034883720930231 0.026162790697674396 0.02325581395348835 0.008720930232558132 0.02034883720930231 0.008720930232558132 0.017441860465116265 0.02325581395348835 0.02906976744186044 0.002906976744186044 0.02906976744186044 0.011627906976744175 0.02034883720930231 0.02906976744186044 0.011627906976744175 0.017441860465116265 0.008720930232558132 0.005813953488372088 0.002906976744186044 0.002906976744186044 0.008720930232558132 0.0 
0.0028818443804034585 0.02017291066282421 0.017291066282420754 0.02017291066282421 0.028818443804034588 0.014409221902017294 0.023054755043227668 0.014409221902017294 0.011527377521613834 0.0028818443804034585 0.005763688760806917 0.011527377521613834 0.02017291066282421 0.014409221902017294 0.028818443804034588 0.028818443804034588 0.0028818443804034585 0.023054755043227668 0.014409221902017294 0.023054755043227668 0.028818443804034588 0.028818443804034588 0.011527377521613834 0.017291066282420754 0.02593659942363113 0.008645533141210377 0.0028818443804034585 0.014409221902017294 0.005763688760806917 0.028818443804034588 0.02017291066282421 0.023054755043227668 0.005763688760806917 0.0028818443804034585 0.011527377521613834 0.023054755043227668 0.017291066282420754 0.02017291066282421 0.02017291066282421 0.028818443804034588 0.023054755043227668 0.005763688760806917 0.02017291066282421 0.02017291066282421 0.0028818443804034585 0.023054755043227668 0.005763688760806917 0.0028818443804034585 0.023054755043227668 0.028818443804034588 0.011527377521613834 0.02017291066282421 0.0028818443804034585 0.008645533141210377 0.023054755043227668 0.02593659942363113 0.005763688760806917 0.02017291066282421 0.028818443804034588 0.023054755043227668 0.0 
0.009868421052631584 0.032894736842105275 0.016447368421052638 0.023026315789473693 0.016447368421052638 0.032894736842105275 0.006578947368421055 0.009868421052631584 0.019736842105263167 0.019736842105263167 0.0032894736842105274 0.009868421052631584 0.032894736842105275 0.032894736842105275 0.009868421052631584 0.019736842105263167 0.01315789473684211 0.02631578947368422 0.0032894736842105274 0.02960526315789475 0.01315789473684211 0.02631578947368422 0.032894736842105275 0.019736842105263167 0.006578947368421055 0.009868421052631584 0.02960526315789475 0.006578947368421055 0.009868421052631584 0.02631578947368422 0.019736842105263167 0.006578947368421055 0.016447368421052638 0.006578947368421055 0.016447368421052638 0.023026315789473693 0.016447368421052638 0.009868421052631584 0.019736842105263167 0.019736842105263167 0.016447368421052638 0.009868421052631584 0.0032894736842105274 0.006578947368421055 0.023026315789473693 0.02960526315789475 0.006578947368421055 0.019736842105263167 0.006578947368421055 0.02960526315789475 0.019736842105263167 0.0032894736842105274 0.0032894736842105274 0.009868421052631584 0.023026315789473693 0.006578947368421055 0.019736842105263167 0.01315789473684211 0.01315789473684211 0.032894736842105275 0.0 
0.012499999999999997 0.009374999999999998 0.012499999999999997 0.024999999999999994 0.012499999999999997 0.028124999999999994 0.009374999999999998 0.015624999999999997 0.028124999999999994 0.012499999999999997 0.012499999999999997 0.024999999999999994 0.021874999999999995 0.015624999999999997 0.018749999999999996 0.024999999999999994 0.006249999999999999 0.012499999999999997 0.009374999999999998 0.024999999999999994 0.012499999999999997 0.031249999999999993 0.015624999999999997 0.009374999999999998 0.018749999999999996 0.028124999999999994 0.009374999999999998 0.021874999999999995 0.009374999999999998 0.028124999999999994 0.009374999999999998 0.006249999999999999 0.009374999999999998 0.012499999999999997 0.024999999999999994 0.021874999999999995 0.0031249999999999993 0.012499999999999997 0.012499999999999997 0.009374999999999998 0.031249999999999993 0.021874999999999995 0.015624999999999997 0.015624999999999997 0.031249999999999993 0.0031249999999999993 0.021874999999999995 0.015624999999999997 0.031249999999999993 0.021874999999999995 0.009374999999999998 0.006249999999999999 0.015624999999999997 0.009374999999999998 0.018749999999999996 0.018749999999999996 0.028124999999999994 0.018749999999999996 0.018749999999999996 0.0031249999999999993 0.0 
0.011527377521613836 0.002881844380403459 0.014409221902017296 0.02305475504322767 0.011527377521613836 0.02881844380403459 0.011527377521613836 0.02305475504322767 0.014409221902017296 0.017291066282420758 0.02881844380403459 0.014409221902017296 0.008645533141210379 0.005763688760806918 0.02305475504322767 0.017291066282420758 0.014409221902017296 0.002881844380403459 0.008645533141210379 0.014409221902017296 0.017291066282420758 0.002881844380403459 0.02305475504322767 0.008645533141210379 0.014409221902017296 0.02593659942363113 0.02881844380403459 0.02593659942363113 0.008645533141210379 0.002881844380403459 0.014409221902017296 0.002881844380403459 0.005763688760806918 0.020172910662824214 0.014409221902017296 0.005763688760806918 0.02881844380403459 0.020172910662824214 0.008645533141210379 0.002881844380403459 0.02881844380403459 0.020172910662824214 0.011527377521613836 0.02593659942363113 0.02881844380403459 0.002881844380403459 0.02881844380403459 0.02305475504322767 0.02305475504322767 0.017291066282420758 0.02881844380403459 0.002881844380403459 0.014409221902017296 0.014409221902017296 0.017291066282420758 0.02305475504322767 0.02593659942363113 0.02593659942363113 0.02881844380403459 0.02881844380403459 0.0 
0.015772870662460567 0.0031545741324921135 0.012618296529968454 0.031545741324921134 0.022082018927444796 0.025236593059936908 0.025236593059936908 0.01892744479495268 0.012618296529968454 0.025236593059936908 0.028391167192429023 0.00946372239747634 0.028391167192429023 0.00946372239747634 0.022082018927444796 0.00946372239747634 0.028391167192429023 0.0031545741324921135 0.015772870662460567 0.031545741324921134 0.028391167192429023 0.028391167192429023 0.0031545741324921135 0.025236593059936908 0.00946372239747634 0.012618296529968454 0.028391167192429023 0.00946372239747634 0.012618296529968454 0.012618296529968454 0.031545741324921134 0.0031545741324921135 0.022082018927444796 0.012618296529968454 0.025236593059936908 0.025236593059936908 0.00946372239747634 0.012618296529968454 0.0031545741324921135 0.01892744479495268 0.0031545741324921135 0.01892744479495268 0.00946372239747634 0.028391167192429023 0.01892744479495268 0.006309148264984227 0.006309148264984227 0.00946372239747634 0.031545741324921134 0.022082018927444796 0.0031545741324921135 0.00946372239747634 0.00946372239747634 0.006309148264984227 0.025236593059936908 0.006309148264984227 0.006309148264984227 0.00946372239747634 0.025236593059936908 0.031545741324921134 0.0 
0.01166180758017493 0.0029154518950437326 0.029154518950437327 0.017492711370262398 0.01166180758017493 0.020408163265306128 0.01166180758017493 0.008746355685131199 0.029154518950437327 0.005830903790087465 0.017492711370262398 0.020408163265306128 0.029154518950437327 0.008746355685131199 0.026239067055393597 0.02332361516034986 0.017492711370262398 0.026239067055393597 0.02332361516034986 0.0029154518950437326 0.020408163265306128 0.02332361516034986 0.020408163265306128 0.02332361516034986 0.02332361516034986 0.029154518950437327 0.029154518950437327 0.014577259475218663 0.01166180758017493 0.008746355685131199 0.0029154518950437326 0.02332361516034986 0.029154518950437327 0.020408163265306128 0.01166180758017493 0.005830903790087465 0.0029154518950437326 0.020408163265306128 0.005830903790087465 0.01166180758017493 0.020408163265306128 0.0029154518950437326 0.026239067055393597 0.029154518950437327 0.02332361516034986 0.029154518950437327 0.01166180758017493 0.017492711370262398 0.0029154518950437326 0.005830903790087465 0.026239067055393597 0.005830903790087465 0.01166180758017493 0.0029154518950437326 0.01166180758017493 0.02332361516034986 0.0029154518950437326 0.008746355685131199 0.026239067055393597 0.029154518950437327 0.0 
0.003030303030303029 0.003030303030303029 0.03030303030303029 0.012121212121212116 0.009090909090909087 0.02727272727272726 0.018181818181818174 0.015151515151515145 0.02727272727272726 0.012121212121212116 0.006060606060606058 0.012121212121212116 0.024242424242424232 0.009090909090909087 0.003030303030303029 0.012121212121212116 0.015151515151515145 0.03030303030303029 0.006060606060606058 0.012121212121212116 0.021212121212121203 0.018181818181818174 0.021212121212121203 0.03030303030303029 0.02727272727272726 0.03030303030303029 0.012121212121212116 0.003030303030303029 0.03030303030303029 0.012121212121212116 0.009090909090909087 0.009090909090909087 0.006060606060606058 0.024242424242424232 0.003030303030303029 0.015151515151515145 0.018181818181818174 0.018181818181818174 0.015151515151515145 0.015151515151515145 0.024242424242424232 0.03030303030303029 0.024242424242424232 0.006060606060606058 0.006060606060606058 0.003030303030303029 0.03030303030303029 0.024242424242424232 0.024242424242424232 0.003030303030303029 0.006060606060606058 0.03030303030303029 0.021212121212121203 0.018181818181818174 0.024242424242424232 0.006060606060606058 0.03030303030303029 0.03030303030303029 0.018181818181818174 0.012121212121212116 0.0 
0.011363636363636364 0.019886363636363636 0.02556818181818182 0.005681818181818182 0.017045454545454544 0.022727272727272728 0.022727272727272728 0.019886363636363636 0.002840909090909091 0.005681818181818182 0.002840909090909091 0.011363636363636364 0.005681818181818182 0.014204545454545454 0.014204545454545454 0.005681818181818182 0.011363636363636364 0.022727272727272728 0.011363636363636364 0.028409090909090908 0.028409090909090908 0.02556818181818182 0.022727272727272728 0.028409090909090908 0.002840909090909091 0.014204545454545454 0.02556818181818182 0.014204545454545454 0.014204545454545454 0.008522727272727272 0.028409090909090908 0.022727272727272728 0.014204545454545454 0.011363636363636364 0.022727272727272728 0.011363636363636364 0.02556818181818182 0.008522727272727272 0.028409090909090908 0.028409090909090908 0.002840909090909091 0.017045454545454544 0.008522727272727272 0.019886363636363636 0.022727272727272728 0.017045454545454544 0.019886363636363636 0.008522727272727272 0.017045454545454544 0.019886363636363636 0.02556818181818182 0.02556818181818182 0.005681818181818182 0.002840909090909091 0.022727272727272728 0.028409090909090908 0.017045454545454544 0.022727272727272728 0.005681818181818182 0.022727272727272728 0.0 
0.013477088948787058 0.026954177897574115 0.0026954177897574112 0.026954177897574115 0.008086253369272234 0.013477088948787058 0.010781671159029645 0.02156334231805929 0.02156334231805929 0.02156334231805929 0.01617250673854447 0.01886792452830188 0.010781671159029645 0.0242587601078167 0.0026954177897574112 0.01617250673854447 0.01617250673854447 0.01886792452830188 0.01617250673854447 0.008086253369272234 0.02156334231805929 0.0242587601078167 0.010781671159029645 0.01617250673854447 0.008086253369272234 0.0026954177897574112 0.01617250673854447 0.010781671159029645 0.010781671159029645 0.008086253369272234 0.01617250673854447 0.008086253369272234 0.0242587601078167 0.026954177897574115 0.013477088948787058 0.008086253369272234 0.0242587601078167 0.0242587601078167 0.008086253369272234 0.02156334231805929 0.02156334231805929 0.02156334231805929 0.008086253369272234 0.0026954177897574112 0.02156334231805929 0.01886792452830188 0.013477088948787058 0.02156334231805929 0.02156334231805929 0.026954177897574115 0.02156334231805929 0.02156334231805929 0.008086253369272234 0.010781671159029645 0.02156334231805929 0.0242587601078167 0.02156334231805929 0.026954177897574115 0.0242587601078167 0.02156334231805929 0.0 
0.005494505494505495 0.02197802197802198 0.0027472527472527475 0.027472527472527472 0.019230769230769232 0.016483516483516484 0.0027472527472527475 0.02197802197802198 0.0027472527472527475 0.01098901098901099 0.0027472527472527475 0.024725274725274724 0.0027472527472527475 0.016483516483516484 0.016483516483516484 0.008241758241758242 0.027472527472527472 0.013736263736263736 0.024725274725274724 0.019230769230769232 0.013736263736263736 0.02197802197802198 0.0027472527472527475 0.027472527472527472 0.027472527472527472 0.019230769230769232 0.027472527472527472 0.02197802197802198 0.02197802197802198 0.02197802197802198 0.027472527472527472 0.005494505494505495 0.027472527472527472 0.019230769230769232 0.008241758241758242 0.027472527472527472 0.019230769230769232 0.01098901098901099 0.016483516483516484 0.027472527472527472 0.013736263736263736 0.01098901098901099 0.027472527472527472 0.016483516483516484 0.019230769230769232 0.008241758241758242 0.0027472527472527475 0.02197802197802198 0.02197802197802198 0.02197802197802198 0.005494505494505495 0.005494505494505495 0.027472527472527472 0.013736263736263736 0.02197802197802198 0.019230769230769232 0.013736263736263736 0.019230769230769232 0.008241758241758242 0.016483516483516484 0.0 
0.0033783783783783794 0.030405405405405414 0.0033783783783783794 0.03378378378378379 0.023648648648648657 0.020270270270270275 0.0033783783783783794 0.013513513513513518 0.013513513513513518 0.0033783783783783794 0.020270270270270275 0.013513513513513518 0.010135135135135137 0.016891891891891896 0.0033783783783783794 0.030405405405405414 0.03378378378378379 0.006756756756756759 0.020270270270270275 0.006756756756756759 0.010135135135135137 0.010135135135135137 0.006756756756756759 0.030405405405405414 0.03378378378378379 0.020270270270270275 0.006756756756756759 0.023648648648648657 0.0033783783783783794 0.020270270270270275 0.023648648648648657 0.010135135135135137 0.023648648648648657 0.020270270270270275 0.010135135135135137 0.027027027027027035 0.0033783783783783794 0.020270270270270275 0.016891891891891896 0.0033783783783783794 0.016891891891891896 0.020270270270270275 0.020270270270270275 0.020270270270270275 0.010135135135135137 0.010135135135135137 0.010135135135135137 0.020270270270270275 0.030405405405405414 0.006756756756756759 0.006756756756756759 0.010135135135135137 0.027027027027027035 0.027027027027027035 0.016891891891891896 0.016891891891891896 0.010135135135135137 0.020270270270270275 0.030405405405405414 0.03378378378378379 0.0 
0.017006802721088426 0.013605442176870739 0.027210884353741478 0.0034013605442176848 0.03401360544217685 0.010204081632653053 0.027210884353741478 0.0034013605442176848 0.010204081632653053 0.0034013605442176848 0.010204081632653053 0.0034013605442176848 0.027210884353741478 0.010204081632653053 0.020408163265306107 0.02380952380952379 0.02380952380952379 0.013605442176870739 0.010204081632653053 0.0034013605442176848 0.010204081632653053 0.013605442176870739 0.017006802721088426 0.02380952380952379 0.010204081632653053 0.013605442176870739 0.0068027210884353696 0.027210884353741478 0.02380952380952379 0.020408163265306107 0.020408163265306107 0.02380952380952379 0.0068027210884353696 0.010204081632653053 0.03401360544217685 0.0068027210884353696 0.030612244897959162 0.02380952380952379 0.017006802721088426 0.017006802721088426 0.013605442176870739 0.0068027210884353696 0.02380952380952379 0.013605442176870739 0.020408163265306107 0.0034013605442176848 0.017006802721088426 0.02380952380952379 0.030612244897959162 0.030612244897959162 0.02380952380952379 0.0068027210884353696 0.02380952380952379 0.0068027210884353696 0.030612244897959162 0.017006802721088426 0.010204081632653053 0.0034013605442176848 0.02380952380952379 0.017006802721088426 0.0 
1.0 0.0 0.0 0.0 0.0 0.0 0.0 0.0 0.0 0.0 0.0 0.0 0.0 0.0 0.0 0.0 0.0 0.0 0.0 0.0 0.0 0.0 0.0 0.0 0.0 0.0 0.0 0.0 0.0 0.0 0.0 0.0 0.0 0.0 0.0 0.0 0.0 0.0 0.0 0.0 0.0 0.0 0.0 0.0 0.0 0.0 0.0 0.0 0.0 0.0 0.0 0.0 0.0 0.0 0.0 0.0 0.0 0.0 0.0 0.0 0.0 

emissions
1 1 1 1 1 1 1 1 1 1 1 1 1 1 1 1 1 1 1 1 1 1 1 1 1 1 1 1 1 1 1 1 1 1 1 1 1 1 1 1 1 1 1 1 1 1 1 1 1 1 1 1 1 1 1 1 1 1 1 0 0 
0 0 0 0 0 0 0 0 0 0 0 0 0 0 0 0 0 0 0 0 0 0 0 0 0 0 0 0 0 0 0 0 0 0 0 0 0 0 0 0 0 0 0 0 0 0 0 0 0 0 0 0 0 0 0 0 0 0 0 0 1 
0 0 0 0 0 0 0 0 0 0 0 0 0 0 0 0 0 0 0 0 0 0 0 0 0 0 0 0 0 0 0 0 0 0 0 0 0 0 0 0 0 0 0 0 0 0 0 0 0 0 0 0 0 0 0 0 0 0 0 1 0 
