states
0 1 2 3 4 5 6 7 8 9 10 11 12 13 14 15 16 17 18 19 20 21 22 23 24 25 26 27 28 29 30 31 32 33 34 35 36 37 38 39 40 41 42 43 44 45 46 47 48 49 50 51 52 53 54 55 56 57 58 59 60 61 62 63 64 65 66 67 68 
labels
empty init elected 
initial
0.0 0.0 0.0 0.0 0.0 0.0 0.0 0.0 0.0 0.0 0.0 0.0 0.0 0.0 0.0 0.0 0.0 0.0 0.0 0.0 0.0 0.0 0.0 0.0 0.0 0.0 0.0 0.0 0.0 0.0 0.0 0.0 0.0 0.0 0.0 0.0 0.0 0.0 0.0 0.0 0.0 0.0 0.0 0.0 0.0 0.0 0.0 0.0 0.0 0.0 0.0 0.0 0.0 0.0 0.0 0.0 0.0 0.0 0.0 0.0 0.0 0.0 0.0 0.0 0.0 0.0 0.0 0.0 1.0
transitions
0.020565552699228787 0.01542416452442159 0.005141388174807197 0.023136246786632387 0.020565552699228787 0.023136246786632387 0.007712082262210795 0.025706940874035984 0.020565552699228787 0.020565552699228787 0.020565552699228787 0.025706940874035984 0.023136246786632387 0.012853470437017992 0.007712082262210795 0.01799485861182519 0.012853470437017992 0.010282776349614393 0.0025706940874035984 0.020565552699228787 0.01542416452442159 0.01542416452442159 0.025706940874035984 0.01799485861182519 0.01799485861182519 0.023136246786632387 0.007712082262210795 0.01542416452442159 0.023136246786632387 0.005141388174807197 0.007712082262210795 0.020565552699228787 0.0025706940874035984 0.023136246786632387 0.010282776349614393 0.005141388174807197 0.0025706940874035984 0.010282776349614393 0.007712082262210795 0.010282776349614393 0.007712082262210795 0.025706940874035984 0.007712082262210795 0.005141388174807197 0.0025706940874035984 0.005141388174807197 0.025706940874035984 0.025706940874035984 0.0025706940874035984 0.020565552699228787 0.007712082262210795 0.01799485861182519 0.010282776349614393 0.020565552699228787 0.023136246786632387 0.007712082262210795 0.01799485861182519 0.020565552699228787 0.020565552699228787 0.025706940874035984 0.007712082262210795 0.020565552699228787 0.01542416452442159 0.010282776349614393 0.0025706940874035984 0.01542416452442159 0.012853470437017992 0.010282776349614393 0.0 
0.02216748768472906 0.024630541871921176 0.014778325123152705 0.02216748768472906 0.017241379310344824 0.019704433497536943 0.002463054187192118 0.012315270935960588 0.017241379310344824 0.02216748768472906 0.012315270935960588 0.02216748768472906 0.004926108374384236 0.024630541871921176 0.014778325123152705 0.012315270935960588 0.007389162561576353 0.009852216748768471 0.012315270935960588 0.019704433497536943 0.017241379310344824 0.017241379310344824 0.02216748768472906 0.002463054187192118 0.009852216748768471 0.014778325123152705 0.017241379310344824 0.004926108374384236 0.004926108374384236 0.017241379310344824 0.002463054187192118 0.02216748768472906 0.019704433497536943 0.014778325123152705 0.019704433497536943 0.017241379310344824 0.02216748768472906 0.012315270935960588 0.012315270935960588 0.002463054187192118 0.019704433497536943 0.007389162561576353 0.004926108374384236 0.02216748768472906 0.02216748768472906 0.004926108374384236 0.009852216748768471 0.004926108374384236 0.009852216748768471 0.017241379310344824 0.019704433497536943 0.012315270935960588 0.002463054187192118 0.019704433497536943 0.009852216748768471 0.019704433497536943 0.024630541871921176 0.017241379310344824 0.017241379310344824 0.024630541871921176 0.009852216748768471 0.007389162561576353 0.019704433497536943 0.017241379310344824 0.019704433497536943 0.024630541871921176 0.012315270935960588 0.009852216748768471 0.0 
0.0026595744680851076 0.015957446808510644 0.0026595744680851076 0.026595744680851074 0.015957446808510644 0.02127659574468086 0.015957446808510644 0.026595744680851074 0.023936170212765968 0.007978723404255322 0.013297872340425537 0.007978723404255322 0.01063829787234043 0.0026595744680851076 0.01063829787234043 0.01861702127659575 0.026595744680851074 0.0026595744680851076 0.01063829787234043 0.013297872340425537 0.023936170212765968 0.01861702127659575 0.01063829787234043 0.02127659574468086 0.01063829787234043 0.026595744680851074 0.005319148936170215 0.013297872340425537 0.023936170212765968 0.01063829787234043 0.0026595744680851076 0.007978723404255322 0.013297872340425537 0.01861702127659575 0.005319148936170215 0.026595744680851074 0.0026595744680851076 0.026595744680851074 0.01063829787234043 0.005319148936170215 0.007978723404255322 0.01063829787234043 0.007978723404255322 0.026595744680851074 0.015957446808510644 0.007978723404255322 0.02127659574468086 0.026595744680851074 0.015957446808510644 0.01861702127659575 0.015957446808510644 0.026595744680851074 0.026595744680851074 0.01861702127659575 0.023936170212765968 0.015957446808510644 0.013297872340425537 0.013297872340425537 0.01861702127659575 0.007978723404255322 0.007978723404255322 0.005319148936170215 0.01063829787234043 0.02127659574468086 0.013297872340425537 0.0026595744680851076 0.015957446808510644 0.02127659574468086 0.0 
0.009999999999999998 0.022499999999999996 0.014999999999999996 0.024999999999999994 0.004999999999999999 0.014999999999999996 0.012499999999999997 0.009999999999999998 0.024999999999999994 0.014999999999999996 0.017499999999999998 0.017499999999999998 0.004999999999999999 0.0024999999999999996 0.014999999999999996 0.007499999999999998 0.0024999999999999996 0.014999999999999996 0.022499999999999996 0.014999999999999996 0.019999999999999997 0.022499999999999996 0.024999999999999994 0.024999999999999994 0.0024999999999999996 0.009999999999999998 0.019999999999999997 0.0024999999999999996 0.012499999999999997 0.019999999999999997 0.019999999999999997 0.012499999999999997 0.004999999999999999 0.009999999999999998 0.0024999999999999996 0.019999999999999997 0.019999999999999997 0.014999999999999996 0.004999999999999999 0.014999999999999996 0.009999999999999998 0.024999999999999994 0.009999999999999998 0.0024999999999999996 0.024999999999999994 0.019999999999999997 0.017499999999999998 0.004999999999999999 0.019999999999999997 0.024999999999999994 0.017499999999999998 0.009999999999999998 0.019999999999999997 0.007499999999999998 0.019999999999999997 0.022499999999999996 0.024999999999999994 0.004999999999999999 0.007499999999999998 0.024999999999999994 0.0024999999999999996 0.017499999999999998 0.022499999999999996 0.014999999999999996 0.019999999999999997 0.014999999999999996 0.022499999999999996 0.004999999999999999 0.0 
0.008522727272727274 0.011363636363636366 0.0028409090909090914 0.017045454545454548 0.017045454545454548 0.01988636363636364 0.01988636363636364 0.0028409090909090914 0.02840909090909091 0.017045454545454548 0.017045454545454548 0.011363636363636366 0.017045454545454548 0.02840909090909091 0.005681818181818183 0.005681818181818183 0.02840909090909091 0.025568181818181823 0.005681818181818183 0.02840909090909091 0.005681818181818183 0.0028409090909090914 0.01988636363636364 0.0028409090909090914 0.0028409090909090914 0.008522727272727274 0.025568181818181823 0.02840909090909091 0.0028409090909090914 0.008522727272727274 0.02840909090909091 0.005681818181818183 0.017045454545454548 0.011363636363636366 0.017045454545454548 0.02272727272727273 0.011363636363636366 0.01988636363636364 0.02840909090909091 0.017045454545454548 0.025568181818181823 0.011363636363636366 0.01988636363636364 0.014204545454545456 0.014204545454545456 0.008522727272727274 0.025568181818181823 0.017045454545454548 0.02272727272727273 0.01988636363636364 0.008522727272727274 0.025568181818181823 0.014204545454545456 0.008522727272727274 0.01988636363636364 0.005681818181818183 0.0028409090909090914 0.014204545454545456 0.02840909090909091 0.0028409090909090914 0.02272727272727273 0.02840909090909091 0.0028409090909090914 0.008522727272727274 0.011363636363636366 0.0028409090909090914 0.0028409090909090914 0.005681818181818183 0.0 
0.020151133501259452 0.022670025188916882 0.007556675062972295 0.022670025188916882 0.010075566750629726 0.017632241813602022 0.012594458438287158 0.025188916876574315 0.025188916876574315 0.022670025188916882 0.0025188916876574315 0.022670025188916882 0.012594458438287158 0.005037783375314863 0.01511335012594459 0.01511335012594459 0.010075566750629726 0.005037783375314863 0.007556675062972295 0.025188916876574315 0.010075566750629726 0.005037783375314863 0.010075566750629726 0.01511335012594459 0.005037783375314863 0.020151133501259452 0.012594458438287158 0.020151133501259452 0.022670025188916882 0.01511335012594459 0.005037783375314863 0.022670025188916882 0.017632241813602022 0.0025188916876574315 0.01511335012594459 0.010075566750629726 0.005037783375314863 0.022670025188916882 0.0025188916876574315 0.01511335012594459 0.025188916876574315 0.025188916876574315 0.012594458438287158 0.025188916876574315 0.017632241813602022 0.01511335012594459 0.012594458438287158 0.025188916876574315 0.022670025188916882 0.010075566750629726 0.020151133501259452 0.012594458438287158 0.0025188916876574315 0.0025188916876574315 0.020151133501259452 0.020151133501259452 0.0025188916876574315 0.0025188916876574315 0.0025188916876574315 0.01511335012594459 0.020151133501259452 0.017632241813602022 0.020151133501259452 0.017632241813602022 0.025188916876574315 0.01511335012594459 0.007556675062972295 0.022670025188916882 0.0 
0.013623978201634874 0.0217983651226158 0.016348773841961848 0.016348773841961848 0.0108991825613079 0.008174386920980924 0.008174386920980924 0.013623978201634874 0.027247956403269748 0.0217983651226158 0.002724795640326975 0.00544959128065395 0.00544959128065395 0.027247956403269748 0.0108991825613079 0.008174386920980924 0.00544959128065395 0.024523160762942774 0.013623978201634874 0.013623978201634874 0.019073569482288825 0.027247956403269748 0.008174386920980924 0.002724795640326975 0.024523160762942774 0.024523160762942774 0.00544959128065395 0.016348773841961848 0.019073569482288825 0.008174386920980924 0.013623978201634874 0.002724795640326975 0.0217983651226158 0.0217983651226158 0.027247956403269748 0.002724795640326975 0.0217983651226158 0.027247956403269748 0.00544959128065395 0.027247956403269748 0.016348773841961848 0.0108991825613079 0.002724795640326975 0.008174386920980924 0.0108991825613079 0.0108991825613079 0.002724795640326975 0.008174386920980924 0.016348773841961848 0.00544959128065395 0.027247956403269748 0.024523160762942774 0.002724795640326975 0.0217983651226158 0.00544959128065395 0.013623978201634874 0.024523160762942774 0.008174386920980924 0.0217983651226158 0.0217983651226158 0.016348773841961848 0.0217983651226158 0.016348773841961848 0.019073569482288825 0.024523160762942774 0.002724795640326975 0.0217983651226158 0.0108991825613079 0.0 
0.012690355329949247 0.0025380710659898493 0.0025380710659898493 0.0050761421319796985 0.0025380710659898493 0.012690355329949247 0.010152284263959397 0.010152284263959397 0.010152284263959397 0.022842639593908642 0.012690355329949247 0.007614213197969549 0.022842639593908642 0.012690355329949247 0.015228426395939097 0.012690355329949247 0.015228426395939097 0.025380710659898494 0.0050761421319796985 0.015228426395939097 0.022842639593908642 0.015228426395939097 0.0050761421319796985 0.017766497461928946 0.025380710659898494 0.025380710659898494 0.012690355329949247 0.017766497461928946 0.007614213197969549 0.010152284263959397 0.020304568527918794 0.020304568527918794 0.017766497461928946 0.025380710659898494 0.017766497461928946 0.025380710659898494 0.007614213197969549 0.025380710659898494 0.0050761421319796985 0.010152284263959397 0.020304568527918794 0.020304568527918794 0.0050761421319796985 0.017766497461928946 0.0025380710659898493 0.0025380710659898493 0.020304568527918794 0.022842639593908642 0.012690355329949247 0.0025380710659898493 0.020304568527918794 0.020304568527918794 0.025380710659898494 0.0025380710659898493 0.022842639593908642 0.012690355329949247 0.020304568527918794 0.0025380710659898493 0.025380710659898494 0.017766497461928946 0.017766497461928946 0.022842639593908642 0.020304568527918794 0.012690355329949247 0.010152284263959397 0.015228426395939097 0.007614213197969549 0.025380710659898494 0.0 
0.015665796344647518 0.02349869451697128 0.005221932114882507 0.018276762402088774 0.020887728459530026 0.010443864229765013 0.020887728459530026 0.02349869451697128 0.0026109660574412533 0.0026109660574412533 0.0026109660574412533 0.010443864229765013 0.020887728459530026 0.0026109660574412533 0.020887728459530026 0.0026109660574412533 0.015665796344647518 0.0026109660574412533 0.0026109660574412533 0.015665796344647518 0.018276762402088774 0.015665796344647518 0.007832898172323759 0.005221932114882507 0.0026109660574412533 0.018276762402088774 0.013054830287206266 0.010443864229765013 0.0026109660574412533 0.018276762402088774 0.018276762402088774 0.007832898172323759 0.020887728459530026 0.02610966057441253 0.007832898172323759 0.02349869451697128 0.018276762402088774 0.02610966057441253 0.007832898172323759 0.020887728459530026 0.015665796344647518 0.02349869451697128 0.02349869451697128 0.02349869451697128 0.015665796344647518 0.020887728459530026 0.018276762402088774 0.013054830287206266 0.005221932114882507 0.020887728459530026 0.013054830287206266 0.015665796344647518 0.02610966057441253 0.020887728459530026 0.010443864229765013 0.015665796344647518 0.010443864229765013 0.020887728459530026 0.018276762402088774 0.02349869451697128 0.007832898172323759 0.0026109660574412533 0.02349869451697128 0.015665796344647518 0.015665796344647518 0.005221932114882507 0.02349869451697128 0.020887728459530026 0.0 
0.015957446808510637 0.0026595744680851063 0.010638297872340425 0.0026595744680851063 0.026595744680851064 0.018617021276595744 0.026595744680851064 0.018617021276595744 0.018617021276595744 0.007978723404255319 0.023936170212765957 0.02127659574468085 0.023936170212765957 0.026595744680851064 0.0026595744680851063 0.010638297872340425 0.023936170212765957 0.005319148936170213 0.02127659574468085 0.023936170212765957 0.007978723404255319 0.026595744680851064 0.02127659574468085 0.0026595744680851063 0.0026595744680851063 0.015957446808510637 0.02127659574468085 0.007978723404255319 0.005319148936170213 0.02127659574468085 0.0026595744680851063 0.015957446808510637 0.026595744680851064 0.0026595744680851063 0.02127659574468085 0.026595744680851064 0.015957446808510637 0.0026595744680851063 0.007978723404255319 0.018617021276595744 0.005319148936170213 0.023936170212765957 0.023936170212765957 0.013297872340425532 0.005319148936170213 0.005319148936170213 0.007978723404255319 0.013297872340425532 0.010638297872340425 0.02127659574468085 0.005319148936170213 0.007978723404255319 0.013297872340425532 0.015957446808510637 0.013297872340425532 0.013297872340425532 0.026595744680851064 0.015957446808510637 0.023936170212765957 0.005319148936170213 0.005319148936170213 0.013297872340425532 0.023936170212765957 0.005319148936170213 0.026595744680851064 0.013297872340425532 0.013297872340425532 0.02127659574468085 0.0 
0.005464480874316936 0.01366120218579234 0.02732240437158468 0.008196721311475405 0.019125683060109276 0.021857923497267746 0.010928961748633873 0.021857923497267746 0.01366120218579234 0.01366120218579234 0.02459016393442621 0.02459016393442621 0.02732240437158468 0.019125683060109276 0.008196721311475405 0.01639344262295081 0.002732240437158468 0.002732240437158468 0.01639344262295081 0.01639344262295081 0.019125683060109276 0.021857923497267746 0.008196721311475405 0.008196721311475405 0.010928961748633873 0.005464480874316936 0.01366120218579234 0.021857923497267746 0.021857923497267746 0.008196721311475405 0.01639344262295081 0.02732240437158468 0.01366120218579234 0.008196721311475405 0.019125683060109276 0.002732240437158468 0.005464480874316936 0.008196721311475405 0.019125683060109276 0.019125683060109276 0.019125683060109276 0.01639344262295081 0.019125683060109276 0.005464480874316936 0.01639344262295081 0.01639344262295081 0.01366120218579234 0.010928961748633873 0.02732240437158468 0.01366120218579234 0.002732240437158468 0.01639344262295081 0.019125683060109276 0.005464480874316936 0.02732240437158468 0.02459016393442621 0.01639344262295081 0.002732240437158468 0.01639344262295081 0.02732240437158468 0.008196721311475405 0.008196721311475405 0.01639344262295081 0.005464480874316936 0.02732240437158468 0.002732240437158468 0.01366120218579234 0.008196721311475405 0.0 
0.021857923497267746 0.010928961748633873 0.010928961748633873 0.008196721311475405 0.010928961748633873 0.010928961748633873 0.02732240437158468 0.021857923497267746 0.02732240437158468 0.02732240437158468 0.021857923497267746 0.02459016393442621 0.021857923497267746 0.010928961748633873 0.002732240437158468 0.005464480874316936 0.021857923497267746 0.002732240437158468 0.01366120218579234 0.02732240437158468 0.008196721311475405 0.01639344262295081 0.021857923497267746 0.008196721311475405 0.02459016393442621 0.002732240437158468 0.010928961748633873 0.010928961748633873 0.019125683060109276 0.005464480874316936 0.019125683060109276 0.01366120218579234 0.010928961748633873 0.019125683060109276 0.01366120218579234 0.021857923497267746 0.01639344262295081 0.008196721311475405 0.010928961748633873 0.008196721311475405 0.008196721311475405 0.01639344262295081 0.008196721311475405 0.008196721311475405 0.010928961748633873 0.019125683060109276 0.01639344262295081 0.01639344262295081 0.02732240437158468 0.002732240437158468 0.01639344262295081 0.021857923497267746 0.005464480874316936 0.008196721311475405 0.02732240437158468 0.010928961748633873 0.02732240437158468 0.019125683060109276 0.02732240437158468 0.002732240437158468 0.008196721311475405 0.010928961748633873 0.002732240437158468 0.008196721311475405 0.008196721311475405 0.02732240437158468 0.02732240437158468 0.005464480874316936 0.0 
0.01265822784810126 0.010126582278481008 0.020253164556962015 0.017721518987341766 0.020253164556962015 0.022784810126582268 0.015189873417721511 0.005063291139240504 0.02531645569620252 0.007594936708860756 0.005063291139240504 0.01265822784810126 0.020253164556962015 0.02531645569620252 0.01265822784810126 0.015189873417721511 0.010126582278481008 0.010126582278481008 0.007594936708860756 0.022784810126582268 0.005063291139240504 0.02531645569620252 0.007594936708860756 0.022784810126582268 0.007594936708860756 0.01265822784810126 0.007594936708860756 0.01265822784810126 0.017721518987341766 0.002531645569620252 0.02531645569620252 0.022784810126582268 0.002531645569620252 0.022784810126582268 0.007594936708860756 0.022784810126582268 0.022784810126582268 0.010126582278481008 0.022784810126582268 0.007594936708860756 0.020253164556962015 0.005063291139240504 0.020253164556962015 0.007594936708860756 0.002531645569620252 0.02531645569620252 0.022784810126582268 0.002531645569620252 0.010126582278481008 0.005063291139240504 0.010126582278481008 0.020253164556962015 0.015189873417721511 0.01265822784810126 0.02531645569620252 0.01265822784810126 0.02531645569620252 0.005063291139240504 0.022784810126582268 0.015189873417721511 0.017721518987341766 0.005063291139240504 0.015189873417721511 0.022784810126582268 0.020253164556962015 0.017721518987341766 0.017721518987341766 0.010126582278481008 0.0 
0.013812154696132593 0.02209944751381215 0.02209944751381215 0.016574585635359112 0.002762430939226519 0.013812154696132593 0.008287292817679556 0.002762430939226519 0.016574585635359112 0.016574585635359112 0.013812154696132593 0.01933701657458563 0.027624309392265185 0.002762430939226519 0.024861878453038666 0.005524861878453038 0.013812154696132593 0.024861878453038666 0.027624309392265185 0.013812154696132593 0.01933701657458563 0.005524861878453038 0.013812154696132593 0.008287292817679556 0.011049723756906075 0.011049723756906075 0.005524861878453038 0.013812154696132593 0.005524861878453038 0.008287292817679556 0.027624309392265185 0.002762430939226519 0.027624309392265185 0.005524861878453038 0.02209944751381215 0.011049723756906075 0.02209944751381215 0.024861878453038666 0.02209944751381215 0.027624309392265185 0.02209944751381215 0.002762430939226519 0.027624309392265185 0.016574585635359112 0.011049723756906075 0.027624309392265185 0.024861878453038666 0.005524861878453038 0.02209944751381215 0.016574585635359112 0.013812154696132593 0.01933701657458563 0.027624309392265185 0.002762430939226519 0.016574585635359112 0.013812154696132593 0.011049723756906075 0.002762430939226519 0.002762430939226519 0.011049723756906075 0.013812154696132593 0.005524861878453038 0.005524861878453038 0.016574585635359112 0.002762430939226519 0.002762430939226519 0.027624309392265185 0.02209944751381215 0.0 
0.0028901734104046237 0.014450867052023118 0.005780346820809247 0.026011560693641612 0.026011560693641612 0.028901734104046235 0.02312138728323699 0.0028901734104046237 0.0028901734104046237 0.02312138728323699 0.00867052023121387 0.005780346820809247 0.011560693641618495 0.0028901734104046237 0.028901734104046235 0.026011560693641612 0.01734104046242774 0.0028901734104046237 0.00867052023121387 0.005780346820809247 0.01734104046242774 0.011560693641618495 0.011560693641618495 0.011560693641618495 0.02312138728323699 0.026011560693641612 0.020231213872832367 0.01734104046242774 0.011560693641618495 0.028901734104046235 0.028901734104046235 0.011560693641618495 0.011560693641618495 0.005780346820809247 0.020231213872832367 0.0028901734104046237 0.020231213872832367 0.00867052023121387 0.00867052023121387 0.011560693641618495 0.026011560693641612 0.020231213872832367 0.005780346820809247 0.011560693641618495 0.01734104046242774 0.02312138728323699 0.02312138728323699 0.014450867052023118 0.011560693641618495 0.00867052023121387 0.014450867052023118 0.011560693641618495 0.02312138728323699 0.005780346820809247 0.0028901734104046237 0.02312138728323699 0.014450867052023118 0.00867052023121387 0.011560693641618495 0.0028901734104046237 0.005780346820809247 0.02312138728323699 0.00867052023121387 0.01734104046242774 0.028901734104046235 0.0028901734104046237 0.026011560693641612 0.02312138728323699 0.0 
0.012594458438287156 0.002518891687657431 0.025188916876574312 0.02015113350125945 0.012594458438287156 0.012594458438287156 0.02015113350125945 0.025188916876574312 0.007556675062972293 0.010075566750629724 0.02015113350125945 0.02015113350125945 0.010075566750629724 0.005037783375314862 0.025188916876574312 0.02015113350125945 0.02267002518891688 0.02267002518891688 0.025188916876574312 0.02267002518891688 0.012594458438287156 0.012594458438287156 0.02015113350125945 0.025188916876574312 0.025188916876574312 0.012594458438287156 0.010075566750629724 0.02267002518891688 0.01763224181360202 0.012594458438287156 0.02267002518891688 0.02267002518891688 0.01763224181360202 0.012594458438287156 0.012594458438287156 0.025188916876574312 0.02015113350125945 0.007556675062972293 0.015113350125944586 0.005037783375314862 0.02015113350125945 0.010075566750629724 0.002518891687657431 0.005037783375314862 0.02015113350125945 0.012594458438287156 0.02015113350125945 0.002518891687657431 0.005037783375314862 0.002518891687657431 0.01763224181360202 0.010075566750629724 0.007556675062972293 0.025188916876574312 0.010075566750629724 0.005037783375314862 0.02267002518891688 0.010075566750629724 0.005037783375314862 0.015113350125944586 0.012594458438287156 0.02267002518891688 0.002518891687657431 0.015113350125944586 0.012594458438287156 0.012594458438287156 0.005037783375314862 0.012594458438287156 0.0 
0.010582010582010583 0.013227513227513229 0.002645502645502646 0.013227513227513229 0.010582010582010583 0.02380952380952381 0.026455026455026457 0.007936507936507938 0.013227513227513229 0.013227513227513229 0.026455026455026457 0.005291005291005292 0.010582010582010583 0.026455026455026457 0.02380952380952381 0.013227513227513229 0.002645502645502646 0.005291005291005292 0.007936507936507938 0.007936507936507938 0.005291005291005292 0.026455026455026457 0.007936507936507938 0.021164021164021166 0.021164021164021166 0.010582010582010583 0.021164021164021166 0.021164021164021166 0.002645502645502646 0.010582010582010583 0.026455026455026457 0.021164021164021166 0.02380952380952381 0.026455026455026457 0.010582010582010583 0.02380952380952381 0.021164021164021166 0.021164021164021166 0.021164021164021166 0.007936507936507938 0.007936507936507938 0.021164021164021166 0.010582010582010583 0.021164021164021166 0.021164021164021166 0.005291005291005292 0.01851851851851852 0.002645502645502646 0.007936507936507938 0.026455026455026457 0.013227513227513229 0.015873015873015876 0.007936507936507938 0.007936507936507938 0.005291005291005292 0.002645502645502646 0.013227513227513229 0.01851851851851852 0.002645502645502646 0.02380952380952381 0.013227513227513229 0.013227513227513229 0.007936507936507938 0.007936507936507938 0.02380952380952381 0.013227513227513229 0.026455026455026457 0.02380952380952381 0.0 
0.008498583569405102 0.008498583569405102 0.025495750708215303 0.016997167138810203 0.011331444759206801 0.016997167138810203 0.016997167138810203 0.005665722379603401 0.005665722379603401 0.028328611898017005 0.005665722379603401 0.005665722379603401 0.005665722379603401 0.014164305949008502 0.005665722379603401 0.028328611898017005 0.011331444759206801 0.014164305949008502 0.008498583569405102 0.016997167138810203 0.0028328611898017003 0.016997167138810203 0.011331444759206801 0.005665722379603401 0.028328611898017005 0.022662889518413602 0.016997167138810203 0.014164305949008502 0.008498583569405102 0.008498583569405102 0.008498583569405102 0.011331444759206801 0.014164305949008502 0.016997167138810203 0.0198300283286119 0.008498583569405102 0.0028328611898017003 0.025495750708215303 0.0198300283286119 0.014164305949008502 0.022662889518413602 0.0028328611898017003 0.014164305949008502 0.028328611898017005 0.025495750708215303 0.014164305949008502 0.011331444759206801 0.025495750708215303 0.005665722379603401 0.016997167138810203 0.005665722379603401 0.0198300283286119 0.0198300283286119 0.016997167138810203 0.011331444759206801 0.022662889518413602 0.011331444759206801 0.025495750708215303 0.022662889518413602 0.011331444759206801 0.016997167138810203 0.016997167138810203 0.0028328611898017003 0.011331444759206801 0.022662889518413602 0.0198300283286119 0.011331444759206801 0.025495750708215303 0.0 
0.0028089887640449455 0.01966292134831462 0.022471910112359564 0.02528089887640451 0.02528089887640451 0.016853932584269673 0.008426966292134836 0.028089887640449455 0.011235955056179782 0.008426966292134836 0.008426966292134836 0.022471910112359564 0.005617977528089891 0.028089887640449455 0.016853932584269673 0.028089887640449455 0.02528089887640451 0.014044943820224727 0.005617977528089891 0.022471910112359564 0.0028089887640449455 0.008426966292134836 0.011235955056179782 0.014044943820224727 0.014044943820224727 0.016853932584269673 0.016853932584269673 0.0028089887640449455 0.02528089887640451 0.016853932584269673 0.016853932584269673 0.005617977528089891 0.022471910112359564 0.016853932584269673 0.022471910112359564 0.008426966292134836 0.014044943820224727 0.028089887640449455 0.0028089887640449455 0.01966292134831462 0.014044943820224727 0.028089887640449455 0.011235955056179782 0.008426966292134836 0.0028089887640449455 0.005617977528089891 0.01966292134831462 0.028089887640449455 0.008426966292134836 0.0028089887640449455 0.02528089887640451 0.008426966292134836 0.008426966292134836 0.028089887640449455 0.011235955056179782 0.0028089887640449455 0.014044943820224727 0.0028089887640449455 0.022471910112359564 0.005617977528089891 0.022471910112359564 0.02528089887640451 0.0028089887640449455 0.02528089887640451 0.005617977528089891 0.011235955056179782 0.0028089887640449455 0.014044943820224727 0.0 
0.005089058524173029 0.0025445292620865146 0.020356234096692117 0.020356234096692117 0.025445292620865142 0.010178117048346058 0.0178117048346056 0.015267175572519085 0.02290076335877863 0.012722646310432571 0.020356234096692117 0.0076335877862595426 0.020356234096692117 0.0025445292620865146 0.0025445292620865146 0.025445292620865142 0.015267175572519085 0.0178117048346056 0.0178117048346056 0.0178117048346056 0.0076335877862595426 0.005089058524173029 0.0025445292620865146 0.010178117048346058 0.02290076335877863 0.0178117048346056 0.012722646310432571 0.02290076335877863 0.0025445292620865146 0.02290076335877863 0.02290076335877863 0.010178117048346058 0.025445292620865142 0.020356234096692117 0.015267175572519085 0.0178117048346056 0.015267175572519085 0.005089058524173029 0.020356234096692117 0.025445292620865142 0.020356234096692117 0.025445292620865142 0.02290076335877863 0.025445292620865142 0.005089058524173029 0.005089058524173029 0.015267175572519085 0.005089058524173029 0.025445292620865142 0.0025445292620865146 0.02290076335877863 0.0178117048346056 0.0025445292620865146 0.0178117048346056 0.010178117048346058 0.012722646310432571 0.010178117048346058 0.020356234096692117 0.010178117048346058 0.0076335877862595426 0.0076335877862595426 0.015267175572519085 0.012722646310432571 0.0076335877862595426 0.0025445292620865146 0.020356234096692117 0.025445292620865142 0.0178117048346056 0.0 
0.027173913043478253 0.005434782608695651 0.02445652173913043 0.0027173913043478256 0.0027173913043478256 0.013586956521739127 0.016304347826086953 0.0027173913043478256 0.016304347826086953 0.01902173913043478 0.01902173913043478 0.01902173913043478 0.005434782608695651 0.01902173913043478 0.021739130434782605 0.02445652173913043 0.010869565217391302 0.005434782608695651 0.0027173913043478256 0.013586956521739127 0.01902173913043478 0.008152173913043476 0.016304347826086953 0.005434782608695651 0.005434782608695651 0.01902173913043478 0.027173913043478253 0.008152173913043476 0.021739130434782605 0.013586956521739127 0.027173913043478253 0.008152173913043476 0.02445652173913043 0.010869565217391302 0.013586956521739127 0.02445652173913043 0.02445652173913043 0.016304347826086953 0.027173913043478253 0.021739130434782605 0.005434782608695651 0.01902173913043478 0.027173913043478253 0.0027173913043478256 0.010869565217391302 0.005434782608695651 0.021739130434782605 0.005434782608695651 0.013586956521739127 0.008152173913043476 0.013586956521739127 0.016304347826086953 0.010869565217391302 0.027173913043478253 0.02445652173913043 0.013586956521739127 0.016304347826086953 0.02445652173913043 0.02445652173913043 0.0027173913043478256 0.008152173913043476 0.008152173913043476 0.02445652173913043 0.021739130434782605 0.0027173913043478256 0.016304347826086953 0.008152173913043476 0.0027173913043478256 0.0 
0.010638297872340427 0.010638297872340427 0.0053191489361702135 0.00797872340425532 0.018617021276595747 0.018617021276595747 0.0026595744680851068 0.018617021276595747 0.018617021276595747 0.021276595744680854 0.013297872340425534 0.010638297872340427 0.02393617021276596 0.026595744680851068 0.018617021276595747 0.0053191489361702135 0.02393617021276596 0.010638297872340427 0.026595744680851068 0.0053191489361702135 0.02393617021276596 0.0026595744680851068 0.010638297872340427 0.02393617021276596 0.00797872340425532 0.026595744680851068 0.0053191489361702135 0.021276595744680854 0.0053191489361702135 0.01595744680851064 0.00797872340425532 0.02393617021276596 0.021276595744680854 0.0026595744680851068 0.01595744680851064 0.021276595744680854 0.0026595744680851068 0.021276595744680854 0.02393617021276596 0.026595744680851068 0.0026595744680851068 0.026595744680851068 0.00797872340425532 0.021276595744680854 0.013297872340425534 0.00797872340425532 0.018617021276595747 0.021276595744680854 0.0026595744680851068 0.00797872340425532 0.0026595744680851068 0.010638297872340427 0.026595744680851068 0.010638297872340427 0.021276595744680854 0.0026595744680851068 0.0053191489361702135 0.026595744680851068 0.00797872340425532 0.0053191489361702135 0.026595744680851068 0.02393617021276596 0.013297872340425534 0.021276595744680854 0.01595744680851064 0.021276595744680854 0.0053191489361702135 0.013297872340425534 0.0 
0.018918918918918916 0.01351351351351351 0.01351351351351351 0.01351351351351351 0.01081081081081081 0.0027027027027027024 0.0027027027027027024 0.01081081081081081 0.0027027027027027024 0.018918918918918916 0.02162162162162162 0.01351351351351351 0.02702702702702702 0.016216216216216214 0.01351351351351351 0.02162162162162162 0.01081081081081081 0.018918918918918916 0.005405405405405405 0.018918918918918916 0.018918918918918916 0.01351351351351351 0.018918918918918916 0.008108108108108107 0.018918918918918916 0.02702702702702702 0.01351351351351351 0.008108108108108107 0.018918918918918916 0.016216216216216214 0.0027027027027027024 0.02702702702702702 0.016216216216216214 0.02162162162162162 0.02162162162162162 0.0027027027027027024 0.005405405405405405 0.008108108108108107 0.016216216216216214 0.02162162162162162 0.0027027027027027024 0.0027027027027027024 0.01081081081081081 0.005405405405405405 0.016216216216216214 0.02702702702702702 0.018918918918918916 0.016216216216216214 0.016216216216216214 0.01351351351351351 0.02702702702702702 0.016216216216216214 0.01081081081081081 0.02162162162162162 0.005405405405405405 0.008108108108108107 0.008108108108108107 0.008108108108108107 0.01081081081081081 0.02162162162162162 0.02702702702702702 0.005405405405405405 0.018918918918918916 0.01081081081081081 0.01081081081081081 0.02702702702702702 0.02702702702702702 0.02432432432432432 0.0 
0.01322751322751323 0.005291005291005292 0.01851851851851852 0.021164021164021166 0.021164021164021166 0.002645502645502646 0.010582010582010583 0.005291005291005292 0.010582010582010583 0.005291005291005292 0.01851851851851852 0.007936507936507938 0.007936507936507938 0.007936507936507938 0.010582010582010583 0.02645502645502646 0.023809523809523815 0.002645502645502646 0.002645502645502646 0.021164021164021166 0.023809523809523815 0.023809523809523815 0.010582010582010583 0.01322751322751323 0.01322751322751323 0.01851851851851852 0.007936507936507938 0.023809523809523815 0.023809523809523815 0.007936507936507938 0.02645502645502646 0.021164021164021166 0.02645502645502646 0.007936507936507938 0.010582010582010583 0.01851851851851852 0.021164021164021166 0.023809523809523815 0.02645502645502646 0.01851851851851852 0.007936507936507938 0.002645502645502646 0.002645502645502646 0.010582010582010583 0.010582010582010583 0.007936507936507938 0.007936507936507938 0.007936507936507938 0.005291005291005292 0.021164021164021166 0.02645502645502646 0.015873015873015876 0.021164021164021166 0.015873015873015876 0.002645502645502646 0.005291005291005292 0.010582010582010583 0.01851851851851852 0.02645502645502646 0.007936507936507938 0.023809523809523815 0.021164021164021166 0.015873015873015876 0.01851851851851852 0.01851851851851852 0.01322751322751323 0.01851851851851852 0.023809523809523815 0.0 
0.02493765586034913 0.007481296758104738 0.004987531172069825 0.014962593516209476 0.02493765586034913 0.02493765586034913 0.004987531172069825 0.02493765586034913 0.02493765586034913 0.014962593516209476 0.014962593516209476 0.004987531172069825 0.012468827930174564 0.012468827930174564 0.0199501246882793 0.007481296758104738 0.0199501246882793 0.012468827930174564 0.00997506234413965 0.004987531172069825 0.0024937655860349127 0.0024937655860349127 0.012468827930174564 0.022443890274314215 0.0024937655860349127 0.012468827930174564 0.02493765586034913 0.007481296758104738 0.012468827930174564 0.0199501246882793 0.017456359102244388 0.007481296758104738 0.02493765586034913 0.014962593516209476 0.00997506234413965 0.02493765586034913 0.0199501246882793 0.012468827930174564 0.004987531172069825 0.0024937655860349127 0.02493765586034913 0.014962593516209476 0.012468827930174564 0.012468827930174564 0.012468827930174564 0.00997506234413965 0.02493765586034913 0.0024937655860349127 0.004987531172069825 0.014962593516209476 0.017456359102244388 0.014962593516209476 0.014962593516209476 0.02493765586034913 0.017456359102244388 0.017456359102244388 0.02493765586034913 0.014962593516209476 0.014962593516209476 0.00997506234413965 0.022443890274314215 0.017456359102244388 0.012468827930174564 0.007481296758104738 0.022443890274314215 0.02493765586034913 0.02493765586034913 0.00997506234413965 0.0 
0.026315789473684213 0.007894736842105265 0.01842105263157895 0.013157894736842106 0.01842105263157895 0.01842105263157895 0.023684210526315794 0.005263157894736843 0.01842105263157895 0.026315789473684213 0.01578947368421053 0.01842105263157895 0.023684210526315794 0.01842105263157895 0.005263157894736843 0.026315789473684213 0.005263157894736843 0.0026315789473684214 0.0026315789473684214 0.026315789473684213 0.01578947368421053 0.0026315789473684214 0.01578947368421053 0.005263157894736843 0.023684210526315794 0.0026315789473684214 0.01578947368421053 0.005263157894736843 0.0026315789473684214 0.026315789473684213 0.0026315789473684214 0.01578947368421053 0.023684210526315794 0.01842105263157895 0.005263157894736843 0.010526315789473686 0.02105263157894737 0.01578947368421053 0.02105263157894737 0.023684210526315794 0.0026315789473684214 0.026315789473684213 0.005263157894736843 0.005263157894736843 0.026315789473684213 0.005263157894736843 0.01578947368421053 0.0026315789473684214 0.005263157894736843 0.026315789473684213 0.023684210526315794 0.013157894736842106 0.023684210526315794 0.023684210526315794 0.007894736842105265 0.026315789473684213 0.0026315789473684214 0.005263157894736843 0.007894736842105265 0.005263157894736843 0.026315789473684213 0.01842105263157895 0.005263157894736843 0.02105263157894737 0.010526315789473686 0.02105263157894737 0.01578947368421053 0.026315789473684213 0.0 
0.011173184357541898 0.0027932960893854745 0.016759776536312845 0.005586592178770949 0.022346368715083796 0.01396648044692737 0.01396648044692737 0.016759776536312845 0.005586592178770949 0.022346368715083796 0.02793296089385474 0.0027932960893854745 0.01955307262569832 0.02793296089385474 0.022346368715083796 0.0027932960893854745 0.005586592178770949 0.022346368715083796 0.01396648044692737 0.0027932960893854745 0.0027932960893854745 0.008379888268156423 0.022346368715083796 0.0027932960893854745 0.005586592178770949 0.025139664804469268 0.016759776536312845 0.0027932960893854745 0.008379888268156423 0.022346368715083796 0.02793296089385474 0.011173184357541898 0.01955307262569832 0.025139664804469268 0.01955307262569832 0.011173184357541898 0.011173184357541898 0.011173184357541898 0.008379888268156423 0.025139664804469268 0.02793296089385474 0.008379888268156423 0.01396648044692737 0.025139664804469268 0.01396648044692737 0.011173184357541898 0.005586592178770949 0.01396648044692737 0.005586592178770949 0.022346368715083796 0.022346368715083796 0.01396648044692737 0.025139664804469268 0.01955307262569832 0.01396648044692737 0.005586592178770949 0.025139664804469268 0.02793296089385474 0.0027932960893854745 0.01396648044692737 0.01396648044692737 0.008379888268156423 0.005586592178770949 0.016759776536312845 0.02793296089385474 0.022346368715083796 0.008379888268156423 0.011173184357541898 0.0 
0.006230529595015576 0.024922118380062305 0.021806853582554516 0.021806853582554516 0.012461059190031152 0.012461059190031152 0.01557632398753894 0.003115264797507788 0.021806853582554516 0.009345794392523364 0.01557632398753894 0.009345794392523364 0.01557632398753894 0.003115264797507788 0.009345794392523364 0.003115264797507788 0.006230529595015576 0.018691588785046728 0.01557632398753894 0.01557632398753894 0.018691588785046728 0.028037383177570093 0.024922118380062305 0.018691588785046728 0.006230529595015576 0.003115264797507788 0.006230529595015576 0.03115264797507788 0.024922118380062305 0.018691588785046728 0.003115264797507788 0.028037383177570093 0.01557632398753894 0.009345794392523364 0.028037383177570093 0.024922118380062305 0.006230529595015576 0.006230529595015576 0.009345794392523364 0.003115264797507788 0.012461059190031152 0.021806853582554516 0.012461059190031152 0.01557632398753894 0.009345794392523364 0.024922118380062305 0.021806853582554516 0.03115264797507788 0.012461059190031152 0.024922118380062305 0.009345794392523364 0.01557632398753894 0.012461059190031152 0.006230529595015576 0.012461059190031152 0.028037383177570093 0.009345794392523364 0.018691588785046728 0.012461059190031152 0.028037383177570093 0.018691588785046728 0.009345794392523364 0.003115264797507788 0.01557632398753894 0.006230529595015576 0.01557632398753894 0.003115264797507788 0.012461059190031152 0.0 
0.01776649746192894 0.01522842639593909 0.012690355329949242 0.020304568527918784 0.01522842639593909 0.012690355329949242 0.012690355329949242 0.020304568527918784 0.01522842639593909 0.022842639593908632 0.020304568527918784 0.010152284263959392 0.002538071065989848 0.005076142131979696 0.007614213197969545 0.01776649746192894 0.01776649746192894 0.020304568527918784 0.022842639593908632 0.01522842639593909 0.005076142131979696 0.01776649746192894 0.007614213197969545 0.020304568527918784 0.005076142131979696 0.01522842639593909 0.025380710659898484 0.01776649746192894 0.025380710659898484 0.020304568527918784 0.020304568527918784 0.007614213197969545 0.005076142131979696 0.022842639593908632 0.01776649746192894 0.025380710659898484 0.007614213197969545 0.002538071065989848 0.01522842639593909 0.01776649746192894 0.01776649746192894 0.01522842639593909 0.002538071065989848 0.01776649746192894 0.01776649746192894 0.012690355329949242 0.01522842639593909 0.005076142131979696 0.01522842639593909 0.01776649746192894 0.005076142131979696 0.020304568527918784 0.010152284263959392 0.007614213197969545 0.002538071065989848 0.002538071065989848 0.01776649746192894 0.025380710659898484 0.022842639593908632 0.025380710659898484 0.012690355329949242 0.01776649746192894 0.005076142131979696 0.002538071065989848 0.01522842639593909 0.01776649746192894 0.020304568527918784 0.025380710659898484 0.0 
0.022670025188916875 0.02518891687657431 0.017632241813602016 0.012594458438287154 0.02518891687657431 0.017632241813602016 0.017632241813602016 0.0025188916876574307 0.020151133501259445 0.022670025188916875 0.005037783375314861 0.015113350125944584 0.005037783375314861 0.010075566750629723 0.02518891687657431 0.007556675062972292 0.012594458438287154 0.010075566750629723 0.005037783375314861 0.010075566750629723 0.007556675062972292 0.012594458438287154 0.020151133501259445 0.012594458438287154 0.012594458438287154 0.02518891687657431 0.022670025188916875 0.007556675062972292 0.022670025188916875 0.020151133501259445 0.02518891687657431 0.017632241813602016 0.005037783375314861 0.02518891687657431 0.022670025188916875 0.0025188916876574307 0.012594458438287154 0.0025188916876574307 0.005037783375314861 0.020151133501259445 0.005037783375314861 0.022670025188916875 0.012594458438287154 0.020151133501259445 0.015113350125944584 0.007556675062972292 0.022670025188916875 0.0025188916876574307 0.010075566750629723 0.022670025188916875 0.022670025188916875 0.017632241813602016 0.020151133501259445 0.0025188916876574307 0.007556675062972292 0.005037783375314861 0.012594458438287154 0.02518891687657431 0.010075566750629723 0.0025188916876574307 0.02518891687657431 0.02518891687657431 0.022670025188916875 0.017632241813602016 0.015113350125944584 0.020151133501259445 0.007556675062972292 0.007556675062972292 0.0 
0.011730205278592382 0.0029325513196480956 0.014662756598240479 0.029325513196480957 0.029325513196480957 0.0029325513196480956 0.008797653958944288 0.005865102639296191 0.008797653958944288 0.008797653958944288 0.005865102639296191 0.014662756598240479 0.014662756598240479 0.0029325513196480956 0.020527859237536666 0.008797653958944288 0.0029325513196480956 0.005865102639296191 0.017595307917888575 0.017595307917888575 0.029325513196480957 0.029325513196480957 0.023460410557184765 0.017595307917888575 0.014662756598240479 0.011730205278592382 0.005865102639296191 0.014662756598240479 0.020527859237536666 0.014662756598240479 0.029325513196480957 0.005865102639296191 0.008797653958944288 0.017595307917888575 0.011730205278592382 0.020527859237536666 0.014662756598240479 0.017595307917888575 0.02639296187683286 0.0029325513196480956 0.0029325513196480956 0.017595307917888575 0.0029325513196480956 0.011730205278592382 0.017595307917888575 0.0029325513196480956 0.017595307917888575 0.014662756598240479 0.008797653958944288 0.008797653958944288 0.020527859237536666 0.005865102639296191 0.011730205278592382 0.014662756598240479 0.02639296187683286 0.02639296187683286 0.020527859237536666 0.029325513196480957 0.020527859237536666 0.008797653958944288 0.005865102639296191 0.008797653958944288 0.029325513196480957 0.023460410557184765 0.029325513196480957 0.017595307917888575 0.0029325513196480956 0.020527859237536666 0.0 
0.015267175572519083 0.020356234096692113 0.007633587786259542 0.002544529262086514 0.017811704834605598 0.01272264631043257 0.010178117048346057 0.010178117048346057 0.01272264631043257 0.017811704834605598 0.022900763358778626 0.02544529262086514 0.022900763358778626 0.005089058524173028 0.02544529262086514 0.01272264631043257 0.022900763358778626 0.005089058524173028 0.01272264631043257 0.015267175572519083 0.002544529262086514 0.015267175572519083 0.010178117048346057 0.01272264631043257 0.007633587786259542 0.010178117048346057 0.01272264631043257 0.015267175572519083 0.005089058524173028 0.017811704834605598 0.017811704834605598 0.01272264631043257 0.022900763358778626 0.005089058524173028 0.017811704834605598 0.020356234096692113 0.02544529262086514 0.01272264631043257 0.022900763358778626 0.015267175572519083 0.01272264631043257 0.02544529262086514 0.017811704834605598 0.017811704834605598 0.022900763358778626 0.015267175572519083 0.020356234096692113 0.022900763358778626 0.017811704834605598 0.022900763358778626 0.01272264631043257 0.015267175572519083 0.017811704834605598 0.015267175572519083 0.002544529262086514 0.002544529262086514 0.007633587786259542 0.020356234096692113 0.005089058524173028 0.002544529262086514 0.022900763358778626 0.007633587786259542 0.017811704834605598 0.017811704834605598 0.01272264631043257 0.017811704834605598 0.002544529262086514 0.022900763358778626 0.0 
0.002597402597402597 0.010389610389610388 0.018181818181818177 0.023376623376623374 0.023376623376623374 0.012987012987012984 0.005194805194805194 0.015584415584415581 0.018181818181818177 0.015584415584415581 0.020779220779220776 0.018181818181818177 0.018181818181818177 0.018181818181818177 0.0077922077922077905 0.005194805194805194 0.002597402597402597 0.023376623376623374 0.0077922077922077905 0.010389610389610388 0.002597402597402597 0.002597402597402597 0.012987012987012984 0.02597402597402597 0.023376623376623374 0.018181818181818177 0.02597402597402597 0.02597402597402597 0.02597402597402597 0.0077922077922077905 0.020779220779220776 0.0077922077922077905 0.015584415584415581 0.010389610389610388 0.002597402597402597 0.023376623376623374 0.0077922077922077905 0.005194805194805194 0.02597402597402597 0.020779220779220776 0.002597402597402597 0.010389610389610388 0.015584415584415581 0.02597402597402597 0.002597402597402597 0.02597402597402597 0.018181818181818177 0.0077922077922077905 0.02597402597402597 0.023376623376623374 0.023376623376623374 0.012987012987012984 0.002597402597402597 0.010389610389610388 0.010389610389610388 0.012987012987012984 0.0077922077922077905 0.010389610389610388 0.02597402597402597 0.020779220779220776 0.002597402597402597 0.023376623376623374 0.018181818181818177 0.005194805194805194 0.0077922077922077905 0.02597402597402597 0.020779220779220776 0.010389610389610388 0.0 
0.013586956521739125 0.008152173913043475 0.019021739130434777 0.021739130434782598 0.019021739130434777 0.01630434782608695 0.008152173913043475 0.008152173913043475 0.013586956521739125 0.005434782608695649 0.02717391304347825 0.010869565217391299 0.008152173913043475 0.010869565217391299 0.01630434782608695 0.02717391304347825 0.021739130434782598 0.008152173913043475 0.024456521739130425 0.021739130434782598 0.005434782608695649 0.005434782608695649 0.021739130434782598 0.008152173913043475 0.021739130434782598 0.01630434782608695 0.021739130434782598 0.0027173913043478247 0.0027173913043478247 0.02717391304347825 0.02717391304347825 0.010869565217391299 0.024456521739130425 0.008152173913043475 0.021739130434782598 0.02717391304347825 0.01630434782608695 0.005434782608695649 0.013586956521739125 0.005434782608695649 0.008152173913043475 0.02717391304347825 0.024456521739130425 0.013586956521739125 0.010869565217391299 0.008152173913043475 0.013586956521739125 0.024456521739130425 0.013586956521739125 0.008152173913043475 0.010869565217391299 0.005434782608695649 0.005434782608695649 0.019021739130434777 0.005434782608695649 0.019021739130434777 0.010869565217391299 0.01630434782608695 0.021739130434782598 0.010869565217391299 0.02717391304347825 0.010869565217391299 0.024456521739130425 0.008152173913043475 0.005434782608695649 0.005434782608695649 0.01630434782608695 0.021739130434782598 0.0 
0.0027100271002710036 0.005420054200542007 0.02710027100271004 0.01355013550135502 0.005420054200542007 0.02168021680216803 0.018970189701897025 0.016260162601626025 0.016260162601626025 0.02168021680216803 0.01355013550135502 0.0027100271002710036 0.02710027100271004 0.024390243902439032 0.01355013550135502 0.005420054200542007 0.01355013550135502 0.018970189701897025 0.018970189701897025 0.008130081300813012 0.02710027100271004 0.018970189701897025 0.008130081300813012 0.02710027100271004 0.01355013550135502 0.018970189701897025 0.010840108401084014 0.016260162601626025 0.005420054200542007 0.005420054200542007 0.005420054200542007 0.02710027100271004 0.024390243902439032 0.005420054200542007 0.016260162601626025 0.008130081300813012 0.016260162601626025 0.01355013550135502 0.01355013550135502 0.008130081300813012 0.005420054200542007 0.02168021680216803 0.016260162601626025 0.008130081300813012 0.01355013550135502 0.02168021680216803 0.010840108401084014 0.005420054200542007 0.016260162601626025 0.0027100271002710036 0.01355013550135502 0.02168021680216803 0.02168021680216803 0.024390243902439032 0.01355013550135502 0.010840108401084014 0.008130081300813012 0.024390243902439032 0.024390243902439032 0.010840108401084014 0.02710027100271004 0.0027100271002710036 0.008130081300813012 0.016260162601626025 0.010840108401084014 0.016260162601626025 0.010840108401084014 0.02710027100271004 0.0 
0.007109004739336489 0.011848341232227482 0.02132701421800947 0.02132701421800947 0.018957345971563976 0.018957345971563976 0.007109004739336489 0.023696682464454964 0.011848341232227482 0.016587677725118478 0.016587677725118478 0.009478672985781988 0.02132701421800947 0.016587677725118478 0.007109004739336489 0.018957345971563976 0.016587677725118478 0.002369668246445497 0.016587677725118478 0.023696682464454964 0.016587677725118478 0.016587677725118478 0.016587677725118478 0.011848341232227482 0.023696682464454964 0.014218009478672978 0.018957345971563976 0.009478672985781988 0.007109004739336489 0.023696682464454964 0.009478672985781988 0.016587677725118478 0.004739336492890994 0.018957345971563976 0.016587677725118478 0.009478672985781988 0.02132701421800947 0.02132701421800947 0.014218009478672978 0.02132701421800947 0.002369668246445497 0.018957345971563976 0.007109004739336489 0.016587677725118478 0.02132701421800947 0.002369668246445497 0.011848341232227482 0.02132701421800947 0.009478672985781988 0.009478672985781988 0.016587677725118478 0.011848341232227482 0.02132701421800947 0.02132701421800947 0.023696682464454964 0.002369668246445497 0.002369668246445497 0.016587677725118478 0.014218009478672978 0.016587677725118478 0.014218009478672978 0.02132701421800947 0.018957345971563976 0.007109004739336489 0.018957345971563976 0.007109004739336489 0.009478672985781988 0.014218009478672978 0.0 
0.015463917525773196 0.010309278350515464 0.007731958762886598 0.005154639175257732 0.020618556701030927 0.02577319587628866 0.020618556701030927 0.007731958762886598 0.020618556701030927 0.002577319587628866 0.007731958762886598 0.007731958762886598 0.023195876288659795 0.020618556701030927 0.020618556701030927 0.023195876288659795 0.020618556701030927 0.002577319587628866 0.010309278350515464 0.002577319587628866 0.01288659793814433 0.020618556701030927 0.002577319587628866 0.02577319587628866 0.020618556701030927 0.01804123711340206 0.005154639175257732 0.020618556701030927 0.02577319587628866 0.02577319587628866 0.020618556701030927 0.01288659793814433 0.01288659793814433 0.020618556701030927 0.01804123711340206 0.01804123711340206 0.005154639175257732 0.02577319587628866 0.01288659793814433 0.01804123711340206 0.002577319587628866 0.010309278350515464 0.002577319587628866 0.02577319587628866 0.005154639175257732 0.02577319587628866 0.005154639175257732 0.002577319587628866 0.01804123711340206 0.007731958762886598 0.02577319587628866 0.007731958762886598 0.01804123711340206 0.015463917525773196 0.005154639175257732 0.01288659793814433 0.007731958762886598 0.020618556701030927 0.023195876288659795 0.010309278350515464 0.02577319587628866 0.002577319587628866 0.023195876288659795 0.010309278350515464 0.01804123711340206 0.020618556701030927 0.005154639175257732 0.023195876288659795 0.0 
0.0027027027027027016 0.008108108108108105 0.027027027027027018 0.027027027027027018 0.0027027027027027016 0.024324324324324315 0.013513513513513509 0.010810810810810806 0.024324324324324315 0.013513513513513509 0.005405405405405403 0.027027027027027018 0.021621621621621612 0.021621621621621612 0.021621621621621612 0.010810810810810806 0.021621621621621612 0.008108108108108105 0.008108108108108105 0.008108108108108105 0.024324324324324315 0.01621621621621621 0.005405405405405403 0.018918918918918913 0.005405405405405403 0.01621621621621621 0.024324324324324315 0.008108108108108105 0.0027027027027027016 0.0027027027027027016 0.027027027027027018 0.027027027027027018 0.021621621621621612 0.010810810810810806 0.01621621621621621 0.013513513513513509 0.005405405405405403 0.018918918918918913 0.018918918918918913 0.013513513513513509 0.01621621621621621 0.0027027027027027016 0.018918918918918913 0.005405405405405403 0.01621621621621621 0.010810810810810806 0.027027027027027018 0.0027027027027027016 0.013513513513513509 0.027027027027027018 0.008108108108108105 0.027027027027027018 0.008108108108108105 0.010810810810810806 0.008108108108108105 0.013513513513513509 0.01621621621621621 0.018918918918918913 0.018918918918918913 0.018918918918918913 0.01621621621621621 0.013513513513513509 0.010810810810810806 0.0027027027027027016 0.01621621621621621 0.01621621621621621 0.010810810810810806 0.018918918918918913 0.0 
0.014792899408284025 0.002958579881656805 0.00591715976331361 0.02071005917159764 0.02366863905325444 0.01183431952662722 0.00591715976331361 0.002958579881656805 0.02958579881656805 0.002958579881656805 0.00591715976331361 0.00591715976331361 0.02958579881656805 0.00591715976331361 0.02366863905325444 0.01183431952662722 0.02071005917159764 0.002958579881656805 0.017751479289940832 0.02366863905325444 0.008875739644970416 0.00591715976331361 0.014792899408284025 0.02366863905325444 0.008875739644970416 0.008875739644970416 0.00591715976331361 0.002958579881656805 0.02958579881656805 0.002958579881656805 0.02366863905325444 0.02071005917159764 0.02366863905325444 0.02958579881656805 0.02366863905325444 0.02958579881656805 0.002958579881656805 0.02958579881656805 0.01183431952662722 0.02958579881656805 0.014792899408284025 0.014792899408284025 0.014792899408284025 0.026627218934911247 0.026627218934911247 0.00591715976331361 0.017751479289940832 0.00591715976331361 0.014792899408284025 0.017751479289940832 0.002958579881656805 0.01183431952662722 0.017751479289940832 0.02958579881656805 0.00591715976331361 0.002958579881656805 0.01183431952662722 0.017751479289940832 0.008875739644970416 0.01183431952662722 0.017751479289940832 0.008875739644970416 0.017751479289940832 0.02071005917159764 0.026627218934911247 0.01183431952662722 0.002958579881656805 0.00591715976331361 0.0 
0.02368421052631579 0.015789473684210527 0.010526315789473684 0.021052631578947368 0.021052631578947368 0.02631578947368421 0.010526315789473684 0.005263157894736842 0.010526315789473684 0.015789473684210527 0.005263157894736842 0.021052631578947368 0.005263157894736842 0.02631578947368421 0.007894736842105263 0.021052631578947368 0.010526315789473684 0.005263157894736842 0.021052631578947368 0.005263157894736842 0.002631578947368421 0.010526315789473684 0.02368421052631579 0.02631578947368421 0.02631578947368421 0.021052631578947368 0.005263157894736842 0.010526315789473684 0.005263157894736842 0.021052631578947368 0.02631578947368421 0.005263157894736842 0.018421052631578946 0.015789473684210527 0.010526315789473684 0.02631578947368421 0.018421052631578946 0.02368421052631579 0.013157894736842105 0.021052631578947368 0.018421052631578946 0.015789473684210527 0.010526315789473684 0.02631578947368421 0.018421052631578946 0.005263157894736842 0.005263157894736842 0.015789473684210527 0.005263157894736842 0.005263157894736842 0.005263157894736842 0.010526315789473684 0.010526315789473684 0.007894736842105263 0.018421052631578946 0.02368421052631579 0.02631578947368421 0.021052631578947368 0.02631578947368421 0.005263157894736842 0.013157894736842105 0.010526315789473684 0.002631578947368421 0.015789473684210527 0.010526315789473684 0.02368421052631579 0.013157894736842105 0.007894736842105263 0.0 
0.02654867256637168 0.0058997050147492625 0.008849557522123894 0.008849557522123894 0.011799410029498525 0.0058997050147492625 0.017699115044247787 0.02654867256637168 0.02064896755162242 0.029498525073746312 0.02359882005899705 0.008849557522123894 0.02359882005899705 0.011799410029498525 0.0058997050147492625 0.0029498525073746312 0.029498525073746312 0.02359882005899705 0.017699115044247787 0.02064896755162242 0.02359882005899705 0.011799410029498525 0.011799410029498525 0.011799410029498525 0.0058997050147492625 0.014749262536873156 0.017699115044247787 0.008849557522123894 0.011799410029498525 0.008849557522123894 0.02064896755162242 0.011799410029498525 0.02064896755162242 0.02064896755162242 0.02654867256637168 0.008849557522123894 0.02359882005899705 0.02064896755162242 0.0058997050147492625 0.017699115044247787 0.017699115044247787 0.008849557522123894 0.02654867256637168 0.017699115044247787 0.0058997050147492625 0.008849557522123894 0.011799410029498525 0.0058997050147492625 0.02064896755162242 0.0058997050147492625 0.008849557522123894 0.008849557522123894 0.0029498525073746312 0.014749262536873156 0.02359882005899705 0.0029498525073746312 0.0029498525073746312 0.029498525073746312 0.014749262536873156 0.011799410029498525 0.0058997050147492625 0.02064896755162242 0.0058997050147492625 0.02654867256637168 0.011799410029498525 0.0058997050147492625 0.011799410029498525 0.02654867256637168 0.0 
0.01928374655647383 0.01652892561983471 0.0027548209366391185 0.01928374655647383 0.01652892561983471 0.01928374655647383 0.005509641873278237 0.008264462809917356 0.005509641873278237 0.013774104683195593 0.0027548209366391185 0.01652892561983471 0.008264462809917356 0.011019283746556474 0.008264462809917356 0.027548209366391185 0.01928374655647383 0.011019283746556474 0.024793388429752067 0.027548209366391185 0.01652892561983471 0.011019283746556474 0.027548209366391185 0.005509641873278237 0.024793388429752067 0.005509641873278237 0.013774104683195593 0.011019283746556474 0.0027548209366391185 0.027548209366391185 0.008264462809917356 0.0027548209366391185 0.008264462809917356 0.0027548209366391185 0.013774104683195593 0.01928374655647383 0.011019283746556474 0.024793388429752067 0.013774104683195593 0.0027548209366391185 0.024793388429752067 0.027548209366391185 0.01652892561983471 0.027548209366391185 0.01652892561983471 0.011019283746556474 0.02203856749311295 0.01928374655647383 0.01652892561983471 0.024793388429752067 0.02203856749311295 0.01652892561983471 0.008264462809917356 0.0027548209366391185 0.027548209366391185 0.02203856749311295 0.02203856749311295 0.005509641873278237 0.013774104683195593 0.0027548209366391185 0.01928374655647383 0.01928374655647383 0.005509641873278237 0.02203856749311295 0.011019283746556474 0.0027548209366391185 0.008264462809917356 0.024793388429752067 0.0 
0.015267175572519085 0.010178117048346058 0.0178117048346056 0.0025445292620865146 0.010178117048346058 0.005089058524173029 0.010178117048346058 0.0025445292620865146 0.012722646310432571 0.02290076335877863 0.0025445292620865146 0.020356234096692117 0.02290076335877863 0.020356234096692117 0.02290076335877863 0.025445292620865142 0.025445292620865142 0.0178117048346056 0.025445292620865142 0.0025445292620865146 0.012722646310432571 0.0076335877862595426 0.025445292620865142 0.012722646310432571 0.0025445292620865146 0.0178117048346056 0.012722646310432571 0.0025445292620865146 0.020356234096692117 0.02290076335877863 0.025445292620865142 0.020356234096692117 0.012722646310432571 0.020356234096692117 0.02290076335877863 0.0025445292620865146 0.012722646310432571 0.02290076335877863 0.010178117048346058 0.0025445292620865146 0.015267175572519085 0.020356234096692117 0.020356234096692117 0.010178117048346058 0.020356234096692117 0.0076335877862595426 0.010178117048346058 0.0178117048346056 0.015267175572519085 0.0025445292620865146 0.0076335877862595426 0.010178117048346058 0.025445292620865142 0.020356234096692117 0.012722646310432571 0.012722646310432571 0.025445292620865142 0.010178117048346058 0.015267175572519085 0.012722646310432571 0.0178117048346056 0.0076335877862595426 0.012722646310432571 0.0076335877862595426 0.015267175572519085 0.02290076335877863 0.015267175572519085 0.02290076335877863 0.0 
0.01985111662531017 0.007444168734491313 0.024813895781637712 0.0173697270471464 0.012406947890818856 0.0049627791563275426 0.01985111662531017 0.024813895781637712 0.0024813895781637713 0.007444168734491313 0.02233250620347394 0.0024813895781637713 0.02233250620347394 0.01985111662531017 0.024813895781637712 0.02233250620347394 0.007444168734491313 0.02233250620347394 0.024813895781637712 0.014888337468982627 0.014888337468982627 0.012406947890818856 0.0049627791563275426 0.007444168734491313 0.007444168734491313 0.0173697270471464 0.012406947890818856 0.007444168734491313 0.007444168734491313 0.014888337468982627 0.007444168734491313 0.007444168734491313 0.0024813895781637713 0.0173697270471464 0.0173697270471464 0.0173697270471464 0.024813895781637712 0.02233250620347394 0.0024813895781637713 0.02233250620347394 0.02233250620347394 0.0049627791563275426 0.02233250620347394 0.0173697270471464 0.0024813895781637713 0.01985111662531017 0.024813895781637712 0.0024813895781637713 0.009925558312655085 0.01985111662531017 0.012406947890818856 0.0024813895781637713 0.02233250620347394 0.0173697270471464 0.007444168734491313 0.024813895781637712 0.02233250620347394 0.014888337468982627 0.024813895781637712 0.0173697270471464 0.012406947890818856 0.014888337468982627 0.02233250620347394 0.01985111662531017 0.0049627791563275426 0.012406947890818856 0.007444168734491313 0.01985111662531017 0.0 
0.015060240963855418 0.006024096385542167 0.006024096385542167 0.009036144578313251 0.015060240963855418 0.027108433734939753 0.02409638554216867 0.018072289156626502 0.0030120481927710836 0.006024096385542167 0.009036144578313251 0.02409638554216867 0.027108433734939753 0.009036144578313251 0.0030120481927710836 0.009036144578313251 0.018072289156626502 0.027108433734939753 0.009036144578313251 0.006024096385542167 0.006024096385542167 0.009036144578313251 0.009036144578313251 0.030120481927710836 0.018072289156626502 0.009036144578313251 0.015060240963855418 0.027108433734939753 0.006024096385542167 0.027108433734939753 0.012048192771084335 0.012048192771084335 0.015060240963855418 0.012048192771084335 0.012048192771084335 0.015060240963855418 0.018072289156626502 0.015060240963855418 0.030120481927710836 0.021084337349397585 0.006024096385542167 0.0030120481927710836 0.006024096385542167 0.02409638554216867 0.0030120481927710836 0.027108433734939753 0.021084337349397585 0.0030120481927710836 0.021084337349397585 0.009036144578313251 0.018072289156626502 0.018072289156626502 0.02409638554216867 0.012048192771084335 0.027108433734939753 0.0030120481927710836 0.021084337349397585 0.006024096385542167 0.009036144578313251 0.018072289156626502 0.006024096385542167 0.0030120481927710836 0.030120481927710836 0.012048192771084335 0.02409638554216867 0.02409638554216867 0.015060240963855418 0.015060240963855418 0.0 
0.010610079575596816 0.002652519893899204 0.021220159151193633 0.023872679045092837 0.021220159151193633 0.007957559681697613 0.002652519893899204 0.015915119363395226 0.023872679045092837 0.013262599469496022 0.023872679045092837 0.023872679045092837 0.013262599469496022 0.010610079575596816 0.021220159151193633 0.002652519893899204 0.01856763925729443 0.01856763925729443 0.015915119363395226 0.005305039787798408 0.013262599469496022 0.015915119363395226 0.010610079575596816 0.021220159151193633 0.013262599469496022 0.002652519893899204 0.007957559681697613 0.026525198938992044 0.010610079575596816 0.023872679045092837 0.007957559681697613 0.005305039787798408 0.005305039787798408 0.005305039787798408 0.007957559681697613 0.005305039787798408 0.015915119363395226 0.026525198938992044 0.01856763925729443 0.015915119363395226 0.021220159151193633 0.01856763925729443 0.026525198938992044 0.023872679045092837 0.01856763925729443 0.007957559681697613 0.010610079575596816 0.021220159151193633 0.023872679045092837 0.005305039787798408 0.010610079575596816 0.021220159151193633 0.005305039787798408 0.002652519893899204 0.026525198938992044 0.015915119363395226 0.015915119363395226 0.007957559681697613 0.007957559681697613 0.021220159151193633 0.023872679045092837 0.013262599469496022 0.010610079575596816 0.023872679045092837 0.026525198938992044 0.010610079575596816 0.010610079575596816 0.010610079575596816 0.0 
0.019656019656019652 0.019656019656019652 0.014742014742014739 0.019656019656019652 0.019656019656019652 0.0073710073710073695 0.02211302211302211 0.009828009828009826 0.009828009828009826 0.0073710073710073695 0.004914004914004913 0.0073710073710073695 0.02211302211302211 0.02457002457002456 0.017199017199017196 0.009828009828009826 0.02211302211302211 0.0024570024570024565 0.0024570024570024565 0.017199017199017196 0.01228501228501228 0.01228501228501228 0.019656019656019652 0.019656019656019652 0.01228501228501228 0.02457002457002456 0.009828009828009826 0.004914004914004913 0.017199017199017196 0.017199017199017196 0.01228501228501228 0.009828009828009826 0.02457002457002456 0.0024570024570024565 0.017199017199017196 0.0073710073710073695 0.0073710073710073695 0.02211302211302211 0.02457002457002456 0.009828009828009826 0.0024570024570024565 0.019656019656019652 0.02457002457002456 0.009828009828009826 0.0073710073710073695 0.02211302211302211 0.019656019656019652 0.017199017199017196 0.014742014742014739 0.01228501228501228 0.02211302211302211 0.0024570024570024565 0.019656019656019652 0.014742014742014739 0.009828009828009826 0.01228501228501228 0.014742014742014739 0.019656019656019652 0.0073710073710073695 0.014742014742014739 0.01228501228501228 0.017199017199017196 0.02211302211302211 0.02457002457002456 0.019656019656019652 0.02211302211302211 0.02211302211302211 0.004914004914004913 0.0 
0.024038461538461533 0.02163461538461538 0.012019230769230766 0.01442307692307692 0.02163461538461538 0.016826923076923073 0.024038461538461533 0.004807692307692307 0.02163461538461538 0.012019230769230766 0.0024038461538461535 0.012019230769230766 0.01442307692307692 0.01923076923076923 0.016826923076923073 0.024038461538461533 0.02163461538461538 0.012019230769230766 0.004807692307692307 0.024038461538461533 0.024038461538461533 0.01442307692307692 0.012019230769230766 0.02163461538461538 0.024038461538461533 0.012019230769230766 0.0024038461538461535 0.009615384615384614 0.016826923076923073 0.024038461538461533 0.009615384615384614 0.024038461538461533 0.024038461538461533 0.0024038461538461535 0.009615384615384614 0.024038461538461533 0.0024038461538461535 0.012019230769230766 0.016826923076923073 0.0024038461538461535 0.016826923076923073 0.016826923076923073 0.0024038461538461535 0.004807692307692307 0.00721153846153846 0.01923076923076923 0.01442307692307692 0.024038461538461533 0.01442307692307692 0.016826923076923073 0.024038461538461533 0.01923076923076923 0.012019230769230766 0.0024038461538461535 0.009615384615384614 0.01442307692307692 0.004807692307692307 0.02163461538461538 0.009615384615384614 0.02163461538461538 0.016826923076923073 0.004807692307692307 0.02163461538461538 0.016826923076923073 0.012019230769230766 0.012019230769230766 0.009615384615384614 0.016826923076923073 0.0 
0.016901408450704238 0.008450704225352119 0.014084507042253532 0.028169014084507064 0.019718309859154945 0.028169014084507064 0.008450704225352119 0.005633802816901413 0.02535211267605636 0.0028169014084507065 0.005633802816901413 0.014084507042253532 0.011267605633802826 0.028169014084507064 0.028169014084507064 0.0028169014084507065 0.005633802816901413 0.005633802816901413 0.019718309859154945 0.0028169014084507065 0.014084507042253532 0.028169014084507064 0.005633802816901413 0.014084507042253532 0.022535211267605652 0.005633802816901413 0.008450704225352119 0.0028169014084507065 0.0028169014084507065 0.016901408450704238 0.02535211267605636 0.014084507042253532 0.008450704225352119 0.022535211267605652 0.019718309859154945 0.008450704225352119 0.02535211267605636 0.014084507042253532 0.014084507042253532 0.022535211267605652 0.028169014084507064 0.014084507042253532 0.005633802816901413 0.02535211267605636 0.0028169014084507065 0.016901408450704238 0.014084507042253532 0.019718309859154945 0.0028169014084507065 0.016901408450704238 0.011267605633802826 0.011267605633802826 0.022535211267605652 0.005633802816901413 0.016901408450704238 0.014084507042253532 0.014084507042253532 0.016901408450704238 0.022535211267605652 0.022535211267605652 0.014084507042253532 0.019718309859154945 0.011267605633802826 0.008450704225352119 0.02535211267605636 0.014084507042253532 0.016901408450704238 0.008450704225352119 0.0 
0.018633540372670815 0.021739130434782615 0.006211180124223604 0.012422360248447208 0.018633540372670815 0.018633540372670815 0.018633540372670815 0.003105590062111802 0.012422360248447208 0.006211180124223604 0.015527950310559011 0.012422360248447208 0.021739130434782615 0.031055900621118022 0.003105590062111802 0.003105590062111802 0.003105590062111802 0.006211180124223604 0.024844720496894415 0.003105590062111802 0.031055900621118022 0.006211180124223604 0.024844720496894415 0.027950310559006222 0.018633540372670815 0.021739130434782615 0.031055900621118022 0.027950310559006222 0.009316770186335407 0.018633540372670815 0.024844720496894415 0.012422360248447208 0.003105590062111802 0.027950310559006222 0.009316770186335407 0.006211180124223604 0.015527950310559011 0.027950310559006222 0.006211180124223604 0.024844720496894415 0.006211180124223604 0.003105590062111802 0.003105590062111802 0.027950310559006222 0.012422360248447208 0.024844720496894415 0.009316770186335407 0.015527950310559011 0.009316770186335407 0.003105590062111802 0.024844720496894415 0.018633540372670815 0.009316770186335407 0.009316770186335407 0.009316770186335407 0.009316770186335407 0.003105590062111802 0.012422360248447208 0.015527950310559011 0.006211180124223604 0.031055900621118022 0.003105590062111802 0.009316770186335407 0.021739130434782615 0.024844720496894415 0.024844720496894415 0.012422360248447208 0.003105590062111802 0.0 
0.01146131805157594 0.020057306590257895 0.00573065902578797 0.00573065902578797 0.01146131805157594 0.025787965616045867 0.014326647564469925 0.02865329512893985 0.020057306590257895 0.020057306590257895 0.02292263610315188 0.008595988538681956 0.002865329512893985 0.00573065902578797 0.01719197707736391 0.008595988538681956 0.025787965616045867 0.008595988538681956 0.00573065902578797 0.00573065902578797 0.01719197707736391 0.020057306590257895 0.020057306590257895 0.00573065902578797 0.020057306590257895 0.01719197707736391 0.020057306590257895 0.014326647564469925 0.014326647564469925 0.02865329512893985 0.01146131805157594 0.01146131805157594 0.020057306590257895 0.00573065902578797 0.00573065902578797 0.002865329512893985 0.01719197707736391 0.01719197707736391 0.002865329512893985 0.008595988538681956 0.020057306590257895 0.01146131805157594 0.020057306590257895 0.002865329512893985 0.01146131805157594 0.014326647564469925 0.01719197707736391 0.01719197707736391 0.02292263610315188 0.025787965616045867 0.01719197707736391 0.002865329512893985 0.02292263610315188 0.01146131805157594 0.020057306590257895 0.014326647564469925 0.01719197707736391 0.008595988538681956 0.020057306590257895 0.01146131805157594 0.025787965616045867 0.008595988538681956 0.008595988538681956 0.002865329512893985 0.01719197707736391 0.025787965616045867 0.01719197707736391 0.02865329512893985 0.0 
0.017094017094017103 0.0056980056980057 0.01994301994301995 0.01424501424501425 0.0113960113960114 0.01424501424501425 0.0056980056980057 0.025641025641025647 0.0227920227920228 0.0113960113960114 0.01424501424501425 0.0056980056980057 0.008547008547008551 0.00284900284900285 0.017094017094017103 0.0284900284900285 0.00284900284900285 0.0056980056980057 0.0056980056980057 0.025641025641025647 0.008547008547008551 0.00284900284900285 0.01994301994301995 0.0113960113960114 0.017094017094017103 0.008547008547008551 0.01994301994301995 0.01424501424501425 0.008547008547008551 0.0113960113960114 0.01994301994301995 0.01424501424501425 0.0284900284900285 0.00284900284900285 0.01424501424501425 0.01994301994301995 0.025641025641025647 0.008547008547008551 0.0284900284900285 0.025641025641025647 0.01424501424501425 0.0227920227920228 0.0227920227920228 0.0284900284900285 0.0113960113960114 0.008547008547008551 0.025641025641025647 0.01994301994301995 0.0284900284900285 0.00284900284900285 0.025641025641025647 0.025641025641025647 0.0227920227920228 0.00284900284900285 0.01424501424501425 0.0056980056980057 0.00284900284900285 0.025641025641025647 0.008547008547008551 0.025641025641025647 0.008547008547008551 0.0056980056980057 0.01424501424501425 0.008547008547008551 0.0113960113960114 0.0056980056980057 0.008547008547008551 0.017094017094017103 0.0 
0.005649717514124295 0.028248587570621472 0.005649717514124295 0.016949152542372885 0.005649717514124295 0.019774011299435033 0.02259887005649718 0.0028248587570621473 0.005649717514124295 0.019774011299435033 0.028248587570621472 0.008474576271186442 0.028248587570621472 0.0028248587570621473 0.019774011299435033 0.02259887005649718 0.005649717514124295 0.005649717514124295 0.01129943502824859 0.016949152542372885 0.025423728813559327 0.028248587570621472 0.016949152542372885 0.014124293785310736 0.008474576271186442 0.019774011299435033 0.025423728813559327 0.028248587570621472 0.0028248587570621473 0.005649717514124295 0.014124293785310736 0.01129943502824859 0.02259887005649718 0.01129943502824859 0.008474576271186442 0.02259887005649718 0.028248587570621472 0.028248587570621472 0.02259887005649718 0.01129943502824859 0.0028248587570621473 0.02259887005649718 0.0028248587570621473 0.016949152542372885 0.016949152542372885 0.01129943502824859 0.008474576271186442 0.01129943502824859 0.008474576271186442 0.02259887005649718 0.028248587570621472 0.0028248587570621473 0.025423728813559327 0.025423728813559327 0.0028248587570621473 0.0028248587570621473 0.008474576271186442 0.016949152542372885 0.025423728813559327 0.005649717514124295 0.01129943502824859 0.008474576271186442 0.028248587570621472 0.014124293785310736 0.0028248587570621473 0.008474576271186442 0.0028248587570621473 0.016949152542372885 0.0 
0.025125628140703512 0.007537688442211053 0.010050251256281405 0.012562814070351756 0.012562814070351756 0.015075376884422106 0.0025125628140703514 0.02010050251256281 0.015075376884422106 0.010050251256281405 0.010050251256281405 0.022613065326633163 0.010050251256281405 0.005025125628140703 0.022613065326633163 0.022613065326633163 0.025125628140703512 0.0025125628140703514 0.025125628140703512 0.007537688442211053 0.015075376884422106 0.015075376884422106 0.025125628140703512 0.0025125628140703514 0.005025125628140703 0.01758793969849246 0.005025125628140703 0.0025125628140703514 0.025125628140703512 0.005025125628140703 0.012562814070351756 0.015075376884422106 0.01758793969849246 0.01758793969849246 0.0025125628140703514 0.02010050251256281 0.022613065326633163 0.012562814070351756 0.01758793969849246 0.01758793969849246 0.007537688442211053 0.012562814070351756 0.015075376884422106 0.007537688442211053 0.010050251256281405 0.025125628140703512 0.010050251256281405 0.025125628140703512 0.0025125628140703514 0.005025125628140703 0.012562814070351756 0.022613065326633163 0.025125628140703512 0.025125628140703512 0.022613065326633163 0.005025125628140703 0.02010050251256281 0.012562814070351756 0.022613065326633163 0.02010050251256281 0.025125628140703512 0.01758793969849246 0.01758793969849246 0.02010050251256281 0.02010050251256281 0.012562814070351756 0.005025125628140703 0.015075376884422106 0.0 
0.023923444976076548 0.023923444976076548 0.016746411483253586 0.01913875598086124 0.002392344497607655 0.01913875598086124 0.01435406698564593 0.011961722488038274 0.01435406698564593 0.00478468899521531 0.01913875598086124 0.016746411483253586 0.01435406698564593 0.021531100478468897 0.00956937799043062 0.00478468899521531 0.016746411483253586 0.007177033492822965 0.023923444976076548 0.00956937799043062 0.01913875598086124 0.01913875598086124 0.016746411483253586 0.016746411483253586 0.021531100478468897 0.01435406698564593 0.01435406698564593 0.00956937799043062 0.01435406698564593 0.002392344497607655 0.011961722488038274 0.023923444976076548 0.021531100478468897 0.00478468899521531 0.023923444976076548 0.016746411483253586 0.021531100478468897 0.007177033492822965 0.00956937799043062 0.016746411483253586 0.007177033492822965 0.016746411483253586 0.002392344497607655 0.01913875598086124 0.007177033492822965 0.007177033492822965 0.023923444976076548 0.002392344497607655 0.00956937799043062 0.007177033492822965 0.021531100478468897 0.023923444976076548 0.002392344497607655 0.01913875598086124 0.00956937799043062 0.021531100478468897 0.023923444976076548 0.01435406698564593 0.011961722488038274 0.016746411483253586 0.01435406698564593 0.023923444976076548 0.021531100478468897 0.01435406698564593 0.00956937799043062 0.016746411483253586 0.023923444976076548 0.007177033492822965 0.0 
0.0031545741324921126 0.022082018927444793 0.006309148264984225 0.0252365930599369 0.022082018927444793 0.015772870662460563 0.0031545741324921126 0.01261829652996845 0.0252365930599369 0.028391167192429016 0.0031545741324921126 0.009463722397476339 0.01261829652996845 0.009463722397476339 0.009463722397476339 0.01261829652996845 0.03154574132492113 0.0031545741324921126 0.01261829652996845 0.018927444794952678 0.0252365930599369 0.018927444794952678 0.03154574132492113 0.015772870662460563 0.028391167192429016 0.0031545741324921126 0.0031545741324921126 0.03154574132492113 0.006309148264984225 0.0252365930599369 0.0031545741324921126 0.006309148264984225 0.018927444794952678 0.009463722397476339 0.015772870662460563 0.015772870662460563 0.015772870662460563 0.015772870662460563 0.009463722397476339 0.009463722397476339 0.006309148264984225 0.009463722397476339 0.006309148264984225 0.006309148264984225 0.0031545741324921126 0.009463722397476339 0.0031545741324921126 0.022082018927444793 0.0031545741324921126 0.006309148264984225 0.0252365930599369 0.0252365930599369 0.01261829652996845 0.028391167192429016 0.0252365930599369 0.01261829652996845 0.01261829652996845 0.006309148264984225 0.01261829652996845 0.009463722397476339 0.022082018927444793 0.022082018927444793 0.015772870662460563 0.03154574132492113 0.03154574132492113 0.015772870662460563 0.009463722397476339 0.009463722397476339 0.0 
0.012048192771084338 0.004819277108433735 0.021686746987951807 0.014457831325301205 0.007228915662650603 0.021686746987951807 0.004819277108433735 0.024096385542168676 0.012048192771084338 0.024096385542168676 0.024096385542168676 0.016867469879518072 0.01927710843373494 0.014457831325301205 0.0024096385542168677 0.01927710843373494 0.01927710843373494 0.01927710843373494 0.01927710843373494 0.016867469879518072 0.021686746987951807 0.016867469879518072 0.014457831325301205 0.012048192771084338 0.016867469879518072 0.004819277108433735 0.007228915662650603 0.024096385542168676 0.024096385542168676 0.024096385542168676 0.01927710843373494 0.007228915662650603 0.004819277108433735 0.024096385542168676 0.024096385542168676 0.024096385542168676 0.0024096385542168677 0.0024096385542168677 0.0024096385542168677 0.007228915662650603 0.01927710843373494 0.012048192771084338 0.007228915662650603 0.016867469879518072 0.00963855421686747 0.007228915662650603 0.024096385542168676 0.01927710843373494 0.004819277108433735 0.014457831325301205 0.00963855421686747 0.012048192771084338 0.01927710843373494 0.024096385542168676 0.01927710843373494 0.012048192771084338 0.016867469879518072 0.00963855421686747 0.007228915662650603 0.00963855421686747 0.024096385542168676 0.0024096385542168677 0.014457831325301205 0.01927710843373494 0.00963855421686747 0.012048192771084338 0.01927710843373494 0.021686746987951807 0.0 
0.015306122448979591 0.025510204081632654 0.015306122448979591 0.01020408163265306 0.015306122448979591 0.015306122448979591 0.002551020408163265 0.017857142857142856 0.012755102040816327 0.012755102040816327 0.00510204081632653 0.015306122448979591 0.00510204081632653 0.002551020408163265 0.007653061224489796 0.02040816326530612 0.02040816326530612 0.002551020408163265 0.012755102040816327 0.012755102040816327 0.002551020408163265 0.02295918367346939 0.025510204081632654 0.02040816326530612 0.00510204081632653 0.01020408163265306 0.007653061224489796 0.02040816326530612 0.02295918367346939 0.012755102040816327 0.025510204081632654 0.015306122448979591 0.017857142857142856 0.01020408163265306 0.015306122448979591 0.01020408163265306 0.01020408163265306 0.025510204081632654 0.025510204081632654 0.02295918367346939 0.01020408163265306 0.007653061224489796 0.00510204081632653 0.02295918367346939 0.007653061224489796 0.017857142857142856 0.025510204081632654 0.015306122448979591 0.025510204081632654 0.007653061224489796 0.017857142857142856 0.025510204081632654 0.015306122448979591 0.02295918367346939 0.007653061224489796 0.02040816326530612 0.00510204081632653 0.02040816326530612 0.017857142857142856 0.02040816326530612 0.02295918367346939 0.02040816326530612 0.00510204081632653 0.015306122448979591 0.012755102040816327 0.002551020408163265 0.007653061224489796 0.017857142857142856 0.0 
0.01980198019801979 0.01485148514851484 0.022277227722772262 0.022277227722772262 0.022277227722772262 0.012376237623762368 0.024752475247524736 0.017326732673267318 0.004950495049504947 0.009900990099009894 0.017326732673267318 0.00742574257425742 0.01485148514851484 0.017326732673267318 0.009900990099009894 0.017326732673267318 0.012376237623762368 0.017326732673267318 0.024752475247524736 0.01485148514851484 0.004950495049504947 0.0024752475247524735 0.017326732673267318 0.017326732673267318 0.01980198019801979 0.01485148514851484 0.01980198019801979 0.01980198019801979 0.024752475247524736 0.012376237623762368 0.01485148514851484 0.01980198019801979 0.017326732673267318 0.022277227722772262 0.024752475247524736 0.004950495049504947 0.004950495049504947 0.009900990099009894 0.022277227722772262 0.0024752475247524735 0.012376237623762368 0.0024752475247524735 0.024752475247524736 0.01485148514851484 0.0024752475247524735 0.00742574257425742 0.017326732673267318 0.009900990099009894 0.01980198019801979 0.017326732673267318 0.01485148514851484 0.022277227722772262 0.012376237623762368 0.024752475247524736 0.004950495049504947 0.009900990099009894 0.00742574257425742 0.004950495049504947 0.0024752475247524735 0.004950495049504947 0.017326732673267318 0.00742574257425742 0.024752475247524736 0.01980198019801979 0.009900990099009894 0.01485148514851484 0.024752475247524736 0.022277227722772262 0.0 
0.025839793281653756 0.007751937984496127 0.025839793281653756 0.007751937984496127 0.005167958656330752 0.025839793281653756 0.005167958656330752 0.015503875968992255 0.010335917312661504 0.007751937984496127 0.002583979328165376 0.025839793281653756 0.010335917312661504 0.005167958656330752 0.01808785529715763 0.02067183462532301 0.023255813953488382 0.02067183462532301 0.010335917312661504 0.007751937984496127 0.010335917312661504 0.005167958656330752 0.02067183462532301 0.023255813953488382 0.010335917312661504 0.01808785529715763 0.005167958656330752 0.01808785529715763 0.015503875968992255 0.02067183462532301 0.015503875968992255 0.01808785529715763 0.007751937984496127 0.025839793281653756 0.012919896640826878 0.005167958656330752 0.010335917312661504 0.012919896640826878 0.02067183462532301 0.002583979328165376 0.023255813953488382 0.025839793281653756 0.015503875968992255 0.01808785529715763 0.002583979328165376 0.010335917312661504 0.02067183462532301 0.012919896640826878 0.002583979328165376 0.007751937984496127 0.01808785529715763 0.025839793281653756 0.025839793281653756 0.015503875968992255 0.01808785529715763 0.01808785529715763 0.01808785529715763 0.01808785529715763 0.012919896640826878 0.007751937984496127 0.02067183462532301 0.023255813953488382 0.012919896640826878 0.002583979328165376 0.025839793281653756 0.002583979328165376 0.02067183462532301 0.012919896640826878 0.0 
0.023076923076923075 0.010256410256410255 0.02051282051282051 0.015384615384615382 0.02051282051282051 0.007692307692307691 0.025641025641025633 0.012820512820512817 0.005128205128205127 0.015384615384615382 0.005128205128205127 0.017948717948717944 0.007692307692307691 0.02051282051282051 0.005128205128205127 0.012820512820512817 0.02051282051282051 0.012820512820512817 0.017948717948717944 0.02051282051282051 0.015384615384615382 0.02051282051282051 0.010256410256410255 0.017948717948717944 0.010256410256410255 0.015384615384615382 0.02051282051282051 0.0025641025641025637 0.007692307692307691 0.017948717948717944 0.010256410256410255 0.025641025641025633 0.012820512820512817 0.02051282051282051 0.023076923076923075 0.02051282051282051 0.005128205128205127 0.012820512820512817 0.010256410256410255 0.012820512820512817 0.017948717948717944 0.012820512820512817 0.015384615384615382 0.007692307692307691 0.023076923076923075 0.010256410256410255 0.02051282051282051 0.023076923076923075 0.010256410256410255 0.005128205128205127 0.012820512820512817 0.02051282051282051 0.017948717948717944 0.02051282051282051 0.02051282051282051 0.0025641025641025637 0.017948717948717944 0.017948717948717944 0.0025641025641025637 0.017948717948717944 0.017948717948717944 0.015384615384615382 0.010256410256410255 0.0025641025641025637 0.017948717948717944 0.017948717948717944 0.010256410256410255 0.02051282051282051 0.0 
0.013927576601671302 0.011142061281337042 0.019498607242339826 0.016713091922005565 0.025069637883008346 0.005571030640668521 0.0027855153203342605 0.0027855153203342605 0.013927576601671302 0.008356545961002783 0.0027855153203342605 0.013927576601671302 0.016713091922005565 0.005571030640668521 0.019498607242339826 0.0027855153203342605 0.005571030640668521 0.016713091922005565 0.016713091922005565 0.008356545961002783 0.0027855153203342605 0.025069637883008346 0.022284122562674084 0.011142061281337042 0.011142061281337042 0.025069637883008346 0.011142061281337042 0.011142061281337042 0.008356545961002783 0.016713091922005565 0.005571030640668521 0.022284122562674084 0.019498607242339826 0.025069637883008346 0.013927576601671302 0.016713091922005565 0.016713091922005565 0.027855153203342604 0.008356545961002783 0.027855153203342604 0.025069637883008346 0.013927576601671302 0.008356545961002783 0.008356545961002783 0.011142061281337042 0.016713091922005565 0.022284122562674084 0.022284122562674084 0.005571030640668521 0.027855153203342604 0.019498607242339826 0.005571030640668521 0.027855153203342604 0.019498607242339826 0.013927576601671302 0.013927576601671302 0.016713091922005565 0.005571030640668521 0.022284122562674084 0.019498607242339826 0.019498607242339826 0.005571030640668521 0.022284122562674084 0.005571030640668521 0.013927576601671302 0.025069637883008346 0.022284122562674084 0.0027855153203342605 0.0 
0.009756097560975603 0.019512195121951206 0.017073170731707308 0.019512195121951206 0.0073170731707317025 0.017073170731707308 0.012195121951219504 0.009756097560975603 0.019512195121951206 0.021951219512195107 0.0073170731707317025 0.012195121951219504 0.021951219512195107 0.004878048780487801 0.024390243902439008 0.012195121951219504 0.0024390243902439007 0.024390243902439008 0.019512195121951206 0.021951219512195107 0.004878048780487801 0.004878048780487801 0.0073170731707317025 0.004878048780487801 0.019512195121951206 0.012195121951219504 0.021951219512195107 0.021951219512195107 0.024390243902439008 0.014634146341463405 0.017073170731707308 0.004878048780487801 0.021951219512195107 0.0024390243902439007 0.012195121951219504 0.014634146341463405 0.024390243902439008 0.021951219512195107 0.014634146341463405 0.017073170731707308 0.0073170731707317025 0.017073170731707308 0.021951219512195107 0.012195121951219504 0.017073170731707308 0.019512195121951206 0.017073170731707308 0.021951219512195107 0.021951219512195107 0.0024390243902439007 0.009756097560975603 0.014634146341463405 0.019512195121951206 0.014634146341463405 0.019512195121951206 0.019512195121951206 0.012195121951219504 0.021951219512195107 0.0073170731707317025 0.024390243902439008 0.009756097560975603 0.004878048780487801 0.012195121951219504 0.0024390243902439007 0.017073170731707308 0.019512195121951206 0.0024390243902439007 0.017073170731707308 0.0 
0.025188916876574315 0.005037783375314862 0.01763224181360202 0.012594458438287158 0.015113350125944587 0.025188916876574315 0.02015113350125945 0.025188916876574315 0.02015113350125945 0.02267002518891688 0.002518891687657431 0.007556675062972294 0.015113350125944587 0.01763224181360202 0.012594458438287158 0.012594458438287158 0.005037783375314862 0.005037783375314862 0.010075566750629724 0.010075566750629724 0.015113350125944587 0.007556675062972294 0.01763224181360202 0.02267002518891688 0.002518891687657431 0.002518891687657431 0.02267002518891688 0.025188916876574315 0.010075566750629724 0.002518891687657431 0.01763224181360202 0.002518891687657431 0.02267002518891688 0.025188916876574315 0.015113350125944587 0.007556675062972294 0.015113350125944587 0.02015113350125945 0.015113350125944587 0.012594458438287158 0.015113350125944587 0.01763224181360202 0.005037783375314862 0.015113350125944587 0.010075566750629724 0.025188916876574315 0.025188916876574315 0.010075566750629724 0.02015113350125945 0.005037783375314862 0.01763224181360202 0.02267002518891688 0.010075566750629724 0.01763224181360202 0.012594458438287158 0.012594458438287158 0.012594458438287158 0.02015113350125945 0.025188916876574315 0.015113350125944587 0.02015113350125945 0.02015113350125945 0.010075566750629724 0.010075566750629724 0.007556675062972294 0.02267002518891688 0.02267002518891688 0.002518891687657431 0.0 
0.0053191489361702135 0.018617021276595747 0.013297872340425535 0.02659574468085107 0.0053191489361702135 0.010638297872340427 0.00797872340425532 0.018617021276595747 0.021276595744680854 0.0026595744680851068 0.0053191489361702135 0.00797872340425532 0.013297872340425535 0.018617021276595747 0.02659574468085107 0.00797872340425532 0.023936170212765964 0.0053191489361702135 0.013297872340425535 0.013297872340425535 0.023936170212765964 0.013297872340425535 0.02659574468085107 0.013297872340425535 0.0053191489361702135 0.02659574468085107 0.010638297872340427 0.00797872340425532 0.0053191489361702135 0.00797872340425532 0.02659574468085107 0.00797872340425532 0.023936170212765964 0.0026595744680851068 0.018617021276595747 0.010638297872340427 0.023936170212765964 0.023936170212765964 0.02659574468085107 0.013297872340425535 0.021276595744680854 0.018617021276595747 0.00797872340425532 0.018617021276595747 0.010638297872340427 0.021276595744680854 0.010638297872340427 0.021276595744680854 0.02659574468085107 0.018617021276595747 0.0053191489361702135 0.0053191489361702135 0.01595744680851064 0.010638297872340427 0.00797872340425532 0.0026595744680851068 0.00797872340425532 0.01595744680851064 0.021276595744680854 0.021276595744680854 0.01595744680851064 0.023936170212765964 0.010638297872340427 0.018617021276595747 0.013297872340425535 0.023936170212765964 0.0026595744680851068 0.01595744680851064 0.0 
0.019607843137254912 0.017429193899782147 0.019607843137254912 0.019607843137254912 0.01089324618736384 0.019607843137254912 0.006535947712418304 0.01089324618736384 0.015250544662309377 0.02178649237472768 0.019607843137254912 0.013071895424836609 0.02178649237472768 0.017429193899782147 0.02178649237472768 0.013071895424836609 0.0021786492374727684 0.019607843137254912 0.01089324618736384 0.013071895424836609 0.01089324618736384 0.019607843137254912 0.019607843137254912 0.019607843137254912 0.017429193899782147 0.008714596949891074 0.02178649237472768 0.02178649237472768 0.004357298474945537 0.015250544662309377 0.015250544662309377 0.015250544662309377 0.015250544662309377 0.017429193899782147 0.02178649237472768 0.008714596949891074 0.0021786492374727684 0.013071895424836609 0.01089324618736384 0.008714596949891074 0.013071895424836609 0.015250544662309377 0.015250544662309377 0.02178649237472768 0.008714596949891074 0.008714596949891074 0.004357298474945537 0.015250544662309377 0.01089324618736384 0.02178649237472768 0.015250544662309377 0.01089324618736384 0.015250544662309377 0.013071895424836609 0.02178649237472768 0.02178649237472768 0.013071895424836609 0.019607843137254912 0.015250544662309377 0.02178649237472768 0.006535947712418304 0.02178649237472768 0.004357298474945537 0.013071895424836609 0.008714596949891074 0.017429193899782147 0.019607843137254912 0.004357298474945537 0.0 
0.01550387596899225 0.0051679586563307504 0.020671834625323002 0.010335917312661501 0.0051679586563307504 0.018087855297157625 0.02583979328165375 0.012919896640826874 0.0051679586563307504 0.018087855297157625 0.023255813953488375 0.020671834625323002 0.007751937984496125 0.0051679586563307504 0.012919896640826874 0.012919896640826874 0.0025839793281653752 0.01550387596899225 0.020671834625323002 0.02583979328165375 0.0051679586563307504 0.018087855297157625 0.023255813953488375 0.010335917312661501 0.012919896640826874 0.012919896640826874 0.02583979328165375 0.012919896640826874 0.0051679586563307504 0.01550387596899225 0.0025839793281653752 0.023255813953488375 0.02583979328165375 0.0051679586563307504 0.012919896640826874 0.012919896640826874 0.020671834625323002 0.012919896640826874 0.020671834625323002 0.010335917312661501 0.02583979328165375 0.02583979328165375 0.01550387596899225 0.012919896640826874 0.007751937984496125 0.007751937984496125 0.01550387596899225 0.0051679586563307504 0.018087855297157625 0.018087855297157625 0.02583979328165375 0.012919896640826874 0.007751937984496125 0.010335917312661501 0.018087855297157625 0.02583979328165375 0.02583979328165375 0.01550387596899225 0.012919896640826874 0.023255813953488375 0.0025839793281653752 0.0051679586563307504 0.007751937984496125 0.0025839793281653752 0.007751937984496125 0.023255813953488375 0.02583979328165375 0.020671834625323002 0.0 
0.015544041450777204 0.018134715025906738 0.015544041450777204 0.023316062176165806 0.01295336787564767 0.007772020725388602 0.002590673575129534 0.01295336787564767 0.01295336787564767 0.010362694300518137 0.02590673575129534 0.020725388601036274 0.020725388601036274 0.010362694300518137 0.002590673575129534 0.01295336787564767 0.005181347150259068 0.007772020725388602 0.018134715025906738 0.010362694300518137 0.018134715025906738 0.015544041450777204 0.002590673575129534 0.020725388601036274 0.010362694300518137 0.015544041450777204 0.01295336787564767 0.020725388601036274 0.010362694300518137 0.018134715025906738 0.023316062176165806 0.02590673575129534 0.020725388601036274 0.01295336787564767 0.01295336787564767 0.020725388601036274 0.015544041450777204 0.020725388601036274 0.02590673575129534 0.015544041450777204 0.010362694300518137 0.007772020725388602 0.010362694300518137 0.023316062176165806 0.007772020725388602 0.020725388601036274 0.018134715025906738 0.023316062176165806 0.020725388601036274 0.002590673575129534 0.018134715025906738 0.020725388601036274 0.015544041450777204 0.02590673575129534 0.010362694300518137 0.010362694300518137 0.005181347150259068 0.005181347150259068 0.007772020725388602 0.02590673575129534 0.02590673575129534 0.020725388601036274 0.007772020725388602 0.01295336787564767 0.007772020725388602 0.018134715025906738 0.007772020725388602 0.002590673575129534 0.0 
1.0 0.0 0.0 0.0 0.0 0.0 0.0 0.0 0.0 0.0 0.0 0.0 0.0 0.0 0.0 0.0 0.0 0.0 0.0 0.0 0.0 0.0 0.0 0.0 0.0 0.0 0.0 0.0 0.0 0.0 0.0 0.0 0.0 0.0 0.0 0.0 0.0 0.0 0.0 0.0 0.0 0.0 0.0 0.0 0.0 0.0 0.0 0.0 0.0 0.0 0.0 0.0 0.0 0.0 0.0 0.0 0.0 0.0 0.0 0.0 0.0 0.0 0.0 0.0 0.0 0.0 0.0 0.0 0.0 

emissions
1 1 1 1 1 1 1 1 1 1 1 1 1 1 1 1 1 1 1 1 1 1 1 1 1 1 1 1 1 1 1 1 1 1 1 1 1 1 1 1 1 1 1 1 1 1 1 1 1 1 1 1 1 1 1 1 1 1 1 1 1 1 1 1 1 1 1 0 0 
0 0 0 0 0 0 0 0 0 0 0 0 0 0 0 0 0 0 0 0 0 0 0 0 0 0 0 0 0 0 0 0 0 0 0 0 0 0 0 0 0 0 0 0 0 0 0 0 0 0 0 0 0 0 0 0 0 0 0 0 0 0 0 0 0 0 0 0 1 
0 0 0 0 0 0 0 0 0 0 0 0 0 0 0 0 0 0 0 0 0 0 0 0 0 0 0 0 0 0 0 0 0 0 0 0 0 0 0 0 0 0 0 0 0 0 0 0 0 0 0 0 0 0 0 0 0 0 0 0 0 0 0 0 0 0 0 1 0 
