states
0 1 2 3 4 5 6 7 8 9 10 11 12 13 14 15 16 17 18 19 20 21 22 23 24 25 26 27 28 29 30 31 32 33 34 35 36 37 38 39 40 41 42 43 44 45 46 47 48 49 50 51 52 53 54 55 56 57 58 59 60 
labels
empty init elected 
initial
0.0 0.0 0.0 0.0 0.0 0.0 0.0 0.0 0.0 0.0 0.0 0.0 0.0 0.0 0.0 0.0 0.0 0.0 0.0 0.0 0.0 0.0 0.0 0.0 0.0 0.0 0.0 0.0 0.0 0.0 0.0 0.0 0.0 0.0 0.0 0.0 0.0 0.0 0.0 0.0 0.0 0.0 0.0 0.0 0.0 0.0 0.0 0.0 0.0 0.0 0.0 0.0 0.0 0.0 0.0 0.0 0.0 0.0 0.0 0.0 1.0
transitions
0.022727272727272728 0.017045454545454544 0.005681818181818182 0.02556818181818182 0.022727272727272728 0.02556818181818182 0.008522727272727272 0.028409090909090908 0.022727272727272728 0.022727272727272728 0.022727272727272728 0.028409090909090908 0.02556818181818182 0.014204545454545454 0.008522727272727272 0.019886363636363636 0.014204545454545454 0.011363636363636364 0.002840909090909091 0.022727272727272728 0.017045454545454544 0.017045454545454544 0.028409090909090908 0.019886363636363636 0.019886363636363636 0.02556818181818182 0.008522727272727272 0.017045454545454544 0.02556818181818182 0.005681818181818182 0.008522727272727272 0.022727272727272728 0.002840909090909091 0.02556818181818182 0.011363636363636364 0.005681818181818182 0.002840909090909091 0.011363636363636364 0.008522727272727272 0.011363636363636364 0.008522727272727272 0.028409090909090908 0.008522727272727272 0.005681818181818182 0.002840909090909091 0.005681818181818182 0.028409090909090908 0.028409090909090908 0.002840909090909091 0.022727272727272728 0.008522727272727272 0.019886363636363636 0.011363636363636364 0.022727272727272728 0.02556818181818182 0.008522727272727272 0.019886363636363636 0.022727272727272728 0.022727272727272728 0.028409090909090908 0.0 
0.008849557522123894 0.02359882005899705 0.017699115044247787 0.011799410029498525 0.0029498525073746312 0.017699115044247787 0.014749262536873156 0.011799410029498525 0.02654867256637168 0.029498525073746312 0.017699115044247787 0.02654867256637168 0.02064896755162242 0.02359882005899705 0.0029498525073746312 0.014749262536873156 0.02064896755162242 0.02654867256637168 0.014749262536873156 0.02654867256637168 0.0058997050147492625 0.029498525073746312 0.017699115044247787 0.014749262536873156 0.008849557522123894 0.011799410029498525 0.014749262536873156 0.02359882005899705 0.02064896755162242 0.02064896755162242 0.02654867256637168 0.0029498525073746312 0.011799410029498525 0.017699115044247787 0.02064896755162242 0.0058997050147492625 0.0058997050147492625 0.02064896755162242 0.0029498525073746312 0.02654867256637168 0.02359882005899705 0.017699115044247787 0.02359882005899705 0.02064896755162242 0.02654867256637168 0.014749262536873156 0.014749262536873156 0.0029498525073746312 0.02359882005899705 0.008849557522123894 0.0058997050147492625 0.02654867256637168 0.02654867256637168 0.0058997050147492625 0.011799410029498525 0.0058997050147492625 0.011799410029498525 0.02064896755162242 0.02359882005899705 0.014749262536873156 0.0 
0.002985074626865671 0.023880597014925366 0.011940298507462683 0.023880597014925366 0.02985074626865671 0.0208955223880597 0.0208955223880597 0.02985074626865671 0.011940298507462683 0.008955223880597014 0.023880597014925366 0.0208955223880597 0.023880597014925366 0.02985074626865671 0.014925373134328354 0.011940298507462683 0.002985074626865671 0.017910447761194027 0.002985074626865671 0.02985074626865671 0.017910447761194027 0.023880597014925366 0.017910447761194027 0.02985074626865671 0.026865671641791038 0.008955223880597014 0.014925373134328354 0.008955223880597014 0.011940298507462683 0.002985074626865671 0.011940298507462683 0.0208955223880597 0.02985074626865671 0.002985074626865671 0.011940298507462683 0.014925373134328354 0.026865671641791038 0.0208955223880597 0.011940298507462683 0.023880597014925366 0.011940298507462683 0.02985074626865671 0.005970149253731342 0.014925373134328354 0.026865671641791038 0.011940298507462683 0.002985074626865671 0.008955223880597014 0.014925373134328354 0.0208955223880597 0.005970149253731342 0.02985074626865671 0.002985074626865671 0.02985074626865671 0.011940298507462683 0.005970149253731342 0.008955223880597014 0.011940298507462683 0.008955223880597014 0.02985074626865671 0.0 
0.017291066282420754 0.008645533141210377 0.023054755043227668 0.028818443804034588 0.017291066282420754 0.02017291066282421 0.017291066282420754 0.028818443804034588 0.028818443804034588 0.02017291066282421 0.02593659942363113 0.017291066282420754 0.014409221902017294 0.014409221902017294 0.02017291066282421 0.008645533141210377 0.008645533141210377 0.005763688760806917 0.011527377521613834 0.023054755043227668 0.014409221902017294 0.0028818443804034585 0.017291066282420754 0.023054755043227668 0.011527377521613834 0.02593659942363113 0.017291066282420754 0.028818443804034588 0.005763688760806917 0.017291066282420754 0.014409221902017294 0.011527377521613834 0.028818443804034588 0.017291066282420754 0.02017291066282421 0.02017291066282421 0.005763688760806917 0.0028818443804034585 0.017291066282420754 0.008645533141210377 0.0028818443804034585 0.017291066282420754 0.02593659942363113 0.017291066282420754 0.023054755043227668 0.02593659942363113 0.028818443804034588 0.028818443804034588 0.0028818443804034585 0.011527377521613834 0.023054755043227668 0.0028818443804034585 0.014409221902017294 0.023054755043227668 0.023054755043227668 0.014409221902017294 0.005763688760806917 0.011527377521613834 0.0028818443804034585 0.023054755043227668 0.0 
0.02325581395348835 0.017441860465116265 0.005813953488372088 0.017441860465116265 0.011627906976744175 0.02906976744186044 0.011627906976744175 0.002906976744186044 0.02906976744186044 0.02325581395348835 0.02034883720930231 0.005813953488372088 0.02325581395348835 0.02906976744186044 0.02034883720930231 0.011627906976744175 0.02325581395348835 0.008720930232558132 0.02325581395348835 0.026162790697674396 0.02906976744186044 0.005813953488372088 0.008720930232558132 0.02906976744186044 0.002906976744186044 0.02034883720930231 0.026162790697674396 0.017441860465116265 0.02325581395348835 0.017441860465116265 0.026162790697674396 0.005813953488372088 0.008720930232558132 0.011627906976744175 0.002906976744186044 0.017441860465116265 0.017441860465116265 0.02034883720930231 0.02034883720930231 0.002906976744186044 0.02906976744186044 0.017441860465116265 0.017441860465116265 0.011627906976744175 0.017441860465116265 0.02906976744186044 0.005813953488372088 0.005813953488372088 0.02906976744186044 0.026162790697674396 0.005813953488372088 0.02906976744186044 0.005813953488372088 0.002906976744186044 0.02034883720930231 0.002906976744186044 0.002906976744186044 0.008720930232558132 0.026162790697674396 0.02906976744186044 0.0 
0.003048780487804876 0.009146341463414627 0.03048780487804876 0.006097560975609752 0.018292682926829253 0.012195121951219504 0.018292682926829253 0.024390243902439008 0.012195121951219504 0.021341463414634134 0.03048780487804876 0.018292682926829253 0.027439024390243885 0.012195121951219504 0.021341463414634134 0.01524390243902438 0.01524390243902438 0.009146341463414627 0.027439024390243885 0.018292682926829253 0.024390243902439008 0.021341463414634134 0.009146341463414627 0.027439024390243885 0.01524390243902438 0.009146341463414627 0.021341463414634134 0.006097560975609752 0.003048780487804876 0.01524390243902438 0.03048780487804876 0.003048780487804876 0.024390243902439008 0.03048780487804876 0.003048780487804876 0.009146341463414627 0.012195121951219504 0.003048780487804876 0.003048780487804876 0.006097560975609752 0.024390243902439008 0.027439024390243885 0.009146341463414627 0.027439024390243885 0.012195121951219504 0.021341463414634134 0.01524390243902438 0.03048780487804876 0.03048780487804876 0.027439024390243885 0.003048780487804876 0.027439024390243885 0.01524390243902438 0.006097560975609752 0.018292682926829253 0.018292682926829253 0.012195121951219504 0.006097560975609752 0.009146341463414627 0.03048780487804876 0.0 
0.011904761904761904 0.005952380952380952 0.011904761904761904 0.017857142857142856 0.005952380952380952 0.023809523809523808 0.01488095238095238 0.023809523809523808 0.026785714285714284 0.017857142857142856 0.005952380952380952 0.026785714285714284 0.020833333333333332 0.002976190476190476 0.017857142857142856 0.011904761904761904 0.005952380952380952 0.026785714285714284 0.002976190476190476 0.017857142857142856 0.02976190476190476 0.02976190476190476 0.01488095238095238 0.02976190476190476 0.020833333333333332 0.017857142857142856 0.01488095238095238 0.02976190476190476 0.026785714285714284 0.011904761904761904 0.023809523809523808 0.01488095238095238 0.002976190476190476 0.002976190476190476 0.023809523809523808 0.023809523809523808 0.002976190476190476 0.002976190476190476 0.002976190476190476 0.017857142857142856 0.023809523809523808 0.020833333333333332 0.023809523809523808 0.020833333333333332 0.02976190476190476 0.017857142857142856 0.008928571428571428 0.026785714285714284 0.01488095238095238 0.023809523809523808 0.017857142857142856 0.017857142857142856 0.011904761904761904 0.008928571428571428 0.008928571428571428 0.01488095238095238 0.02976190476190476 0.023809523809523808 0.002976190476190476 0.005952380952380952 0.0 
0.006349206349206349 0.031746031746031744 0.012698412698412698 0.009523809523809525 0.006349206349206349 0.02857142857142857 0.015873015873015872 0.015873015873015872 0.022222222222222223 0.031746031746031744 0.009523809523809525 0.0031746031746031746 0.02857142857142857 0.02857142857142857 0.006349206349206349 0.01904761904761905 0.022222222222222223 0.009523809523809525 0.015873015873015872 0.0031746031746031746 0.025396825396825397 0.025396825396825397 0.031746031746031744 0.0031746031746031746 0.025396825396825397 0.031746031746031744 0.006349206349206349 0.031746031746031744 0.01904761904761905 0.012698412698412698 0.0031746031746031746 0.009523809523809525 0.012698412698412698 0.012698412698412698 0.0031746031746031746 0.009523809523809525 0.01904761904761905 0.006349206349206349 0.031746031746031744 0.02857142857142857 0.0031746031746031746 0.025396825396825397 0.006349206349206349 0.015873015873015872 0.02857142857142857 0.009523809523809525 0.025396825396825397 0.025396825396825397 0.01904761904761905 0.025396825396825397 0.01904761904761905 0.022222222222222223 0.02857142857142857 0.0031746031746031746 0.025396825396825397 0.012698412698412698 0.015873015873015872 0.0031746031746031746 0.0031746031746031746 0.006349206349206349 0.0 
0.002762430939226519 0.013812154696132593 0.011049723756906075 0.011049723756906075 0.011049723756906075 0.024861878453038666 0.013812154696132593 0.008287292817679556 0.024861878453038666 0.013812154696132593 0.016574585635359112 0.013812154696132593 0.016574585635359112 0.027624309392265185 0.005524861878453038 0.016574585635359112 0.024861878453038666 0.016574585635359112 0.005524861878453038 0.01933701657458563 0.027624309392265185 0.027624309392265185 0.013812154696132593 0.01933701657458563 0.008287292817679556 0.011049723756906075 0.02209944751381215 0.02209944751381215 0.01933701657458563 0.027624309392265185 0.01933701657458563 0.027624309392265185 0.008287292817679556 0.027624309392265185 0.005524861878453038 0.011049723756906075 0.02209944751381215 0.02209944751381215 0.005524861878453038 0.01933701657458563 0.002762430939226519 0.002762430939226519 0.02209944751381215 0.024861878453038666 0.013812154696132593 0.002762430939226519 0.02209944751381215 0.02209944751381215 0.027624309392265185 0.002762430939226519 0.024861878453038666 0.013812154696132593 0.02209944751381215 0.002762430939226519 0.027624309392265185 0.01933701657458563 0.01933701657458563 0.024861878453038666 0.02209944751381215 0.013812154696132593 0.0 
0.011976047904191614 0.01796407185628742 0.00898203592814371 0.029940119760479035 0.01796407185628742 0.02694610778443113 0.005988023952095807 0.020958083832335325 0.023952095808383228 0.011976047904191614 0.023952095808383228 0.02694610778443113 0.0029940119760479035 0.0029940119760479035 0.0029940119760479035 0.011976047904191614 0.023952095808383228 0.0029940119760479035 0.023952095808383228 0.0029940119760479035 0.01796407185628742 0.0029940119760479035 0.0029940119760479035 0.01796407185628742 0.020958083832335325 0.01796407185628742 0.00898203592814371 0.005988023952095807 0.0029940119760479035 0.020958083832335325 0.014970059880239518 0.011976047904191614 0.0029940119760479035 0.020958083832335325 0.020958083832335325 0.00898203592814371 0.023952095808383228 0.029940119760479035 0.00898203592814371 0.02694610778443113 0.020958083832335325 0.029940119760479035 0.00898203592814371 0.023952095808383228 0.01796407185628742 0.02694610778443113 0.02694610778443113 0.02694610778443113 0.01796407185628742 0.023952095808383228 0.020958083832335325 0.014970059880239518 0.005988023952095807 0.023952095808383228 0.014970059880239518 0.01796407185628742 0.029940119760479035 0.023952095808383228 0.011976047904191614 0.01796407185628742 0.0 
0.011869436201780416 0.02373887240356083 0.020771513353115726 0.026706231454005934 0.008902077151335312 0.002967359050445104 0.026706231454005934 0.017804154302670624 0.017804154302670624 0.005934718100890208 0.026706231454005934 0.02373887240356083 0.017804154302670624 0.002967359050445104 0.011869436201780416 0.002967359050445104 0.02967359050445104 0.020771513353115726 0.02967359050445104 0.020771513353115726 0.020771513353115726 0.008902077151335312 0.026706231454005934 0.02373887240356083 0.026706231454005934 0.02967359050445104 0.002967359050445104 0.011869436201780416 0.026706231454005934 0.005934718100890208 0.02373887240356083 0.026706231454005934 0.008902077151335312 0.02967359050445104 0.02373887240356083 0.002967359050445104 0.002967359050445104 0.017804154302670624 0.02373887240356083 0.008902077151335312 0.005934718100890208 0.02373887240356083 0.002967359050445104 0.017804154302670624 0.02967359050445104 0.002967359050445104 0.02373887240356083 0.02967359050445104 0.017804154302670624 0.002967359050445104 0.008902077151335312 0.020771513353115726 0.005934718100890208 0.026706231454005934 0.026706231454005934 0.01483679525222552 0.005934718100890208 0.005934718100890208 0.008902077151335312 0.01483679525222552 0.0 
0.012195121951219504 0.024390243902439008 0.006097560975609752 0.009146341463414627 0.01524390243902438 0.018292682926829253 0.01524390243902438 0.01524390243902438 0.03048780487804876 0.018292682926829253 0.027439024390243885 0.006097560975609752 0.006097560975609752 0.01524390243902438 0.027439024390243885 0.006097560975609752 0.03048780487804876 0.01524390243902438 0.01524390243902438 0.024390243902439008 0.006097560975609752 0.01524390243902438 0.03048780487804876 0.009146341463414627 0.021341463414634134 0.024390243902439008 0.012195121951219504 0.024390243902439008 0.01524390243902438 0.01524390243902438 0.027439024390243885 0.027439024390243885 0.03048780487804876 0.021341463414634134 0.009146341463414627 0.018292682926829253 0.003048780487804876 0.003048780487804876 0.018292682926829253 0.018292682926829253 0.021341463414634134 0.024390243902439008 0.009146341463414627 0.009146341463414627 0.012195121951219504 0.006097560975609752 0.01524390243902438 0.024390243902439008 0.024390243902439008 0.009146341463414627 0.018292682926829253 0.03048780487804876 0.01524390243902438 0.009146341463414627 0.021341463414634134 0.003048780487804876 0.006097560975609752 0.009146341463414627 0.021341463414634134 0.021341463414634134 0.0 
0.02127659574468086 0.01823708206686931 0.02127659574468086 0.006079027355623104 0.01823708206686931 0.01823708206686931 0.01519756838905776 0.012158054711246207 0.03039513677811552 0.01519756838905776 0.003039513677811552 0.01823708206686931 0.02127659574468086 0.006079027355623104 0.03039513677811552 0.027355623100303966 0.01823708206686931 0.003039513677811552 0.01823708206686931 0.03039513677811552 0.009118541033434655 0.009118541033434655 0.01823708206686931 0.006079027355623104 0.03039513677811552 0.003039513677811552 0.01519756838905776 0.009118541033434655 0.024316109422492415 0.012158054711246207 0.012158054711246207 0.009118541033434655 0.012158054711246207 0.012158054711246207 0.03039513677811552 0.024316109422492415 0.03039513677811552 0.03039513677811552 0.024316109422492415 0.027355623100303966 0.024316109422492415 0.012158054711246207 0.003039513677811552 0.006079027355623104 0.024316109422492415 0.003039513677811552 0.01519756838905776 0.03039513677811552 0.009118541033434655 0.01823708206686931 0.024316109422492415 0.009118541033434655 0.027355623100303966 0.003039513677811552 0.012158054711246207 0.012158054711246207 0.02127659574468086 0.006079027355623104 0.02127659574468086 0.01519756838905776 0.0 
0.012195121951219504 0.021341463414634134 0.01524390243902438 0.024390243902439008 0.018292682926829253 0.009146341463414627 0.012195121951219504 0.009146341463414627 0.009146341463414627 0.018292682926829253 0.009146341463414627 0.009146341463414627 0.012195121951219504 0.021341463414634134 0.018292682926829253 0.018292682926829253 0.03048780487804876 0.003048780487804876 0.018292682926829253 0.024390243902439008 0.006097560975609752 0.009146341463414627 0.03048780487804876 0.012195121951219504 0.03048780487804876 0.021341463414634134 0.03048780487804876 0.003048780487804876 0.009146341463414627 0.012195121951219504 0.003048780487804876 0.009146341463414627 0.009146341463414627 0.03048780487804876 0.03048780487804876 0.006097560975609752 0.01524390243902438 0.012195121951219504 0.024390243902439008 0.021341463414634134 0.024390243902439008 0.027439024390243885 0.018292682926829253 0.006097560975609752 0.03048780487804876 0.009146341463414627 0.006097560975609752 0.01524390243902438 0.024390243902439008 0.03048780487804876 0.01524390243902438 0.018292682926829253 0.012195121951219504 0.012195121951219504 0.009146341463414627 0.027439024390243885 0.006097560975609752 0.03048780487804876 0.009146341463414627 0.027439024390243885 0.0 
0.008928571428571426 0.014880952380952377 0.008928571428571426 0.014880952380952377 0.02083333333333333 0.002976190476190475 0.029761904761904753 0.026785714285714277 0.002976190476190475 0.026785714285714277 0.008928571428571426 0.026785714285714277 0.026785714285714277 0.0119047619047619 0.026785714285714277 0.008928571428571426 0.0238095238095238 0.00595238095238095 0.0238095238095238 0.008928571428571426 0.002976190476190475 0.029761904761904753 0.026785714285714277 0.002976190476190475 0.0119047619047619 0.00595238095238095 0.0119047619047619 0.0238095238095238 0.017857142857142853 0.014880952380952377 0.029761904761904753 0.014880952380952377 0.029761904761904753 0.00595238095238095 0.026785714285714277 0.017857142857142853 0.02083333333333333 0.00595238095238095 0.017857142857142853 0.026785714285714277 0.0238095238095238 0.02083333333333333 0.02083333333333333 0.0119047619047619 0.014880952380952377 0.0238095238095238 0.0238095238095238 0.017857142857142853 0.002976190476190475 0.014880952380952377 0.008928571428571426 0.002976190476190475 0.017857142857142853 0.017857142857142853 0.014880952380952377 0.02083333333333333 0.029761904761904753 0.002976190476190475 0.026785714285714277 0.00595238095238095 0.0 
0.015432098765432098 0.027777777777777776 0.030864197530864196 0.015432098765432098 0.021604938271604937 0.006172839506172839 0.015432098765432098 0.009259259259259259 0.012345679012345678 0.012345679012345678 0.006172839506172839 0.015432098765432098 0.006172839506172839 0.009259259259259259 0.030864197530864196 0.0030864197530864196 0.030864197530864196 0.006172839506172839 0.024691358024691357 0.012345679012345678 0.024691358024691357 0.027777777777777776 0.024691358024691357 0.030864197530864196 0.024691358024691357 0.0030864197530864196 0.030864197530864196 0.018518518518518517 0.012345679012345678 0.030864197530864196 0.027777777777777776 0.006172839506172839 0.024691358024691357 0.018518518518518517 0.015432098765432098 0.021604938271604937 0.030864197530864196 0.0030864197530864196 0.018518518518518517 0.015432098765432098 0.012345679012345678 0.0030864197530864196 0.0030864197530864196 0.012345679012345678 0.015432098765432098 0.006172839506172839 0.006172839506172839 0.018518518518518517 0.0030864197530864196 0.0030864197530864196 0.030864197530864196 0.024691358024691357 0.0030864197530864196 0.015432098765432098 0.006172839506172839 0.027777777777777776 0.027777777777777776 0.030864197530864196 0.024691358024691357 0.0030864197530864196 0.0 
0.003322259136212626 0.026578073089701008 0.009966777408637878 0.006644518272425252 0.013289036544850504 0.003322259136212626 0.03322259136212626 0.029900332225913637 0.019933554817275757 0.003322259136212626 0.009966777408637878 0.006644518272425252 0.019933554817275757 0.013289036544850504 0.013289036544850504 0.013289036544850504 0.026578073089701008 0.029900332225913637 0.023255813953488382 0.019933554817275757 0.013289036544850504 0.03322259136212626 0.03322259136212626 0.013289036544850504 0.013289036544850504 0.006644518272425252 0.023255813953488382 0.003322259136212626 0.023255813953488382 0.009966777408637878 0.009966777408637878 0.013289036544850504 0.029900332225913637 0.023255813953488382 0.006644518272425252 0.013289036544850504 0.019933554817275757 0.026578073089701008 0.026578073089701008 0.01661129568106313 0.013289036544850504 0.009966777408637878 0.01661129568106313 0.013289036544850504 0.026578073089701008 0.006644518272425252 0.003322259136212626 0.026578073089701008 0.01661129568106313 0.009966777408637878 0.013289036544850504 0.003322259136212626 0.006644518272425252 0.026578073089701008 0.009966777408637878 0.019933554817275757 0.03322259136212626 0.003322259136212626 0.029900332225913637 0.026578073089701008 0.0 
0.013927576601671302 0.0027855153203342605 0.027855153203342604 0.022284122562674084 0.013927576601671302 0.013927576601671302 0.022284122562674084 0.027855153203342604 0.008356545961002783 0.011142061281337042 0.022284122562674084 0.022284122562674084 0.011142061281337042 0.005571030640668521 0.027855153203342604 0.022284122562674084 0.025069637883008346 0.025069637883008346 0.027855153203342604 0.025069637883008346 0.013927576601671302 0.013927576601671302 0.022284122562674084 0.027855153203342604 0.027855153203342604 0.013927576601671302 0.011142061281337042 0.025069637883008346 0.019498607242339826 0.013927576601671302 0.025069637883008346 0.025069637883008346 0.019498607242339826 0.013927576601671302 0.013927576601671302 0.027855153203342604 0.022284122562674084 0.008356545961002783 0.016713091922005565 0.005571030640668521 0.022284122562674084 0.011142061281337042 0.0027855153203342605 0.005571030640668521 0.022284122562674084 0.013927576601671302 0.022284122562674084 0.0027855153203342605 0.005571030640668521 0.0027855153203342605 0.019498607242339826 0.011142061281337042 0.008356545961002783 0.027855153203342604 0.011142061281337042 0.005571030640668521 0.025069637883008346 0.011142061281337042 0.005571030640668521 0.016713091922005565 0.0 
0.01488095238095238 0.026785714285714284 0.002976190476190476 0.017857142857142856 0.01488095238095238 0.01488095238095238 0.005952380952380952 0.01488095238095238 0.011904761904761904 0.01488095238095238 0.002976190476190476 0.01488095238095238 0.011904761904761904 0.026785714285714284 0.02976190476190476 0.008928571428571428 0.01488095238095238 0.01488095238095238 0.02976190476190476 0.005952380952380952 0.011904761904761904 0.02976190476190476 0.026785714285714284 0.01488095238095238 0.002976190476190476 0.005952380952380952 0.008928571428571428 0.008928571428571428 0.005952380952380952 0.02976190476190476 0.008928571428571428 0.023809523809523808 0.023809523809523808 0.011904761904761904 0.023809523809523808 0.023809523809523808 0.002976190476190476 0.011904761904761904 0.02976190476190476 0.023809523809523808 0.026785714285714284 0.02976190476190476 0.011904761904761904 0.026785714285714284 0.023809523809523808 0.023809523809523808 0.023809523809523808 0.008928571428571428 0.008928571428571428 0.023809523809523808 0.011904761904761904 0.023809523809523808 0.023809523809523808 0.005952380952380952 0.020833333333333332 0.002976190476190476 0.008928571428571428 0.02976190476190476 0.01488095238095238 0.017857142857142856 0.0 
0.010204081632653053 0.010204081632653053 0.0068027210884353696 0.0034013605442176848 0.017006802721088426 0.02380952380952379 0.0034013605442176848 0.030612244897959162 0.017006802721088426 0.017006802721088426 0.010204081632653053 0.010204081632653053 0.030612244897959162 0.017006802721088426 0.03401360544217685 0.030612244897959162 0.010204081632653053 0.010204081632653053 0.030612244897959162 0.020408163265306107 0.013605442176870739 0.020408163265306107 0.020408163265306107 0.0068027210884353696 0.0068027210884353696 0.03401360544217685 0.0068027210884353696 0.0068027210884353696 0.0068027210884353696 0.017006802721088426 0.0068027210884353696 0.03401360544217685 0.013605442176870739 0.017006802721088426 0.010204081632653053 0.020408163265306107 0.0034013605442176848 0.020408163265306107 0.013605442176870739 0.0068027210884353696 0.03401360544217685 0.027210884353741478 0.020408163265306107 0.017006802721088426 0.010204081632653053 0.010204081632653053 0.010204081632653053 0.013605442176870739 0.017006802721088426 0.020408163265306107 0.02380952380952379 0.010204081632653053 0.0034013605442176848 0.030612244897959162 0.02380952380952379 0.017006802721088426 0.027210884353741478 0.0034013605442176848 0.017006802721088426 0.03401360544217685 0.0 
0.026392961876832863 0.01466275659824048 0.011730205278592384 0.026392961876832863 0.005865102639296192 0.017595307917888575 0.005865102639296192 0.02052785923753667 0.02052785923753667 0.017595307917888575 0.011730205278592384 0.023460410557184768 0.011730205278592384 0.026392961876832863 0.023460410557184768 0.011730205278592384 0.017595307917888575 0.017595307917888575 0.002932551319648096 0.011730205278592384 0.023460410557184768 0.02052785923753667 0.011730205278592384 0.026392961876832863 0.002932551319648096 0.02052785923753667 0.023460410557184768 0.026392961876832863 0.026392961876832863 0.017595307917888575 0.008797653958944288 0.02932551319648096 0.011730205278592384 0.008797653958944288 0.008797653958944288 0.023460410557184768 0.005865102639296192 0.02932551319648096 0.017595307917888575 0.02932551319648096 0.026392961876832863 0.01466275659824048 0.005865102639296192 0.023460410557184768 0.002932551319648096 0.008797653958944288 0.011730205278592384 0.01466275659824048 0.01466275659824048 0.017595307917888575 0.017595307917888575 0.002932551319648096 0.026392961876832863 0.017595307917888575 0.017595307917888575 0.005865102639296192 0.023460410557184768 0.017595307917888575 0.023460410557184768 0.008797653958944288 0.0 
0.016025641025641024 0.03205128205128205 0.003205128205128205 0.022435897435897436 0.016025641025641024 0.03205128205128205 0.01282051282051282 0.009615384615384616 0.003205128205128205 0.00641025641025641 0.022435897435897436 0.03205128205128205 0.009615384615384616 0.003205128205128205 0.028846153846153848 0.009615384615384616 0.009615384615384616 0.03205128205128205 0.01282051282051282 0.003205128205128205 0.016025641025641024 0.003205128205128205 0.02564102564102564 0.00641025641025641 0.02564102564102564 0.028846153846153848 0.003205128205128205 0.028846153846153848 0.00641025641025641 0.01282051282051282 0.003205128205128205 0.016025641025641024 0.00641025641025641 0.003205128205128205 0.02564102564102564 0.02564102564102564 0.03205128205128205 0.01282051282051282 0.022435897435897436 0.019230769230769232 0.028846153846153848 0.016025641025641024 0.02564102564102564 0.009615384615384616 0.02564102564102564 0.003205128205128205 0.003205128205128205 0.03205128205128205 0.019230769230769232 0.022435897435897436 0.022435897435897436 0.022435897435897436 0.009615384615384616 0.00641025641025641 0.003205128205128205 0.01282051282051282 0.028846153846153848 0.022435897435897436 0.016025641025641024 0.028846153846153848 0.0 
0.002985074626865672 0.026865671641791048 0.026865671641791048 0.011940298507462688 0.02985074626865672 0.023880597014925377 0.017910447761194034 0.020895522388059706 0.017910447761194034 0.005970149253731344 0.023880597014925377 0.02985074626865672 0.023880597014925377 0.02985074626865672 0.026865671641791048 0.02985074626865672 0.005970149253731344 0.005970149253731344 0.017910447761194034 0.005970149253731344 0.02985074626865672 0.002985074626865672 0.026865671641791048 0.020895522388059706 0.002985074626865672 0.020895522388059706 0.011940298507462688 0.01492537313432836 0.011940298507462688 0.023880597014925377 0.011940298507462688 0.008955223880597017 0.008955223880597017 0.017910447761194034 0.01492537313432836 0.008955223880597017 0.002985074626865672 0.023880597014925377 0.02985074626865672 0.020895522388059706 0.02985074626865672 0.005970149253731344 0.026865671641791048 0.002985074626865672 0.002985074626865672 0.01492537313432836 0.017910447761194034 0.002985074626865672 0.017910447761194034 0.020895522388059706 0.020895522388059706 0.020895522388059706 0.005970149253731344 0.020895522388059706 0.023880597014925377 0.026865671641791048 0.011940298507462688 0.005970149253731344 0.002985074626865672 0.01492537313432836 0.0 
0.021406727828746166 0.009174311926605502 0.018348623853211003 0.006116207951070334 0.006116207951070334 0.021406727828746166 0.030581039755351667 0.009174311926605502 0.024464831804281335 0.015290519877675834 0.030581039755351667 0.009174311926605502 0.0275229357798165 0.012232415902140668 0.015290519877675834 0.0275229357798165 0.0275229357798165 0.018348623853211003 0.030581039755351667 0.024464831804281335 0.006116207951070334 0.021406727828746166 0.030581039755351667 0.003058103975535167 0.012232415902140668 0.006116207951070334 0.024464831804281335 0.006116207951070334 0.015290519877675834 0.009174311926605502 0.015290519877675834 0.018348623853211003 0.012232415902140668 0.030581039755351667 0.0275229357798165 0.015290519877675834 0.018348623853211003 0.0275229357798165 0.0275229357798165 0.003058103975535167 0.009174311926605502 0.009174311926605502 0.0275229357798165 0.024464831804281335 0.003058103975535167 0.018348623853211003 0.009174311926605502 0.003058103975535167 0.012232415902140668 0.012232415902140668 0.006116207951070334 0.009174311926605502 0.021406727828746166 0.021406727828746166 0.003058103975535167 0.021406727828746166 0.021406727828746166 0.024464831804281335 0.015290519877675834 0.012232415902140668 0.0 
0.026548672566371688 0.02949852507374632 0.020648967551622422 0.005899705014749264 0.026548672566371688 0.011799410029498528 0.02949852507374632 0.005899705014749264 0.026548672566371688 0.002949852507374632 0.011799410029498528 0.026548672566371688 0.008849557522123895 0.02949852507374632 0.005899705014749264 0.023598820058997057 0.005899705014749264 0.01769911504424779 0.008849557522123895 0.026548672566371688 0.023598820058997057 0.002949852507374632 0.01769911504424779 0.023598820058997057 0.002949852507374632 0.023598820058997057 0.026548672566371688 0.02949852507374632 0.002949852507374632 0.02949852507374632 0.008849557522123895 0.023598820058997057 0.01474926253687316 0.008849557522123895 0.020648967551622422 0.023598820058997057 0.002949852507374632 0.008849557522123895 0.002949852507374632 0.011799410029498528 0.02949852507374632 0.011799410029498528 0.023598820058997057 0.002949852507374632 0.005899705014749264 0.02949852507374632 0.008849557522123895 0.005899705014749264 0.02949852507374632 0.026548672566371688 0.01474926253687316 0.023598820058997057 0.01769911504424779 0.023598820058997057 0.005899705014749264 0.01474926253687316 0.020648967551622422 0.01474926253687316 0.01474926253687316 0.01474926253687316 0.0 
0.012698412698412702 0.0031746031746031755 0.0031746031746031755 0.012698412698412702 0.0031746031746031755 0.022222222222222227 0.025396825396825404 0.015873015873015876 0.03174603174603175 0.019047619047619053 0.015873015873015876 0.025396825396825404 0.012698412698412702 0.022222222222222227 0.006349206349206351 0.022222222222222227 0.022222222222222227 0.015873015873015876 0.022222222222222227 0.009523809523809526 0.022222222222222227 0.03174603174603175 0.015873015873015876 0.009523809523809526 0.022222222222222227 0.019047619047619053 0.0031746031746031755 0.03174603174603175 0.019047619047619053 0.025396825396825404 0.025396825396825404 0.0031746031746031755 0.006349206349206351 0.009523809523809526 0.019047619047619053 0.025396825396825404 0.0031746031746031755 0.0031746031746031755 0.012698412698412702 0.006349206349206351 0.019047619047619053 0.03174603174603175 0.022222222222222227 0.019047619047619053 0.019047619047619053 0.015873015873015876 0.03174603174603175 0.019047619047619053 0.012698412698412702 0.025396825396825404 0.006349206349206351 0.009523809523809526 0.009523809523809526 0.009523809523809526 0.012698412698412702 0.025396825396825404 0.03174603174603175 0.006349206349206351 0.022222222222222227 0.012698412698412702 0.0 
0.012158054711246207 0.03039513677811552 0.03039513677811552 0.027355623100303966 0.01519756838905776 0.006079027355623104 0.02127659574468086 0.024316109422492415 0.024316109422492415 0.003039513677811552 0.012158054711246207 0.006079027355623104 0.012158054711246207 0.006079027355623104 0.02127659574468086 0.009118541033434655 0.009118541033434655 0.009118541033434655 0.012158054711246207 0.03039513677811552 0.027355623100303966 0.003039513677811552 0.003039513677811552 0.024316109422492415 0.027355623100303966 0.027355623100303966 0.012158054711246207 0.01519756838905776 0.01519756838905776 0.02127659574468086 0.009118541033434655 0.027355623100303966 0.027355623100303966 0.009118541033434655 0.03039513677811552 0.024316109422492415 0.03039513677811552 0.009118541033434655 0.012158054711246207 0.02127659574468086 0.024316109422492415 0.027355623100303966 0.03039513677811552 0.02127659574468086 0.009118541033434655 0.003039513677811552 0.003039513677811552 0.012158054711246207 0.012158054711246207 0.009118541033434655 0.009118541033434655 0.009118541033434655 0.006079027355623104 0.024316109422492415 0.03039513677811552 0.01823708206686931 0.024316109422492415 0.01823708206686931 0.003039513677811552 0.006079027355623104 0.0 
0.011461318051575934 0.020057306590257888 0.02865329512893984 0.008595988538681952 0.025787965616045853 0.02292263610315187 0.017191977077363904 0.020057306590257888 0.020057306590257888 0.01432664756446992 0.020057306590257888 0.025787965616045853 0.02865329512893984 0.008595988538681952 0.005730659025787967 0.017191977077363904 0.02865329512893984 0.02865329512893984 0.005730659025787967 0.02865329512893984 0.02865329512893984 0.017191977077363904 0.017191977077363904 0.005730659025787967 0.01432664756446992 0.01432664756446992 0.02292263610315187 0.008595988538681952 0.02292263610315187 0.01432664756446992 0.011461318051575934 0.005730659025787967 0.0028653295128939836 0.0028653295128939836 0.01432664756446992 0.025787965616045853 0.0028653295128939836 0.01432664756446992 0.02865329512893984 0.008595988538681952 0.01432664756446992 0.02292263610315187 0.020057306590257888 0.008595988538681952 0.02865329512893984 0.017191977077363904 0.011461318051575934 0.02865329512893984 0.02292263610315187 0.01432664756446992 0.005730659025787967 0.0028653295128939836 0.02865329512893984 0.017191977077363904 0.01432664756446992 0.01432664756446992 0.01432664756446992 0.011461318051575934 0.02865329512893984 0.0028653295128939836 0.0 
0.005555555555555553 0.01666666666666666 0.019444444444444438 0.01666666666666666 0.01666666666666666 0.027777777777777762 0.019444444444444438 0.019444444444444438 0.027777777777777762 0.01666666666666666 0.01666666666666666 0.011111111111111106 0.02499999999999999 0.019444444444444438 0.013888888888888881 0.00833333333333333 0.02499999999999999 0.027777777777777762 0.027777777777777762 0.011111111111111106 0.027777777777777762 0.00833333333333333 0.019444444444444438 0.013888888888888881 0.019444444444444438 0.019444444444444438 0.02499999999999999 0.005555555555555553 0.019444444444444438 0.027777777777777762 0.01666666666666666 0.019444444444444438 0.02499999999999999 0.019444444444444438 0.005555555555555553 0.027777777777777762 0.005555555555555553 0.0027777777777777766 0.0027777777777777766 0.027777777777777762 0.01666666666666666 0.0027777777777777766 0.01666666666666666 0.005555555555555553 0.02499999999999999 0.0027777777777777766 0.01666666666666666 0.005555555555555553 0.0027777777777777766 0.027777777777777762 0.0027777777777777766 0.01666666666666666 0.02499999999999999 0.019444444444444438 0.005555555555555553 0.011111111111111106 0.022222222222222213 0.01666666666666666 0.022222222222222213 0.02499999999999999 0.0 
0.0032258064516129045 0.032258064516129045 0.006451612903225809 0.006451612903225809 0.032258064516129045 0.006451612903225809 0.019354838709677427 0.0032258064516129045 0.006451612903225809 0.032258064516129045 0.029032258064516144 0.016129032258064523 0.029032258064516144 0.029032258064516144 0.009677419354838714 0.032258064516129045 0.0032258064516129045 0.006451612903225809 0.009677419354838714 0.006451612903225809 0.032258064516129045 0.02258064516129033 0.006451612903225809 0.025806451612903236 0.012903225806451618 0.025806451612903236 0.019354838709677427 0.032258064516129045 0.012903225806451618 0.0032258064516129045 0.019354838709677427 0.006451612903225809 0.025806451612903236 0.016129032258064523 0.016129032258064523 0.019354838709677427 0.006451612903225809 0.025806451612903236 0.032258064516129045 0.0032258064516129045 0.02258064516129033 0.032258064516129045 0.025806451612903236 0.0032258064516129045 0.006451612903225809 0.025806451612903236 0.016129032258064523 0.0032258064516129045 0.0032258064516129045 0.009677419354838714 0.025806451612903236 0.0032258064516129045 0.006451612903225809 0.029032258064516144 0.019354838709677427 0.0032258064516129045 0.009677419354838714 0.025806451612903236 0.032258064516129045 0.012903225806451618 0.0 
0.022222222222222227 0.028571428571428577 0.022222222222222227 0.012698412698412702 0.012698412698412702 0.012698412698412702 0.009523809523809526 0.028571428571428577 0.03174603174603175 0.009523809523809526 0.015873015873015876 0.028571428571428577 0.015873015873015876 0.012698412698412702 0.006349206349206351 0.015873015873015876 0.006349206349206351 0.025396825396825404 0.025396825396825404 0.015873015873015876 0.028571428571428577 0.022222222222222227 0.015873015873015876 0.006349206349206351 0.028571428571428577 0.03174603174603175 0.0031746031746031755 0.015873015873015876 0.015873015873015876 0.009523809523809526 0.006349206349206351 0.019047619047619053 0.03174603174603175 0.025396825396825404 0.009523809523809526 0.012698412698412702 0.006349206349206351 0.025396825396825404 0.022222222222222227 0.022222222222222227 0.012698412698412702 0.012698412698412702 0.015873015873015876 0.0031746031746031755 0.022222222222222227 0.009523809523809526 0.015873015873015876 0.009523809523809526 0.015873015873015876 0.0031746031746031755 0.009523809523809526 0.0031746031746031755 0.006349206349206351 0.019047619047619053 0.015873015873015876 0.015873015873015876 0.019047619047619053 0.028571428571428577 0.025396825396825404 0.019047619047619053 0.0 
0.006711409395973154 0.003355704697986577 0.006711409395973154 0.03355704697986577 0.026845637583892617 0.020134228187919462 0.003355704697986577 0.030201342281879196 0.016778523489932886 0.010067114093959731 0.030201342281879196 0.026845637583892617 0.006711409395973154 0.006711409395973154 0.010067114093959731 0.003355704697986577 0.013422818791946308 0.02348993288590604 0.013422818791946308 0.016778523489932886 0.010067114093959731 0.026845637583892617 0.02348993288590604 0.03355704697986577 0.013422818791946308 0.026845637583892617 0.010067114093959731 0.016778523489932886 0.013422818791946308 0.006711409395973154 0.013422818791946308 0.030201342281879196 0.010067114093959731 0.020134228187919462 0.013422818791946308 0.030201342281879196 0.020134228187919462 0.010067114093959731 0.003355704697986577 0.016778523489932886 0.006711409395973154 0.016778523489932886 0.003355704697986577 0.013422818791946308 0.02348993288590604 0.020134228187919462 0.016778523489932886 0.026845637583892617 0.020134228187919462 0.016778523489932886 0.016778523489932886 0.026845637583892617 0.020134228187919462 0.030201342281879196 0.026845637583892617 0.013422818791946308 0.003355704697986577 0.006711409395973154 0.010067114093959731 0.02348993288590604 0.0 
0.01944444444444444 0.02222222222222222 0.024999999999999994 0.016666666666666663 0.005555555555555555 0.01944444444444444 0.008333333333333331 0.02222222222222222 0.005555555555555555 0.016666666666666663 0.02777777777777777 0.01944444444444444 0.02777777777777777 0.02222222222222222 0.02222222222222222 0.008333333333333331 0.005555555555555555 0.024999999999999994 0.01944444444444444 0.02777777777777777 0.008333333333333331 0.0027777777777777775 0.016666666666666663 0.01944444444444444 0.01944444444444444 0.016666666666666663 0.0027777777777777775 0.01944444444444444 0.01944444444444444 0.013888888888888885 0.016666666666666663 0.005555555555555555 0.016666666666666663 0.01944444444444444 0.005555555555555555 0.02222222222222222 0.01111111111111111 0.008333333333333331 0.0027777777777777775 0.0027777777777777775 0.01944444444444444 0.02777777777777777 0.024999999999999994 0.02777777777777777 0.013888888888888885 0.01944444444444444 0.005555555555555555 0.0027777777777777775 0.016666666666666663 0.01944444444444444 0.02222222222222222 0.02777777777777777 0.024999999999999994 0.02777777777777777 0.01944444444444444 0.013888888888888885 0.02777777777777777 0.01944444444444444 0.01944444444444444 0.0027777777777777775 0.0 
0.023460410557184768 0.026392961876832863 0.005865102639296192 0.017595307917888575 0.005865102639296192 0.011730205278592384 0.02932551319648096 0.008797653958944288 0.01466275659824048 0.011730205278592384 0.005865102639296192 0.011730205278592384 0.008797653958944288 0.01466275659824048 0.023460410557184768 0.01466275659824048 0.01466275659824048 0.02932551319648096 0.026392961876832863 0.008797653958944288 0.026392961876832863 0.023460410557184768 0.02932551319648096 0.02052785923753667 0.005865102639296192 0.02932551319648096 0.026392961876832863 0.002932551319648096 0.01466275659824048 0.002932551319648096 0.005865102639296192 0.023460410557184768 0.005865102639296192 0.026392961876832863 0.01466275659824048 0.023460410557184768 0.017595307917888575 0.008797653958944288 0.026392961876832863 0.002932551319648096 0.011730205278592384 0.026392961876832863 0.026392961876832863 0.02052785923753667 0.023460410557184768 0.002932551319648096 0.008797653958944288 0.005865102639296192 0.01466275659824048 0.02932551319648096 0.011730205278592384 0.002932551319648096 0.02932551319648096 0.02932551319648096 0.026392961876832863 0.02052785923753667 0.017595307917888575 0.023460410557184768 0.008797653958944288 0.008797653958944288 0.0 
0.013605442176870739 0.0034013605442176848 0.017006802721088426 0.03401360544217685 0.03401360544217685 0.0034013605442176848 0.010204081632653053 0.0068027210884353696 0.010204081632653053 0.010204081632653053 0.0068027210884353696 0.017006802721088426 0.017006802721088426 0.0034013605442176848 0.02380952380952379 0.010204081632653053 0.0034013605442176848 0.0068027210884353696 0.020408163265306107 0.020408163265306107 0.03401360544217685 0.03401360544217685 0.027210884353741478 0.020408163265306107 0.017006802721088426 0.013605442176870739 0.0068027210884353696 0.017006802721088426 0.02380952380952379 0.017006802721088426 0.03401360544217685 0.0068027210884353696 0.010204081632653053 0.020408163265306107 0.013605442176870739 0.02380952380952379 0.017006802721088426 0.020408163265306107 0.030612244897959162 0.0034013605442176848 0.0034013605442176848 0.020408163265306107 0.0034013605442176848 0.013605442176870739 0.020408163265306107 0.0034013605442176848 0.020408163265306107 0.017006802721088426 0.010204081632653053 0.010204081632653053 0.02380952380952379 0.0068027210884353696 0.013605442176870739 0.017006802721088426 0.030612244897959162 0.030612244897959162 0.02380952380952379 0.03401360544217685 0.02380952380952379 0.010204081632653053 0.0 
0.005509641873278236 0.008264462809917354 0.02754820936639118 0.022038567493112945 0.02754820936639118 0.016528925619834708 0.002754820936639118 0.019283746556473826 0.016528925619834708 0.022038567493112945 0.008264462809917354 0.002754820936639118 0.019283746556473826 0.01377410468319559 0.011019283746556472 0.011019283746556472 0.01377410468319559 0.019283746556473826 0.02479338842975206 0.02754820936639118 0.02479338842975206 0.005509641873278236 0.02754820936639118 0.01377410468319559 0.02479338842975206 0.005509641873278236 0.01377410468319559 0.016528925619834708 0.002754820936639118 0.016528925619834708 0.011019283746556472 0.01377410468319559 0.008264462809917354 0.011019283746556472 0.01377410468319559 0.016528925619834708 0.005509641873278236 0.019283746556473826 0.019283746556473826 0.01377410468319559 0.02479338842975206 0.005509641873278236 0.019283746556473826 0.022038567493112945 0.02754820936639118 0.01377410468319559 0.02479338842975206 0.016528925619834708 0.01377410468319559 0.02754820936639118 0.019283746556473826 0.019283746556473826 0.02479338842975206 0.016528925619834708 0.022038567493112945 0.02479338842975206 0.019283746556473826 0.02479338842975206 0.01377410468319559 0.016528925619834708 0.0 
0.021538461538461527 0.018461538461538456 0.0030769230769230756 0.0030769230769230756 0.009230769230769228 0.024615384615384605 0.006153846153846151 0.0030769230769230756 0.02769230769230768 0.009230769230769228 0.021538461538461527 0.021538461538461527 0.015384615384615379 0.021538461538461527 0.0030769230769230756 0.02769230769230768 0.0030769230769230756 0.012307692307692302 0.021538461538461527 0.02769230769230768 0.02769230769230768 0.015384615384615379 0.006153846153846151 0.018461538461538456 0.021538461538461527 0.018461538461538456 0.024615384615384605 0.021538461538461527 0.021538461538461527 0.021538461538461527 0.009230769230769228 0.006153846153846151 0.0030769230769230756 0.02769230769230768 0.009230769230769228 0.012307692307692302 0.0030769230769230756 0.0030769230769230756 0.015384615384615379 0.030769230769230757 0.02769230769230768 0.021538461538461527 0.030769230769230757 0.030769230769230757 0.030769230769230757 0.009230769230769228 0.024615384615384605 0.009230769230769228 0.018461538461538456 0.012307692307692302 0.0030769230769230756 0.02769230769230768 0.009230769230769228 0.006153846153846151 0.030769230769230757 0.024615384615384605 0.0030769230769230756 0.012307692307692302 0.018461538461538456 0.030769230769230757 0.0 
0.002906976744186044 0.02906976744186044 0.02034883720930231 0.008720930232558132 0.02906976744186044 0.026162790697674396 0.026162790697674396 0.01453488372093022 0.002906976744186044 0.011627906976744175 0.011627906976744175 0.01453488372093022 0.008720930232558132 0.011627906976744175 0.02906976744186044 0.02325581395348835 0.002906976744186044 0.026162790697674396 0.02034883720930231 0.005813953488372088 0.008720930232558132 0.02906976744186044 0.02325581395348835 0.011627906976744175 0.01453488372093022 0.008720930232558132 0.02034883720930231 0.02325581395348835 0.02034883720930231 0.017441860465116265 0.008720930232558132 0.008720930232558132 0.01453488372093022 0.005813953488372088 0.02906976744186044 0.011627906976744175 0.008720930232558132 0.011627906976744175 0.017441860465116265 0.02906976744186044 0.02325581395348835 0.008720930232558132 0.026162790697674396 0.02325581395348835 0.005813953488372088 0.005813953488372088 0.02325581395348835 0.008720930232558132 0.02325581395348835 0.017441860465116265 0.02325581395348835 0.002906976744186044 0.002906976744186044 0.02906976744186044 0.02906976744186044 0.011627906976744175 0.026162790697674396 0.008720930232558132 0.02325581395348835 0.02906976744186044 0.0 
0.01863354037267081 0.006211180124223604 0.01552795031055901 0.006211180124223604 0.009316770186335406 0.03105590062111802 0.02795031055900622 0.01552795031055901 0.012422360248447208 0.009316770186335406 0.01552795031055901 0.02795031055900622 0.01552795031055901 0.009316770186335406 0.012422360248447208 0.006211180124223604 0.006211180124223604 0.02173913043478261 0.006211180124223604 0.02173913043478261 0.012422360248447208 0.01863354037267081 0.024844720496894415 0.012422360248447208 0.03105590062111802 0.012422360248447208 0.02795031055900622 0.009316770186335406 0.006211180124223604 0.006211180124223604 0.01863354037267081 0.024844720496894415 0.003105590062111802 0.006211180124223604 0.03105590062111802 0.01552795031055901 0.006211180124223604 0.024844720496894415 0.02173913043478261 0.01863354037267081 0.01863354037267081 0.024844720496894415 0.01552795031055901 0.003105590062111802 0.03105590062111802 0.02795031055900622 0.01552795031055901 0.006211180124223604 0.01552795031055901 0.02173913043478261 0.02173913043478261 0.009316770186335406 0.03105590062111802 0.02173913043478261 0.009316770186335406 0.03105590062111802 0.01552795031055901 0.02173913043478261 0.012422360248447208 0.01863354037267081 0.0 
0.005917159763313608 0.005917159763313608 0.005917159763313608 0.02958579881656804 0.026627218934911236 0.005917159763313608 0.017751479289940825 0.008875739644970413 0.017751479289940825 0.01479289940828402 0.01479289940828402 0.008875739644970413 0.005917159763313608 0.02366863905325443 0.017751479289940825 0.008875739644970413 0.01479289940828402 0.02366863905325443 0.011834319526627215 0.005917159763313608 0.017751479289940825 0.002958579881656804 0.01479289940828402 0.02366863905325443 0.02366863905325443 0.026627218934911236 0.01479289940828402 0.011834319526627215 0.008875739644970413 0.026627218934911236 0.026627218934911236 0.011834319526627215 0.02958579881656804 0.002958579881656804 0.008875739644970413 0.017751479289940825 0.011834319526627215 0.017751479289940825 0.011834319526627215 0.02958579881656804 0.008875739644970413 0.01479289940828402 0.026627218934911236 0.026627218934911236 0.02366863905325443 0.02366863905325443 0.008875739644970413 0.02958579881656804 0.01479289940828402 0.02071005917159763 0.02071005917159763 0.011834319526627215 0.026627218934911236 0.02071005917159763 0.008875739644970413 0.02366863905325443 0.02071005917159763 0.002958579881656804 0.02071005917159763 0.02958579881656804 0.0 
0.019943019943019946 0.019943019943019946 0.019943019943019946 0.014245014245014247 0.028490028490028494 0.0170940170940171 0.022792022792022797 0.011396011396011398 0.00854700854700855 0.028490028490028494 0.011396011396011398 0.019943019943019946 0.005698005698005699 0.022792022792022797 0.019943019943019946 0.011396011396011398 0.025641025641025644 0.025641025641025644 0.0170940170940171 0.025641025641025644 0.0028490028490028496 0.022792022792022797 0.00854700854700855 0.019943019943019946 0.025641025641025644 0.0028490028490028496 0.014245014245014247 0.025641025641025644 0.011396011396011398 0.011396011396011398 0.019943019943019946 0.014245014245014247 0.025641025641025644 0.025641025641025644 0.028490028490028494 0.0028490028490028496 0.0028490028490028496 0.019943019943019946 0.0170940170940171 0.019943019943019946 0.0170940170940171 0.025641025641025644 0.022792022792022797 0.00854700854700855 0.022792022792022797 0.00854700854700855 0.011396011396011398 0.0170940170940171 0.0170940170940171 0.011396011396011398 0.00854700854700855 0.005698005698005699 0.022792022792022797 0.028490028490028494 0.022792022792022797 0.00854700854700855 0.022792022792022797 0.0028490028490028496 0.00854700854700855 0.00854700854700855 0.0 
0.025495750708215286 0.02266288951841359 0.02266288951841359 0.025495750708215286 0.02266288951841359 0.0028328611898016985 0.011331444759206794 0.0028328611898016985 0.014164305949008492 0.02266288951841359 0.0028328611898016985 0.028328611898016984 0.02266288951841359 0.019830028328611887 0.005665722379603397 0.02266288951841359 0.028328611898016984 0.028328611898016984 0.02266288951841359 0.014164305949008492 0.014164305949008492 0.02266288951841359 0.019830028328611887 0.019830028328611887 0.005665722379603397 0.028328611898016984 0.014164305949008492 0.019830028328611887 0.0028328611898016985 0.011331444759206794 0.0028328611898016985 0.028328611898016984 0.005665722379603397 0.028328611898016984 0.005665722379603397 0.0028328611898016985 0.019830028328611887 0.008498583569405097 0.028328611898016984 0.008498583569405097 0.019830028328611887 0.016997167138810193 0.005665722379603397 0.014164305949008492 0.008498583569405097 0.02266288951841359 0.025495750708215286 0.011331444759206794 0.028328611898016984 0.0028328611898016985 0.025495750708215286 0.011331444759206794 0.019830028328611887 0.02266288951841359 0.005665722379603397 0.025495750708215286 0.0028328611898016985 0.008498583569405097 0.028328611898016984 0.028328611898016984 0.0 
0.0030959752321981426 0.02786377708978328 0.015479876160990712 0.01238390092879257 0.02786377708978328 0.015479876160990712 0.006191950464396285 0.030959752321981424 0.02476780185758514 0.02476780185758514 0.02476780185758514 0.01238390092879257 0.02476780185758514 0.009287925696594427 0.009287925696594427 0.009287925696594427 0.02786377708978328 0.018575851393188854 0.006191950464396285 0.021671826625386997 0.006191950464396285 0.018575851393188854 0.02786377708978328 0.009287925696594427 0.0030959752321981426 0.0030959752321981426 0.030959752321981424 0.030959752321981424 0.02476780185758514 0.01238390092879257 0.018575851393188854 0.015479876160990712 0.006191950464396285 0.021671826625386997 0.021671826625386997 0.015479876160990712 0.018575851393188854 0.0030959752321981426 0.021671826625386997 0.006191950464396285 0.018575851393188854 0.01238390092879257 0.030959752321981424 0.0030959752321981426 0.015479876160990712 0.030959752321981424 0.009287925696594427 0.030959752321981424 0.009287925696594427 0.01238390092879257 0.009287925696594427 0.015479876160990712 0.018575851393188854 0.021671826625386997 0.021671826625386997 0.021671826625386997 0.018575851393188854 0.015479876160990712 0.01238390092879257 0.0030959752321981426 0.0 
0.019607843137254898 0.019607843137254898 0.013071895424836598 0.022875816993464047 0.01633986928104575 0.0032679738562091496 0.006535947712418299 0.022875816993464047 0.026143790849673196 0.013071895424836598 0.006535947712418299 0.0032679738562091496 0.0326797385620915 0.0032679738562091496 0.006535947712418299 0.006535947712418299 0.0326797385620915 0.006535947712418299 0.026143790849673196 0.013071895424836598 0.022875816993464047 0.0032679738562091496 0.019607843137254898 0.026143790849673196 0.009803921568627449 0.006535947712418299 0.01633986928104575 0.026143790849673196 0.009803921568627449 0.009803921568627449 0.006535947712418299 0.0032679738562091496 0.0326797385620915 0.0032679738562091496 0.026143790849673196 0.022875816993464047 0.026143790849673196 0.0326797385620915 0.026143790849673196 0.0326797385620915 0.0032679738562091496 0.0326797385620915 0.013071895424836598 0.0326797385620915 0.01633986928104575 0.01633986928104575 0.01633986928104575 0.029411764705882346 0.029411764705882346 0.006535947712418299 0.019607843137254898 0.006535947712418299 0.01633986928104575 0.019607843137254898 0.0032679738562091496 0.013071895424836598 0.019607843137254898 0.0326797385620915 0.006535947712418299 0.0032679738562091496 0.0 
0.01194029850746269 0.017910447761194034 0.008955223880597017 0.01194029850746269 0.017910447761194034 0.008955223880597017 0.017910447761194034 0.020895522388059706 0.02686567164179105 0.01194029850746269 0.0029850746268656725 0.005970149253731345 0.02686567164179105 0.017910447761194034 0.01194029850746269 0.02388059701492538 0.02388059701492538 0.029850746268656723 0.01194029850746269 0.005970149253731345 0.01194029850746269 0.017910447761194034 0.005970149253731345 0.02388059701492538 0.005970149253731345 0.029850746268656723 0.008955223880597017 0.02388059701492538 0.01194029850746269 0.005970149253731345 0.02388059701492538 0.005970149253731345 0.0029850746268656725 0.01194029850746269 0.02686567164179105 0.029850746268656723 0.029850746268656723 0.02388059701492538 0.005970149253731345 0.01194029850746269 0.005970149253731345 0.02388059701492538 0.029850746268656723 0.005970149253731345 0.020895522388059706 0.017910447761194034 0.01194029850746269 0.029850746268656723 0.020895522388059706 0.02686567164179105 0.014925373134328361 0.02388059701492538 0.020895522388059706 0.017910447761194034 0.01194029850746269 0.029850746268656723 0.020895522388059706 0.005970149253731345 0.005970149253731345 0.017910447761194034 0.0 
0.006349206349206349 0.006349206349206349 0.006349206349206349 0.012698412698412698 0.012698412698412698 0.009523809523809525 0.022222222222222223 0.02857142857142857 0.031746031746031744 0.025396825396825397 0.031746031746031744 0.006349206349206349 0.015873015873015872 0.012698412698412698 0.0031746031746031746 0.01904761904761905 0.012698412698412698 0.02857142857142857 0.015873015873015872 0.009523809523809525 0.02857142857142857 0.006349206349206349 0.009523809523809525 0.009523809523809525 0.012698412698412698 0.006349206349206349 0.01904761904761905 0.02857142857142857 0.022222222222222223 0.031746031746031744 0.025396825396825397 0.009523809523809525 0.025396825396825397 0.012698412698412698 0.006349206349206349 0.0031746031746031746 0.031746031746031744 0.025396825396825397 0.01904761904761905 0.022222222222222223 0.025396825396825397 0.012698412698412698 0.012698412698412698 0.012698412698412698 0.006349206349206349 0.015873015873015872 0.01904761904761905 0.009523809523809525 0.012698412698412698 0.009523809523809525 0.022222222222222223 0.012698412698412698 0.022222222222222223 0.022222222222222223 0.02857142857142857 0.009523809523809525 0.025396825396825397 0.022222222222222223 0.006349206349206349 0.01904761904761905 0.0 
0.0211267605633803 0.01056338028169015 0.03169014084507045 0.0211267605633803 0.007042253521126766 0.01056338028169015 0.014084507042253532 0.007042253521126766 0.02464788732394368 0.007042253521126766 0.01056338028169015 0.01056338028169015 0.003521126760563383 0.017605633802816916 0.028169014084507064 0.003521126760563383 0.003521126760563383 0.03521126760563383 0.017605633802816916 0.014084507042253532 0.007042253521126766 0.02464788732394368 0.007042253521126766 0.03169014084507045 0.014084507042253532 0.007042253521126766 0.014084507042253532 0.03169014084507045 0.02464788732394368 0.0211267605633803 0.003521126760563383 0.02464788732394368 0.0211267605633803 0.02464788732394368 0.007042253521126766 0.01056338028169015 0.007042253521126766 0.017605633802816916 0.003521126760563383 0.0211267605633803 0.01056338028169015 0.014084507042253532 0.01056338028169015 0.03521126760563383 0.02464788732394368 0.014084507042253532 0.03169014084507045 0.03521126760563383 0.0211267605633803 0.014084507042253532 0.03521126760563383 0.007042253521126766 0.03169014084507045 0.007042253521126766 0.017605633802816916 0.014084507042253532 0.003521126760563383 0.03521126760563383 0.01056338028169015 0.003521126760563383 0.0 
0.008771929824561406 0.0029239766081871356 0.014619883040935679 0.02046783625730995 0.011695906432748543 0.02631578947368422 0.014619883040935679 0.0029239766081871356 0.02631578947368422 0.029239766081871357 0.017543859649122813 0.029239766081871357 0.017543859649122813 0.011695906432748543 0.023391812865497085 0.02046783625730995 0.017543859649122813 0.02631578947368422 0.023391812865497085 0.017543859649122813 0.008771929824561406 0.0029239766081871356 0.029239766081871357 0.023391812865497085 0.023391812865497085 0.005847953216374271 0.014619883040935679 0.0029239766081871356 0.02046783625730995 0.02046783625730995 0.005847953216374271 0.023391812865497085 0.011695906432748543 0.0029239766081871356 0.008771929824561406 0.02631578947368422 0.017543859649122813 0.011695906432748543 0.02046783625730995 0.0029239766081871356 0.011695906432748543 0.005847953216374271 0.011695906432748543 0.0029239766081871356 0.014619883040935679 0.02631578947368422 0.0029239766081871356 0.023391812865497085 0.02631578947368422 0.023391812865497085 0.02631578947368422 0.029239766081871357 0.029239766081871357 0.02046783625730995 0.029239766081871357 0.0029239766081871356 0.014619883040935679 0.008771929824561406 0.029239766081871357 0.014619883040935679 0.0 
0.0028011204481792717 0.0196078431372549 0.014005602240896359 0.0028011204481792717 0.022408963585434174 0.025210084033613446 0.028011204481792718 0.022408963585434174 0.014005602240896359 0.022408963585434174 0.025210084033613446 0.0028011204481792717 0.014005602240896359 0.025210084033613446 0.011204481792717087 0.0028011204481792717 0.01680672268907563 0.022408963585434174 0.022408963585434174 0.011204481792717087 0.022408963585434174 0.008403361344537815 0.011204481792717087 0.0196078431372549 0.01680672268907563 0.0028011204481792717 0.008403361344537815 0.011204481792717087 0.028011204481792718 0.022408963585434174 0.014005602240896359 0.014005602240896359 0.028011204481792718 0.011204481792717087 0.01680672268907563 0.014005602240896359 0.0196078431372549 0.008403361344537815 0.014005602240896359 0.008403361344537815 0.01680672268907563 0.025210084033613446 0.01680672268907563 0.025210084033613446 0.022408963585434174 0.008403361344537815 0.028011204481792718 0.0196078431372549 0.014005602240896359 0.0056022408963585435 0.022408963585434174 0.028011204481792718 0.0028011204481792717 0.008403361344537815 0.025210084033613446 0.0028011204481792717 0.025210084033613446 0.022408963585434174 0.028011204481792718 0.025210084033613446 0.0 
0.008823529411764707 0.02647058823529412 0.029411764705882356 0.017647058823529415 0.017647058823529415 0.014705882352941178 0.005882352941176471 0.008823529411764707 0.008823529411764707 0.02058823529411765 0.014705882352941178 0.008823529411764707 0.008823529411764707 0.017647058823529415 0.008823529411764707 0.008823529411764707 0.0029411764705882357 0.02058823529411765 0.02058823529411765 0.02058823529411765 0.029411764705882356 0.02647058823529412 0.0029411764705882357 0.02647058823529412 0.02647058823529412 0.005882352941176471 0.02647058823529412 0.02058823529411765 0.0029411764705882357 0.023529411764705885 0.029411764705882356 0.0029411764705882357 0.011764705882352943 0.023529411764705885 0.014705882352941178 0.0029411764705882357 0.02647058823529412 0.02058823529411765 0.008823529411764707 0.029411764705882356 0.02647058823529412 0.017647058823529415 0.029411764705882356 0.02058823529411765 0.014705882352941178 0.017647058823529415 0.02647058823529412 0.023529411764705885 0.005882352941176471 0.014705882352941178 0.008823529411764707 0.023529411764705885 0.014705882352941178 0.005882352941176471 0.005882352941176471 0.008823529411764707 0.014705882352941178 0.02647058823529412 0.023529411764705885 0.017647058823529415 0.0 
0.003424657534246575 0.00684931506849315 0.010273972602739725 0.0273972602739726 0.030821917808219176 0.010273972602739725 0.003424657534246575 0.010273972602739725 0.02054794520547945 0.030821917808219176 0.010273972602739725 0.00684931506849315 0.00684931506849315 0.010273972602739725 0.010273972602739725 0.03424657534246575 0.02054794520547945 0.010273972602739725 0.017123287671232876 0.030821917808219176 0.00684931506849315 0.030821917808219176 0.0136986301369863 0.0136986301369863 0.017123287671232876 0.0136986301369863 0.0136986301369863 0.017123287671232876 0.02054794520547945 0.017123287671232876 0.03424657534246575 0.023972602739726026 0.00684931506849315 0.003424657534246575 0.00684931506849315 0.0273972602739726 0.003424657534246575 0.030821917808219176 0.023972602739726026 0.003424657534246575 0.023972602739726026 0.010273972602739725 0.02054794520547945 0.02054794520547945 0.0273972602739726 0.0136986301369863 0.030821917808219176 0.003424657534246575 0.023972602739726026 0.00684931506849315 0.010273972602739725 0.02054794520547945 0.00684931506849315 0.003424657534246575 0.03424657534246575 0.0136986301369863 0.0273972602739726 0.0273972602739726 0.017123287671232876 0.017123287671232876 0.0 
0.012195121951219504 0.003048780487804876 0.024390243902439008 0.027439024390243885 0.024390243902439008 0.009146341463414627 0.003048780487804876 0.018292682926829253 0.027439024390243885 0.01524390243902438 0.027439024390243885 0.027439024390243885 0.01524390243902438 0.012195121951219504 0.024390243902439008 0.003048780487804876 0.021341463414634134 0.021341463414634134 0.018292682926829253 0.006097560975609752 0.01524390243902438 0.018292682926829253 0.012195121951219504 0.024390243902439008 0.01524390243902438 0.003048780487804876 0.009146341463414627 0.03048780487804876 0.012195121951219504 0.027439024390243885 0.009146341463414627 0.006097560975609752 0.006097560975609752 0.006097560975609752 0.009146341463414627 0.006097560975609752 0.018292682926829253 0.03048780487804876 0.021341463414634134 0.018292682926829253 0.024390243902439008 0.021341463414634134 0.03048780487804876 0.027439024390243885 0.021341463414634134 0.009146341463414627 0.012195121951219504 0.024390243902439008 0.027439024390243885 0.006097560975609752 0.012195121951219504 0.024390243902439008 0.006097560975609752 0.003048780487804876 0.03048780487804876 0.018292682926829253 0.018292682926829253 0.009146341463414627 0.009146341463414627 0.024390243902439008 0.0 
0.025641025641025644 0.014245014245014247 0.011396011396011398 0.025641025641025644 0.028490028490028494 0.011396011396011398 0.011396011396011398 0.011396011396011398 0.022792022792022797 0.022792022792022797 0.0170940170940171 0.022792022792022797 0.022792022792022797 0.00854700854700855 0.025641025641025644 0.011396011396011398 0.011396011396011398 0.00854700854700855 0.005698005698005699 0.00854700854700855 0.025641025641025644 0.028490028490028494 0.019943019943019946 0.011396011396011398 0.025641025641025644 0.0028490028490028496 0.0028490028490028496 0.019943019943019946 0.014245014245014247 0.014245014245014247 0.022792022792022797 0.022792022792022797 0.014245014245014247 0.028490028490028494 0.011396011396011398 0.005698005698005699 0.019943019943019946 0.019943019943019946 0.014245014245014247 0.011396011396011398 0.028490028490028494 0.0028490028490028496 0.019943019943019946 0.00854700854700855 0.00854700854700855 0.025641025641025644 0.028490028490028494 0.011396011396011398 0.0028490028490028496 0.022792022792022797 0.028490028490028494 0.011396011396011398 0.00854700854700855 0.025641025641025644 0.022792022792022797 0.019943019943019946 0.0170940170940171 0.014245014245014247 0.025641025641025644 0.0028490028490028496 0.0 
0.021220159151193622 0.01591511936339522 0.010610079575596811 0.013262599469496017 0.01591511936339522 0.021220159151193622 0.00795755968169761 0.01591511936339522 0.013262599469496017 0.018567639257294422 0.023872679045092826 0.026525198938992033 0.021220159151193622 0.023872679045092826 0.023872679045092826 0.005305039787798406 0.026525198938992033 0.023872679045092826 0.013262599469496017 0.01591511936339522 0.023872679045092826 0.018567639257294422 0.026525198938992033 0.005305039787798406 0.023872679045092826 0.013262599469496017 0.002652519893899203 0.013262599469496017 0.01591511936339522 0.021220159151193622 0.018567639257294422 0.026525198938992033 0.023872679045092826 0.013262599469496017 0.005305039787798406 0.026525198938992033 0.026525198938992033 0.01591511936339522 0.013262599469496017 0.023872679045092826 0.026525198938992033 0.013262599469496017 0.002652519893899203 0.010610079575596811 0.018567639257294422 0.026525198938992033 0.010610079575596811 0.026525198938992033 0.026525198938992033 0.002652519893899203 0.010610079575596811 0.026525198938992033 0.002652519893899203 0.013262599469496017 0.018567639257294422 0.002652519893899203 0.018567639257294422 0.018567639257294422 0.002652519893899203 0.005305039787798406 0.0 
0.009316770186335411 0.024844720496894426 0.018633540372670822 0.031055900621118033 0.018633540372670822 0.021739130434782622 0.031055900621118033 0.024844720496894426 0.015527950310559016 0.003105590062111803 0.012422360248447213 0.018633540372670822 0.006211180124223606 0.02795031055900623 0.012422360248447213 0.02795031055900623 0.021739130434782622 0.006211180124223606 0.02795031055900623 0.021739130434782622 0.015527950310559016 0.015527950310559016 0.012422360248447213 0.021739130434782622 0.018633540372670822 0.009316770186335411 0.015527950310559016 0.031055900621118033 0.021739130434782622 0.031055900621118033 0.009316770186335411 0.006211180124223606 0.02795031055900623 0.003105590062111803 0.006211180124223606 0.015527950310559016 0.012422360248447213 0.031055900621118033 0.031055900621118033 0.003105590062111803 0.006211180124223606 0.006211180124223606 0.021739130434782622 0.003105590062111803 0.015527950310559016 0.031055900621118033 0.006211180124223606 0.015527950310559016 0.024844720496894426 0.006211180124223606 0.009316770186335411 0.003105590062111803 0.003105590062111803 0.018633540372670822 0.02795031055900623 0.015527950310559016 0.009316770186335411 0.024844720496894426 0.021739130434782622 0.009316770186335411 0.0 
0.027950310559006215 0.015527950310559008 0.015527950310559008 0.02484472049689441 0.031055900621118016 0.015527950310559008 0.006211180124223603 0.027950310559006215 0.0031055900621118015 0.01863354037267081 0.015527950310559008 0.02173913043478261 0.0031055900621118015 0.01863354037267081 0.012422360248447206 0.012422360248447206 0.02484472049689441 0.006211180124223603 0.01863354037267081 0.015527950310559008 0.015527950310559008 0.01863354037267081 0.02484472049689441 0.02484472049689441 0.015527950310559008 0.02173913043478261 0.012422360248447206 0.009316770186335406 0.027950310559006215 0.015527950310559008 0.01863354037267081 0.009316770186335406 0.01863354037267081 0.02173913043478261 0.006211180124223603 0.012422360248447206 0.01863354037267081 0.01863354037267081 0.01863354037267081 0.0031055900621118015 0.012422360248447206 0.006211180124223603 0.015527950310559008 0.012422360248447206 0.02173913043478261 0.031055900621118016 0.0031055900621118015 0.0031055900621118015 0.0031055900621118015 0.006211180124223603 0.02484472049689441 0.0031055900621118015 0.031055900621118016 0.006211180124223603 0.02484472049689441 0.027950310559006215 0.01863354037267081 0.02173913043478261 0.031055900621118016 0.027950310559006215 0.0 
0.010989010989010993 0.021978021978021987 0.029304029304029314 0.014652014652014657 0.0036630036630036643 0.03296703296703298 0.010989010989010993 0.007326007326007329 0.018315018315018323 0.03296703296703298 0.007326007326007329 0.029304029304029314 0.007326007326007329 0.0036630036630036643 0.0036630036630036643 0.03296703296703298 0.014652014652014657 0.029304029304029314 0.010989010989010993 0.018315018315018323 0.010989010989010993 0.0036630036630036643 0.029304029304029314 0.021978021978021987 0.010989010989010993 0.010989010989010993 0.010989010989010993 0.010989010989010993 0.0036630036630036643 0.014652014652014657 0.018315018315018323 0.007326007326007329 0.036630036630036646 0.0036630036630036643 0.010989010989010993 0.025641025641025647 0.029304029304029314 0.029304029304029314 0.014652014652014657 0.0036630036630036643 0.014652014652014657 0.025641025641025647 0.007326007326007329 0.007326007326007329 0.014652014652014657 0.03296703296703298 0.018315018315018323 0.036630036630036646 0.025641025641025647 0.025641025641025647 0.029304029304029314 0.010989010989010993 0.0036630036630036643 0.007326007326007329 0.021978021978021987 0.010989010989010993 0.03296703296703298 0.010989010989010993 0.007326007326007329 0.007326007326007329 0.0 
0.019230769230769235 0.02243589743589744 0.02243589743589744 0.006410256410256412 0.02243589743589744 0.019230769230769235 0.02243589743589744 0.016025641025641028 0.016025641025641028 0.032051282051282055 0.012820512820512824 0.012820512820512824 0.02243589743589744 0.006410256410256412 0.006410256410256412 0.003205128205128206 0.019230769230769235 0.019230769230769235 0.003205128205128206 0.009615384615384618 0.02243589743589744 0.012820512820512824 0.02243589743589744 0.003205128205128206 0.012820512820512824 0.016025641025641028 0.019230769230769235 0.019230769230769235 0.025641025641025647 0.028846153846153855 0.019230769230769235 0.003205128205128206 0.025641025641025647 0.012820512820512824 0.02243589743589744 0.016025641025641028 0.019230769230769235 0.009615384615384618 0.02243589743589744 0.012820512820512824 0.028846153846153855 0.009615384615384618 0.009615384615384618 0.003205128205128206 0.019230769230769235 0.028846153846153855 0.019230769230769235 0.032051282051282055 0.019230769230769235 0.006410256410256412 0.02243589743589744 0.016025641025641028 0.012820512820512824 0.016025641025641028 0.006410256410256412 0.028846153846153855 0.025641025641025647 0.012820512820512824 0.016025641025641028 0.006410256410256412 0.0 
0.00961538461538462 0.003205128205128206 0.01923076923076924 0.03205128205128206 0.003205128205128206 0.006410256410256412 0.006410256410256412 0.028846153846153858 0.00961538461538462 0.003205128205128206 0.022435897435897443 0.012820512820512824 0.01923076923076924 0.00961538461538462 0.022435897435897443 0.01602564102564103 0.00961538461538462 0.012820512820512824 0.022435897435897443 0.01602564102564103 0.03205128205128206 0.003205128205128206 0.01602564102564103 0.022435897435897443 0.028846153846153858 0.00961538461538462 0.03205128205128206 0.028846153846153858 0.01602564102564103 0.025641025641025647 0.025641025641025647 0.03205128205128206 0.012820512820512824 0.00961538461538462 0.028846153846153858 0.022435897435897443 0.03205128205128206 0.003205128205128206 0.028846153846153858 0.028846153846153858 0.025641025641025647 0.003205128205128206 0.01602564102564103 0.006410256410256412 0.003205128205128206 0.028846153846153858 0.00961538461538462 0.028846153846153858 0.00961538461538462 0.006410256410256412 0.01602564102564103 0.00961538461538462 0.012820512820512824 0.006410256410256412 0.00961538461538462 0.01923076923076924 0.006410256410256412 0.03205128205128206 0.006410256410256412 0.01923076923076924 0.0 
0.0061919504643962835 0.021671826625386994 0.024767801857585134 0.0030959752321981417 0.0061919504643962835 0.021671826625386994 0.030959752321981417 0.009287925696594425 0.030959752321981417 0.0030959752321981417 0.021671826625386994 0.024767801857585134 0.0061919504643962835 0.0061919504643962835 0.012383900928792567 0.01857585139318885 0.027863777089783274 0.030959752321981417 0.01857585139318885 0.015479876160990709 0.009287925696594425 0.021671826625386994 0.027863777089783274 0.030959752321981417 0.0030959752321981417 0.0061919504643962835 0.015479876160990709 0.012383900928792567 0.024767801857585134 0.012383900928792567 0.009287925696594425 0.024767801857585134 0.030959752321981417 0.030959752321981417 0.024767801857585134 0.012383900928792567 0.0030959752321981417 0.024767801857585134 0.0030959752321981417 0.01857585139318885 0.01857585139318885 0.012383900928792567 0.009287925696594425 0.012383900928792567 0.009287925696594425 0.024767801857585134 0.030959752321981417 0.0030959752321981417 0.027863777089783274 0.027863777089783274 0.0030959752321981417 0.0030959752321981417 0.009287925696594425 0.01857585139318885 0.027863777089783274 0.0061919504643962835 0.012383900928792567 0.009287925696594425 0.030959752321981417 0.015479876160990709 0.0 
1.0 0.0 0.0 0.0 0.0 0.0 0.0 0.0 0.0 0.0 0.0 0.0 0.0 0.0 0.0 0.0 0.0 0.0 0.0 0.0 0.0 0.0 0.0 0.0 0.0 0.0 0.0 0.0 0.0 0.0 0.0 0.0 0.0 0.0 0.0 0.0 0.0 0.0 0.0 0.0 0.0 0.0 0.0 0.0 0.0 0.0 0.0 0.0 0.0 0.0 0.0 0.0 0.0 0.0 0.0 0.0 0.0 0.0 0.0 0.0 0.0 

emissions
1 1 1 1 1 1 1 1 1 1 1 1 1 1 1 1 1 1 1 1 1 1 1 1 1 1 1 1 1 1 1 1 1 1 1 1 1 1 1 1 1 1 1 1 1 1 1 1 1 1 1 1 1 1 1 1 1 1 1 0 0 
0 0 0 0 0 0 0 0 0 0 0 0 0 0 0 0 0 0 0 0 0 0 0 0 0 0 0 0 0 0 0 0 0 0 0 0 0 0 0 0 0 0 0 0 0 0 0 0 0 0 0 0 0 0 0 0 0 0 0 0 1 
0 0 0 0 0 0 0 0 0 0 0 0 0 0 0 0 0 0 0 0 0 0 0 0 0 0 0 0 0 0 0 0 0 0 0 0 0 0 0 0 0 0 0 0 0 0 0 0 0 0 0 0 0 0 0 0 0 0 0 1 0 
