states
0 1 2 3 4 5 6 7 8 9 10 11 12 13 14 15 16 17 18 19 20 21 22 23 24 25 26 27 28 29 30 31 32 33 34 35 36 37 38 39 40 41 42 43 44 45 46 47 48 49 50 51 52 53 54 55 56 57 58 59 60 61 62 63 64 65 66 67 68 
labels
empty init elected 
initial
0.0 0.0 0.0 0.0 0.0 0.0 0.0 0.0 0.0 0.0 0.0 0.0 0.0 0.0 0.0 0.0 0.0 0.0 0.0 0.0 0.0 0.0 0.0 0.0 0.0 0.0 0.0 0.0 0.0 0.0 0.0 0.0 0.0 0.0 0.0 0.0 0.0 0.0 0.0 0.0 0.0 0.0 0.0 0.0 0.0 0.0 0.0 0.0 0.0 0.0 0.0 0.0 0.0 0.0 0.0 0.0 0.0 0.0 0.0 0.0 0.0 0.0 0.0 0.0 0.0 0.0 0.0 0.0 1.0
transitions
0.015873015873015865 0.002645502645502644 0.010582010582010576 0.010582010582010576 0.021164021164021152 0.026455026455026443 0.010582010582010576 0.015873015873015865 0.007936507936507933 0.013227513227513222 0.021164021164021152 0.01851851851851851 0.023809523809523798 0.023809523809523798 0.005291005291005288 0.01851851851851851 0.021164021164021152 0.021164021164021152 0.023809523809523798 0.005291005291005288 0.015873015873015865 0.026455026455026443 0.023809523809523798 0.026455026455026443 0.013227513227513222 0.010582010582010576 0.002645502645502644 0.010582010582010576 0.015873015873015865 0.002645502645502644 0.007936507936507933 0.010582010582010576 0.023809523809523798 0.005291005291005288 0.010582010582010576 0.010582010582010576 0.010582010582010576 0.021164021164021152 0.002645502645502644 0.005291005291005288 0.026455026455026443 0.026455026455026443 0.002645502645502644 0.013227513227513222 0.021164021164021152 0.010582010582010576 0.007936507936507933 0.021164021164021152 0.007936507936507933 0.002645502645502644 0.002645502645502644 0.013227513227513222 0.015873015873015865 0.015873015873015865 0.01851851851851851 0.023809523809523798 0.013227513227513222 0.005291005291005288 0.013227513227513222 0.026455026455026443 0.023809523809523798 0.005291005291005288 0.005291005291005288 0.021164021164021152 0.026455026455026443 0.026455026455026443 0.010582010582010576 0.01851851851851851 0.0 
0.02469135802469134 0.009259259259259252 0.0030864197530864174 0.01234567901234567 0.018518518518518504 0.030864197530864175 0.015432098765432088 0.015432098765432088 0.021604938271604923 0.015432098765432088 0.015432098765432088 0.01234567901234567 0.015432098765432088 0.015432098765432088 0.02777777777777776 0.015432098765432088 0.01234567901234567 0.02469135802469134 0.018518518518518504 0.018518518518518504 0.0030864197530864174 0.006172839506172835 0.018518518518518504 0.030864197530864175 0.01234567901234567 0.0030864197530864174 0.018518518518518504 0.0030864197530864174 0.006172839506172835 0.009259259259259252 0.015432098765432088 0.009259259259259252 0.0030864197530864174 0.01234567901234567 0.009259259259259252 0.0030864197530864174 0.02469135802469134 0.018518518518518504 0.030864197530864175 0.0030864197530864174 0.009259259259259252 0.02469135802469134 0.009259259259259252 0.030864197530864175 0.009259259259259252 0.01234567901234567 0.01234567901234567 0.009259259259259252 0.01234567901234567 0.015432098765432088 0.006172839506172835 0.009259259259259252 0.030864197530864175 0.006172839506172835 0.015432098765432088 0.021604938271604923 0.02777777777777776 0.009259259259259252 0.01234567901234567 0.0030864197530864174 0.0030864197530864174 0.021604938271604923 0.0030864197530864174 0.021604938271604923 0.01234567901234567 0.01234567901234567 0.02777777777777776 0.02777777777777776 0.0 
0.021634615384615374 0.0072115384615384585 0.009615384615384612 0.0072115384615384585 0.002403846153846153 0.021634615384615374 0.021634615384615374 0.009615384615384612 0.021634615384615374 0.0072115384615384585 0.021634615384615374 0.012019230769230765 0.009615384615384612 0.002403846153846153 0.012019230769230765 0.009615384615384612 0.01682692307692307 0.02403846153846153 0.021634615384615374 0.002403846153846153 0.021634615384615374 0.014423076923076917 0.02403846153846153 0.002403846153846153 0.02403846153846153 0.01682692307692307 0.014423076923076917 0.009615384615384612 0.004807692307692306 0.021634615384615374 0.002403846153846153 0.012019230769230765 0.02403846153846153 0.01682692307692307 0.014423076923076917 0.019230769230769225 0.021634615384615374 0.021634615384615374 0.02403846153846153 0.0072115384615384585 0.021634615384615374 0.01682692307692307 0.01682692307692307 0.02403846153846153 0.004807692307692306 0.01682692307692307 0.021634615384615374 0.021634615384615374 0.009615384615384612 0.0072115384615384585 0.009615384615384612 0.01682692307692307 0.009615384615384612 0.01682692307692307 0.014423076923076917 0.019230769230769225 0.002403846153846153 0.021634615384615374 0.012019230769230765 0.01682692307692307 0.014423076923076917 0.021634615384615374 0.0072115384615384585 0.009615384615384612 0.02403846153846153 0.019230769230769225 0.014423076923076917 0.009615384615384612 0.0 
0.013550135501355014 0.016260162601626018 0.01084010840108401 0.01084010840108401 0.02168021680216802 0.02710027100271003 0.02710027100271003 0.02710027100271003 0.02168021680216802 0.01084010840108401 0.008130081300813009 0.01084010840108401 0.02710027100271003 0.02168021680216802 0.02168021680216802 0.016260162601626018 0.005420054200542005 0.008130081300813009 0.008130081300813009 0.024390243902439025 0.005420054200542005 0.016260162601626018 0.024390243902439025 0.013550135501355014 0.0027100271002710027 0.008130081300813009 0.016260162601626018 0.016260162601626018 0.0027100271002710027 0.024390243902439025 0.005420054200542005 0.005420054200542005 0.0027100271002710027 0.01084010840108401 0.024390243902439025 0.024390243902439025 0.013550135501355014 0.013550135501355014 0.0027100271002710027 0.02710027100271003 0.01084010840108401 0.02168021680216802 0.01084010840108401 0.008130081300813009 0.005420054200542005 0.005420054200542005 0.008130081300813009 0.005420054200542005 0.013550135501355014 0.008130081300813009 0.016260162601626018 0.016260162601626018 0.016260162601626018 0.008130081300813009 0.016260162601626018 0.02168021680216802 0.02168021680216802 0.018970189701897018 0.005420054200542005 0.018970189701897018 0.02168021680216802 0.008130081300813009 0.01084010840108401 0.005420054200542005 0.02710027100271003 0.016260162601626018 0.02710027100271003 0.02710027100271003 0.0 
0.008130081300813009 0.0027100271002710027 0.02710027100271003 0.005420054200542005 0.02710027100271003 0.0027100271002710027 0.018970189701897018 0.0027100271002710027 0.013550135501355014 0.024390243902439025 0.013550135501355014 0.01084010840108401 0.01084010840108401 0.024390243902439025 0.024390243902439025 0.02168021680216802 0.0027100271002710027 0.01084010840108401 0.024390243902439025 0.02168021680216802 0.02168021680216802 0.005420054200542005 0.024390243902439025 0.013550135501355014 0.02168021680216802 0.0027100271002710027 0.013550135501355014 0.02710027100271003 0.0027100271002710027 0.018970189701897018 0.013550135501355014 0.008130081300813009 0.013550135501355014 0.018970189701897018 0.01084010840108401 0.01084010840108401 0.02168021680216802 0.024390243902439025 0.016260162601626018 0.0027100271002710027 0.024390243902439025 0.016260162601626018 0.013550135501355014 0.02168021680216802 0.013550135501355014 0.005420054200542005 0.01084010840108401 0.01084010840108401 0.02710027100271003 0.008130081300813009 0.016260162601626018 0.008130081300813009 0.01084010840108401 0.016260162601626018 0.02168021680216802 0.008130081300813009 0.02168021680216802 0.005420054200542005 0.018970189701897018 0.016260162601626018 0.0027100271002710027 0.0027100271002710027 0.01084010840108401 0.005420054200542005 0.02710027100271003 0.02710027100271003 0.018970189701897018 0.018970189701897018 0.0 
0.02046035805626599 0.023017902813299237 0.023017902813299237 0.02046035805626599 0.0025575447570332487 0.023017902813299237 0.01790281329923274 0.023017902813299237 0.025575447570332487 0.023017902813299237 0.010230179028132995 0.01790281329923274 0.0051150895140664975 0.02046035805626599 0.012787723785166244 0.025575447570332487 0.007672634271099746 0.0025575447570332487 0.023017902813299237 0.007672634271099746 0.02046035805626599 0.023017902813299237 0.012787723785166244 0.012787723785166244 0.0051150895140664975 0.02046035805626599 0.01790281329923274 0.025575447570332487 0.012787723785166244 0.0051150895140664975 0.015345268542199492 0.025575447570332487 0.02046035805626599 0.0051150895140664975 0.010230179028132995 0.015345268542199492 0.02046035805626599 0.010230179028132995 0.01790281329923274 0.01790281329923274 0.02046035805626599 0.025575447570332487 0.0051150895140664975 0.025575447570332487 0.01790281329923274 0.0025575447570332487 0.010230179028132995 0.023017902813299237 0.012787723785166244 0.0051150895140664975 0.012787723785166244 0.015345268542199492 0.0025575447570332487 0.010230179028132995 0.0051150895140664975 0.012787723785166244 0.012787723785166244 0.012787723785166244 0.0025575447570332487 0.0025575447570332487 0.023017902813299237 0.012787723785166244 0.01790281329923274 0.025575447570332487 0.010230179028132995 0.010230179028132995 0.007672634271099746 0.0051150895140664975 0.0 
0.008196721311475405 0.005464480874316936 0.010928961748633873 0.01366120218579234 0.005464480874316936 0.005464480874316936 0.002732240437158468 0.021857923497267746 0.02459016393442621 0.01366120218579234 0.010928961748633873 0.01639344262295081 0.019125683060109276 0.010928961748633873 0.008196721311475405 0.02732240437158468 0.02459016393442621 0.005464480874316936 0.01366120218579234 0.002732240437158468 0.02459016393442621 0.010928961748633873 0.02732240437158468 0.01639344262295081 0.01639344262295081 0.005464480874316936 0.021857923497267746 0.02459016393442621 0.019125683060109276 0.01366120218579234 0.021857923497267746 0.010928961748633873 0.01639344262295081 0.010928961748633873 0.019125683060109276 0.01366120218579234 0.021857923497267746 0.010928961748633873 0.002732240437158468 0.01639344262295081 0.02732240437158468 0.010928961748633873 0.021857923497267746 0.01639344262295081 0.01639344262295081 0.02459016393442621 0.002732240437158468 0.02459016393442621 0.010928961748633873 0.019125683060109276 0.02732240437158468 0.010928961748633873 0.008196721311475405 0.021857923497267746 0.002732240437158468 0.010928961748633873 0.002732240437158468 0.010928961748633873 0.019125683060109276 0.005464480874316936 0.02732240437158468 0.008196721311475405 0.02732240437158468 0.01366120218579234 0.02732240437158468 0.005464480874316936 0.010928961748633873 0.008196721311475405 0.0 
0.013262599469496022 0.026525198938992044 0.021220159151193633 0.013262599469496022 0.026525198938992044 0.013262599469496022 0.005305039787798408 0.007957559681697613 0.021220159151193633 0.007957559681697613 0.010610079575596816 0.026525198938992044 0.021220159151193633 0.01856763925729443 0.01856763925729443 0.007957559681697613 0.010610079575596816 0.01856763925729443 0.002652519893899204 0.023872679045092837 0.002652519893899204 0.021220159151193633 0.01856763925729443 0.015915119363395226 0.026525198938992044 0.01856763925729443 0.015915119363395226 0.007957559681697613 0.021220159151193633 0.005305039787798408 0.026525198938992044 0.007957559681697613 0.007957559681697613 0.015915119363395226 0.01856763925729443 0.013262599469496022 0.007957559681697613 0.007957559681697613 0.005305039787798408 0.002652519893899204 0.026525198938992044 0.002652519893899204 0.007957559681697613 0.023872679045092837 0.010610079575596816 0.002652519893899204 0.023872679045092837 0.023872679045092837 0.005305039787798408 0.002652519893899204 0.015915119363395226 0.023872679045092837 0.007957559681697613 0.010610079575596816 0.015915119363395226 0.010610079575596816 0.023872679045092837 0.01856763925729443 0.013262599469496022 0.01856763925729443 0.010610079575596816 0.01856763925729443 0.007957559681697613 0.01856763925729443 0.015915119363395226 0.015915119363395226 0.026525198938992044 0.013262599469496022 0.0 
0.018817204301075283 0.016129032258064526 0.005376344086021509 0.010752688172043019 0.010752688172043019 0.02419354838709679 0.026881720430107545 0.016129032258064526 0.016129032258064526 0.018817204301075283 0.0026881720430107546 0.026881720430107545 0.021505376344086037 0.016129032258064526 0.005376344086021509 0.016129032258064526 0.018817204301075283 0.018817204301075283 0.02419354838709679 0.021505376344086037 0.016129032258064526 0.010752688172043019 0.008064516129032263 0.026881720430107545 0.026881720430107545 0.010752688172043019 0.008064516129032263 0.016129032258064526 0.013440860215053772 0.005376344086021509 0.016129032258064526 0.02419354838709679 0.010752688172043019 0.016129032258064526 0.02419354838709679 0.013440860215053772 0.005376344086021509 0.021505376344086037 0.02419354838709679 0.005376344086021509 0.008064516129032263 0.005376344086021509 0.005376344086021509 0.021505376344086037 0.016129032258064526 0.0026881720430107546 0.013440860215053772 0.005376344086021509 0.005376344086021509 0.018817204301075283 0.018817204301075283 0.0026881720430107546 0.008064516129032263 0.010752688172043019 0.021505376344086037 0.026881720430107545 0.008064516129032263 0.013440860215053772 0.026881720430107545 0.0026881720430107546 0.018817204301075283 0.026881720430107545 0.008064516129032263 0.013440860215053772 0.021505376344086037 0.010752688172043019 0.0026881720430107546 0.016129032258064526 0.0 
0.01408450704225353 0.002816901408450706 0.008450704225352117 0.011267605633802824 0.005633802816901412 0.02253521126760565 0.005633802816901412 0.011267605633802824 0.01408450704225353 0.005633802816901412 0.02253521126760565 0.01408450704225353 0.002816901408450706 0.008450704225352117 0.02253521126760565 0.01408450704225353 0.002816901408450706 0.008450704225352117 0.019718309859154945 0.02816901408450706 0.008450704225352117 0.01408450704225353 0.02816901408450706 0.02816901408450706 0.016901408450704234 0.01408450704225353 0.01408450704225353 0.02816901408450706 0.025352112676056356 0.005633802816901412 0.016901408450704234 0.02253521126760565 0.002816901408450706 0.005633802816901412 0.011267605633802824 0.02816901408450706 0.008450704225352117 0.025352112676056356 0.008450704225352117 0.01408450704225353 0.025352112676056356 0.008450704225352117 0.02816901408450706 0.025352112676056356 0.02253521126760565 0.025352112676056356 0.008450704225352117 0.011267605633802824 0.011267605633802824 0.019718309859154945 0.002816901408450706 0.011267605633802824 0.019718309859154945 0.011267605633802824 0.02816901408450706 0.019718309859154945 0.011267605633802824 0.008450704225352117 0.008450704225352117 0.008450704225352117 0.019718309859154945 0.01408450704225353 0.019718309859154945 0.002816901408450706 0.01408450704225353 0.02816901408450706 0.008450704225352117 0.005633802816901412 0.0 
0.02 0.005714285714285714 0.022857142857142857 0.017142857142857144 0.02 0.005714285714285714 0.02 0.02 0.02 0.02 0.008571428571428572 0.017142857142857144 0.008571428571428572 0.008571428571428572 0.011428571428571429 0.008571428571428572 0.02857142857142857 0.011428571428571429 0.025714285714285714 0.017142857142857144 0.014285714285714285 0.017142857142857144 0.005714285714285714 0.017142857142857144 0.025714285714285714 0.008571428571428572 0.02857142857142857 0.02857142857142857 0.017142857142857144 0.02 0.014285714285714285 0.002857142857142857 0.025714285714285714 0.017142857142857144 0.017142857142857144 0.017142857142857144 0.005714285714285714 0.002857142857142857 0.002857142857142857 0.002857142857142857 0.002857142857142857 0.002857142857142857 0.022857142857142857 0.02 0.011428571428571429 0.017142857142857144 0.014285714285714285 0.011428571428571429 0.014285714285714285 0.017142857142857144 0.005714285714285714 0.011428571428571429 0.02 0.022857142857142857 0.014285714285714285 0.002857142857142857 0.002857142857142857 0.022857142857142857 0.011428571428571429 0.011428571428571429 0.002857142857142857 0.002857142857142857 0.02857142857142857 0.014285714285714285 0.014285714285714285 0.017142857142857144 0.025714285714285714 0.025714285714285714 0.0 
0.0026666666666666653 0.0053333333333333306 0.015999999999999993 0.026666666666666658 0.026666666666666658 0.01866666666666666 0.0053333333333333306 0.013333333333333329 0.0026666666666666653 0.013333333333333329 0.021333333333333322 0.021333333333333322 0.021333333333333322 0.01866666666666666 0.007999999999999997 0.01866666666666666 0.0026666666666666653 0.007999999999999997 0.021333333333333322 0.021333333333333322 0.007999999999999997 0.01866666666666666 0.0053333333333333306 0.010666666666666661 0.021333333333333322 0.0026666666666666653 0.015999999999999993 0.013333333333333329 0.015999999999999993 0.015999999999999993 0.010666666666666661 0.02399999999999999 0.0026666666666666653 0.0053333333333333306 0.015999999999999993 0.013333333333333329 0.0053333333333333306 0.015999999999999993 0.0026666666666666653 0.01866666666666666 0.02399999999999999 0.02399999999999999 0.01866666666666666 0.010666666666666661 0.013333333333333329 0.013333333333333329 0.010666666666666661 0.01866666666666666 0.015999999999999993 0.026666666666666658 0.02399999999999999 0.0053333333333333306 0.010666666666666661 0.02399999999999999 0.0053333333333333306 0.015999999999999993 0.02399999999999999 0.0026666666666666653 0.010666666666666661 0.021333333333333322 0.0053333333333333306 0.021333333333333322 0.02399999999999999 0.0026666666666666653 0.021333333333333322 0.015999999999999993 0.026666666666666658 0.026666666666666658 0.0 
0.01944444444444445 0.02500000000000001 0.02222222222222223 0.016666666666666673 0.027777777777777787 0.0055555555555555575 0.0027777777777777788 0.0027777777777777788 0.016666666666666673 0.01944444444444445 0.011111111111111115 0.01944444444444445 0.0055555555555555575 0.02222222222222223 0.02222222222222223 0.0027777777777777788 0.02222222222222223 0.01944444444444445 0.0027777777777777788 0.013888888888888893 0.008333333333333337 0.02222222222222223 0.016666666666666673 0.008333333333333337 0.02500000000000001 0.016666666666666673 0.01944444444444445 0.01944444444444445 0.013888888888888893 0.0055555555555555575 0.016666666666666673 0.013888888888888893 0.016666666666666673 0.016666666666666673 0.01944444444444445 0.011111111111111115 0.02500000000000001 0.0055555555555555575 0.013888888888888893 0.008333333333333337 0.027777777777777787 0.02222222222222223 0.013888888888888893 0.0055555555555555575 0.02500000000000001 0.008333333333333337 0.011111111111111115 0.011111111111111115 0.013888888888888893 0.0055555555555555575 0.01944444444444445 0.008333333333333337 0.016666666666666673 0.013888888888888893 0.027777777777777787 0.0055555555555555575 0.016666666666666673 0.027777777777777787 0.013888888888888893 0.016666666666666673 0.02222222222222223 0.013888888888888893 0.013888888888888893 0.008333333333333337 0.008333333333333337 0.0055555555555555575 0.011111111111111115 0.0027777777777777788 0.0 
0.005012531328320799 0.025062656641603998 0.005012531328320799 0.0175438596491228 0.025062656641603998 0.022556390977443597 0.0175438596491228 0.010025062656641598 0.0025062656641603996 0.020050125313283196 0.010025062656641598 0.007518796992481199 0.015037593984962398 0.025062656641603998 0.020050125313283196 0.010025062656641598 0.012531328320801999 0.020050125313283196 0.0175438596491228 0.020050125313283196 0.010025062656641598 0.0175438596491228 0.025062656641603998 0.010025062656641598 0.020050125313283196 0.005012531328320799 0.010025062656641598 0.020050125313283196 0.022556390977443597 0.022556390977443597 0.012531328320801999 0.015037593984962398 0.010025062656641598 0.0175438596491228 0.025062656641603998 0.0175438596491228 0.007518796992481199 0.025062656641603998 0.010025062656641598 0.015037593984962398 0.020050125313283196 0.025062656641603998 0.0025062656641603996 0.020050125313283196 0.005012531328320799 0.007518796992481199 0.015037593984962398 0.0025062656641603996 0.015037593984962398 0.022556390977443597 0.025062656641603998 0.022556390977443597 0.007518796992481199 0.015037593984962398 0.010025062656641598 0.005012531328320799 0.020050125313283196 0.010025062656641598 0.022556390977443597 0.015037593984962398 0.015037593984962398 0.005012531328320799 0.025062656641603998 0.020050125313283196 0.007518796992481199 0.005012531328320799 0.0025062656641603996 0.005012531328320799 0.0 
0.0029154518950437317 0.0058309037900874635 0.0058309037900874635 0.02040816326530612 0.026239067055393587 0.026239067055393587 0.011661807580174927 0.008746355685131196 0.0029154518950437317 0.023323615160349854 0.014577259475218658 0.02040816326530612 0.0029154518950437317 0.01749271137026239 0.011661807580174927 0.011661807580174927 0.029154518950437316 0.014577259475218658 0.029154518950437316 0.0029154518950437317 0.02040816326530612 0.01749271137026239 0.011661807580174927 0.0029154518950437317 0.0029154518950437317 0.0058309037900874635 0.008746355685131196 0.0029154518950437317 0.008746355685131196 0.008746355685131196 0.029154518950437316 0.02040816326530612 0.023323615160349854 0.026239067055393587 0.029154518950437316 0.026239067055393587 0.008746355685131196 0.014577259475218658 0.023323615160349854 0.023323615160349854 0.01749271137026239 0.023323615160349854 0.008746355685131196 0.014577259475218658 0.0058309037900874635 0.0058309037900874635 0.0058309037900874635 0.023323615160349854 0.029154518950437316 0.0029154518950437317 0.029154518950437316 0.0029154518950437317 0.008746355685131196 0.0058309037900874635 0.014577259475218658 0.02040816326530612 0.0029154518950437317 0.02040816326530612 0.02040816326530612 0.008746355685131196 0.026239067055393587 0.02040816326530612 0.02040816326530612 0.01749271137026239 0.008746355685131196 0.01749271137026239 0.0029154518950437317 0.011661807580174927 0.0 
0.02717391304347826 0.02717391304347826 0.021739130434782608 0.002717391304347826 0.01358695652173913 0.005434782608695652 0.010869565217391304 0.016304347826086956 0.021739130434782608 0.019021739130434784 0.008152173913043478 0.021739130434782608 0.010869565217391304 0.01358695652173913 0.02717391304347826 0.021739130434782608 0.002717391304347826 0.002717391304347826 0.005434782608695652 0.024456521739130436 0.010869565217391304 0.016304347826086956 0.002717391304347826 0.005434782608695652 0.005434782608695652 0.010869565217391304 0.021739130434782608 0.02717391304347826 0.010869565217391304 0.021739130434782608 0.002717391304347826 0.008152173913043478 0.01358695652173913 0.01358695652173913 0.019021739130434784 0.002717391304347826 0.005434782608695652 0.021739130434782608 0.019021739130434784 0.016304347826086956 0.016304347826086956 0.021739130434782608 0.010869565217391304 0.019021739130434784 0.024456521739130436 0.024456521739130436 0.008152173913043478 0.005434782608695652 0.002717391304347826 0.024456521739130436 0.021739130434782608 0.021739130434782608 0.002717391304347826 0.01358695652173913 0.024456521739130436 0.002717391304347826 0.01358695652173913 0.016304347826086956 0.021739130434782608 0.008152173913043478 0.01358695652173913 0.02717391304347826 0.021739130434782608 0.016304347826086956 0.002717391304347826 0.01358695652173913 0.02717391304347826 0.01358695652173913 0.0 
0.0034013605442176848 0.010204081632653053 0.020408163265306107 0.020408163265306107 0.013605442176870739 0.0034013605442176848 0.0034013605442176848 0.0068027210884353696 0.03401360544217685 0.03401360544217685 0.010204081632653053 0.0068027210884353696 0.0034013605442176848 0.0068027210884353696 0.02380952380952379 0.013605442176870739 0.017006802721088426 0.013605442176870739 0.02380952380952379 0.017006802721088426 0.010204081632653053 0.013605442176870739 0.02380952380952379 0.013605442176870739 0.013605442176870739 0.030612244897959162 0.0068027210884353696 0.013605442176870739 0.013605442176870739 0.0068027210884353696 0.020408163265306107 0.013605442176870739 0.02380952380952379 0.017006802721088426 0.030612244897959162 0.020408163265306107 0.027210884353741478 0.0068027210884353696 0.030612244897959162 0.010204081632653053 0.0034013605442176848 0.0034013605442176848 0.017006802721088426 0.010204081632653053 0.0068027210884353696 0.010204081632653053 0.010204081632653053 0.013605442176870739 0.017006802721088426 0.027210884353741478 0.020408163265306107 0.0068027210884353696 0.013605442176870739 0.0068027210884353696 0.0034013605442176848 0.0068027210884353696 0.017006802721088426 0.0034013605442176848 0.010204081632653053 0.0068027210884353696 0.013605442176870739 0.0068027210884353696 0.017006802721088426 0.027210884353741478 0.020408163265306107 0.02380952380952379 0.03401360544217685 0.010204081632653053 0.0 
0.016438356164383557 0.008219178082191778 0.008219178082191778 0.00547945205479452 0.01095890410958904 0.024657534246575335 0.01095890410958904 0.00273972602739726 0.02191780821917808 0.01095890410958904 0.024657534246575335 0.008219178082191778 0.013698630136986297 0.01095890410958904 0.00547945205479452 0.01917808219178082 0.016438356164383557 0.024657534246575335 0.013698630136986297 0.01095890410958904 0.01917808219178082 0.016438356164383557 0.01095890410958904 0.02191780821917808 0.024657534246575335 0.024657534246575335 0.01095890410958904 0.02191780821917808 0.024657534246575335 0.016438356164383557 0.02191780821917808 0.008219178082191778 0.02191780821917808 0.024657534246575335 0.00273972602739726 0.02191780821917808 0.013698630136986297 0.024657534246575335 0.013698630136986297 0.013698630136986297 0.00273972602739726 0.013698630136986297 0.024657534246575335 0.00273972602739726 0.00273972602739726 0.013698630136986297 0.02191780821917808 0.01095890410958904 0.02191780821917808 0.02191780821917808 0.008219178082191778 0.008219178082191778 0.00547945205479452 0.02191780821917808 0.00273972602739726 0.02191780821917808 0.016438356164383557 0.027397260273972594 0.02191780821917808 0.00547945205479452 0.00547945205479452 0.008219178082191778 0.013698630136986297 0.00547945205479452 0.013698630136986297 0.016438356164383557 0.024657534246575335 0.008219178082191778 0.0 
0.00628930817610063 0.022012578616352203 0.01257861635220126 0.003144654088050315 0.01257861635220126 0.03144654088050315 0.01886792452830189 0.00628930817610063 0.01257861635220126 0.02515723270440252 0.00628930817610063 0.00628930817610063 0.02515723270440252 0.03144654088050315 0.015723270440251576 0.009433962264150945 0.003144654088050315 0.01257861635220126 0.009433962264150945 0.015723270440251576 0.003144654088050315 0.003144654088050315 0.03144654088050315 0.01257861635220126 0.028301886792452834 0.01257861635220126 0.003144654088050315 0.015723270440251576 0.015723270440251576 0.003144654088050315 0.009433962264150945 0.01886792452830189 0.01886792452830189 0.028301886792452834 0.009433962264150945 0.02515723270440252 0.01257861635220126 0.022012578616352203 0.00628930817610063 0.003144654088050315 0.009433962264150945 0.009433962264150945 0.01886792452830189 0.01886792452830189 0.00628930817610063 0.009433962264150945 0.028301886792452834 0.02515723270440252 0.01257861635220126 0.02515723270440252 0.01257861635220126 0.00628930817610063 0.003144654088050315 0.00628930817610063 0.003144654088050315 0.028301886792452834 0.028301886792452834 0.01886792452830189 0.01257861635220126 0.01257861635220126 0.00628930817610063 0.003144654088050315 0.022012578616352203 0.00628930817610063 0.022012578616352203 0.03144654088050315 0.01886792452830189 0.02515723270440252 0.0 
0.0027855153203342623 0.0055710306406685246 0.013927576601671312 0.027855153203342625 0.016713091922005575 0.0055710306406685246 0.019498607242339837 0.016713091922005575 0.013927576601671312 0.013927576601671312 0.013927576601671312 0.022284122562674098 0.008356545961002788 0.008356545961002788 0.019498607242339837 0.016713091922005575 0.011142061281337049 0.0027855153203342623 0.025069637883008363 0.025069637883008363 0.0055710306406685246 0.025069637883008363 0.022284122562674098 0.016713091922005575 0.022284122562674098 0.027855153203342625 0.013927576601671312 0.0027855153203342623 0.022284122562674098 0.008356545961002788 0.011142061281337049 0.027855153203342625 0.016713091922005575 0.013927576601671312 0.0027855153203342623 0.013927576601671312 0.016713091922005575 0.025069637883008363 0.0055710306406685246 0.013927576601671312 0.025069637883008363 0.0027855153203342623 0.0055710306406685246 0.0055710306406685246 0.025069637883008363 0.027855153203342625 0.013927576601671312 0.027855153203342625 0.0027855153203342623 0.011142061281337049 0.0027855153203342623 0.022284122562674098 0.0027855153203342623 0.025069637883008363 0.0055710306406685246 0.008356545961002788 0.025069637883008363 0.016713091922005575 0.025069637883008363 0.008356545961002788 0.0055710306406685246 0.011142061281337049 0.016713091922005575 0.0027855153203342623 0.008356545961002788 0.016713091922005575 0.025069637883008363 0.019498607242339837 0.0 
0.007915567282321899 0.021108179419525062 0.021108179419525062 0.0052770448548812654 0.02374670184696569 0.013192612137203163 0.026385224274406326 0.010554089709762531 0.010554089709762531 0.007915567282321899 0.026385224274406326 0.0026385224274406327 0.013192612137203163 0.01846965699208443 0.013192612137203163 0.010554089709762531 0.007915567282321899 0.010554089709762531 0.0052770448548812654 0.0052770448548812654 0.007915567282321899 0.021108179419525062 0.007915567282321899 0.021108179419525062 0.0026385224274406327 0.0052770448548812654 0.02374670184696569 0.0026385224274406327 0.015831134564643797 0.007915567282321899 0.02374670184696569 0.0026385224274406327 0.013192612137203163 0.0026385224274406327 0.010554089709762531 0.02374670184696569 0.0052770448548812654 0.01846965699208443 0.013192612137203163 0.01846965699208443 0.026385224274406326 0.01846965699208443 0.013192612137203163 0.021108179419525062 0.007915567282321899 0.026385224274406326 0.02374670184696569 0.0026385224274406327 0.02374670184696569 0.01846965699208443 0.007915567282321899 0.01846965699208443 0.026385224274406326 0.015831134564643797 0.010554089709762531 0.021108179419525062 0.02374670184696569 0.010554089709762531 0.02374670184696569 0.02374670184696569 0.026385224274406326 0.026385224274406326 0.013192612137203163 0.013192612137203163 0.0052770448548812654 0.0026385224274406327 0.021108179419525062 0.01846965699208443 0.0 
0.008042895442359246 0.005361930294906164 0.002680965147453082 0.018766756032171573 0.005361930294906164 0.018766756032171573 0.021447721179624655 0.005361930294906164 0.016085790884718492 0.008042895442359246 0.002680965147453082 0.008042895442359246 0.018766756032171573 0.018766756032171573 0.010723860589812327 0.016085790884718492 0.01340482573726541 0.021447721179624655 0.010723860589812327 0.008042895442359246 0.018766756032171573 0.02680965147453082 0.005361930294906164 0.016085790884718492 0.005361930294906164 0.02680965147453082 0.010723860589812327 0.005361930294906164 0.002680965147453082 0.021447721179624655 0.010723860589812327 0.02680965147453082 0.018766756032171573 0.01340482573726541 0.01340482573726541 0.010723860589812327 0.016085790884718492 0.01340482573726541 0.01340482573726541 0.02680965147453082 0.002680965147453082 0.002680965147453082 0.02680965147453082 0.016085790884718492 0.002680965147453082 0.018766756032171573 0.010723860589812327 0.024128686327077736 0.02680965147453082 0.018766756032171573 0.008042895442359246 0.005361930294906164 0.021447721179624655 0.021447721179624655 0.018766756032171573 0.021447721179624655 0.016085790884718492 0.02680965147453082 0.024128686327077736 0.024128686327077736 0.005361930294906164 0.01340482573726541 0.018766756032171573 0.01340482573726541 0.008042895442359246 0.021447721179624655 0.024128686327077736 0.016085790884718492 0.0 
0.01932367149758454 0.024154589371980676 0.024154589371980676 0.016908212560386472 0.024154589371980676 0.024154589371980676 0.00966183574879227 0.024154589371980676 0.00966183574879227 0.01932367149758454 0.007246376811594203 0.021739130434782608 0.004830917874396135 0.00966183574879227 0.007246376811594203 0.004830917874396135 0.01932367149758454 0.021739130434782608 0.01932367149758454 0.014492753623188406 0.01932367149758454 0.01932367149758454 0.004830917874396135 0.014492753623188406 0.016908212560386472 0.014492753623188406 0.021739130434782608 0.021739130434782608 0.004830917874396135 0.014492753623188406 0.007246376811594203 0.024154589371980676 0.014492753623188406 0.004830917874396135 0.021739130434782608 0.004830917874396135 0.01932367149758454 0.021739130434782608 0.014492753623188406 0.0024154589371980675 0.004830917874396135 0.024154589371980676 0.014492753623188406 0.004830917874396135 0.012077294685990338 0.024154589371980676 0.021739130434782608 0.007246376811594203 0.021739130434782608 0.00966183574879227 0.00966183574879227 0.01932367149758454 0.012077294685990338 0.021739130434782608 0.00966183574879227 0.00966183574879227 0.004830917874396135 0.01932367149758454 0.014492753623188406 0.014492753623188406 0.01932367149758454 0.01932367149758454 0.00966183574879227 0.007246376811594203 0.004830917874396135 0.007246376811594203 0.024154589371980676 0.014492753623188406 0.0 
0.023316062176165806 0.023316062176165806 0.023316062176165806 0.007772020725388603 0.007772020725388603 0.023316062176165806 0.012953367875647671 0.005181347150259068 0.005181347150259068 0.002590673575129534 0.007772020725388603 0.005181347150259068 0.020725388601036274 0.002590673575129534 0.007772020725388603 0.025906735751295342 0.010362694300518137 0.012953367875647671 0.025906735751295342 0.010362694300518137 0.002590673575129534 0.002590673575129534 0.018134715025906738 0.012953367875647671 0.010362694300518137 0.010362694300518137 0.005181347150259068 0.002590673575129534 0.020725388601036274 0.023316062176165806 0.018134715025906738 0.007772020725388603 0.023316062176165806 0.023316062176165806 0.025906735751295342 0.018134715025906738 0.012953367875647671 0.005181347150259068 0.023316062176165806 0.015544041450777205 0.012953367875647671 0.010362694300518137 0.015544041450777205 0.020725388601036274 0.018134715025906738 0.018134715025906738 0.025906735751295342 0.010362694300518137 0.010362694300518137 0.007772020725388603 0.020725388601036274 0.010362694300518137 0.025906735751295342 0.025906735751295342 0.015544041450777205 0.025906735751295342 0.023316062176165806 0.010362694300518137 0.023316062176165806 0.015544041450777205 0.025906735751295342 0.002590673575129534 0.020725388601036274 0.002590673575129534 0.005181347150259068 0.018134715025906738 0.018134715025906738 0.012953367875647671 0.0 
0.01630434782608695 0.021739130434782598 0.019021739130434777 0.0027173913043478247 0.005434782608695649 0.019021739130434777 0.019021739130434777 0.013586956521739125 0.008152173913043475 0.008152173913043475 0.013586956521739125 0.013586956521739125 0.010869565217391299 0.005434782608695649 0.0027173913043478247 0.019021739130434777 0.019021739130434777 0.0027173913043478247 0.02717391304347825 0.024456521739130425 0.02717391304347825 0.01630434782608695 0.008152173913043475 0.02717391304347825 0.024456521739130425 0.013586956521739125 0.013586956521739125 0.0027173913043478247 0.008152173913043475 0.01630434782608695 0.021739130434782598 0.021739130434782598 0.005434782608695649 0.010869565217391299 0.008152173913043475 0.0027173913043478247 0.010869565217391299 0.008152173913043475 0.008152173913043475 0.008152173913043475 0.010869565217391299 0.01630434782608695 0.005434782608695649 0.021739130434782598 0.01630434782608695 0.010869565217391299 0.02717391304347825 0.010869565217391299 0.0027173913043478247 0.019021739130434777 0.010869565217391299 0.019021739130434777 0.02717391304347825 0.01630434782608695 0.005434782608695649 0.02717391304347825 0.010869565217391299 0.010869565217391299 0.02717391304347825 0.021739130434782598 0.024456521739130425 0.013586956521739125 0.021739130434782598 0.024456521739130425 0.02717391304347825 0.013586956521739125 0.005434782608695649 0.01630434782608695 0.0 
0.00261780104712042 0.01047120418848168 0.018324607329842937 0.01047120418848168 0.00261780104712042 0.01047120418848168 0.018324607329842937 0.0261780104712042 0.01570680628272252 0.00523560209424084 0.02094240837696336 0.01047120418848168 0.0130890052356021 0.02094240837696336 0.00261780104712042 0.01047120418848168 0.01570680628272252 0.018324607329842937 0.018324607329842937 0.02094240837696336 0.0130890052356021 0.02094240837696336 0.00785340314136126 0.00261780104712042 0.00523560209424084 0.018324607329842937 0.01570680628272252 0.0261780104712042 0.0130890052356021 0.023560209424083777 0.02094240837696336 0.023560209424083777 0.018324607329842937 0.00523560209424084 0.0130890052356021 0.023560209424083777 0.01570680628272252 0.00523560209424084 0.018324607329842937 0.00785340314136126 0.02094240837696336 0.01570680628272252 0.02094240837696336 0.0261780104712042 0.018324607329842937 0.018324607329842937 0.01047120418848168 0.0261780104712042 0.0261780104712042 0.01047120418848168 0.0130890052356021 0.0130890052356021 0.00523560209424084 0.01047120418848168 0.0261780104712042 0.01570680628272252 0.00523560209424084 0.0261780104712042 0.02094240837696336 0.01570680628272252 0.0130890052356021 0.00785340314136126 0.00261780104712042 0.023560209424083777 0.02094240837696336 0.00523560209424084 0.00523560209424084 0.00523560209424084 0.0 
0.026525198938992044 0.021220159151193633 0.013262599469496022 0.023872679045092837 0.01856763925729443 0.005305039787798408 0.007957559681697613 0.023872679045092837 0.013262599469496022 0.021220159151193633 0.026525198938992044 0.023872679045092837 0.023872679045092837 0.010610079575596816 0.007957559681697613 0.015915119363395226 0.01856763925729443 0.013262599469496022 0.015915119363395226 0.021220159151193633 0.026525198938992044 0.002652519893899204 0.010610079575596816 0.015915119363395226 0.015915119363395226 0.021220159151193633 0.023872679045092837 0.002652519893899204 0.007957559681697613 0.01856763925729443 0.015915119363395226 0.005305039787798408 0.015915119363395226 0.005305039787798408 0.026525198938992044 0.007957559681697613 0.010610079575596816 0.002652519893899204 0.010610079575596816 0.002652519893899204 0.005305039787798408 0.007957559681697613 0.007957559681697613 0.010610079575596816 0.013262599469496022 0.015915119363395226 0.023872679045092837 0.015915119363395226 0.005305039787798408 0.01856763925729443 0.005305039787798408 0.026525198938992044 0.01856763925729443 0.005305039787798408 0.015915119363395226 0.01856763925729443 0.007957559681697613 0.007957559681697613 0.026525198938992044 0.007957559681697613 0.023872679045092837 0.01856763925729443 0.010610079575596816 0.013262599469496022 0.005305039787798408 0.01856763925729443 0.01856763925729443 0.023872679045092837 0.0 
0.02244389027431421 0.02244389027431421 0.014962593516209472 0.007481296758104736 0.007481296758104736 0.014962593516209472 0.02493765586034912 0.014962593516209472 0.01246882793017456 0.0049875311720698244 0.0049875311720698244 0.02244389027431421 0.02244389027431421 0.009975062344139649 0.0024937655860349122 0.02493765586034912 0.007481296758104736 0.02493765586034912 0.009975062344139649 0.017456359102244384 0.01246882793017456 0.019950124688279298 0.014962593516209472 0.014962593516209472 0.009975062344139649 0.02244389027431421 0.019950124688279298 0.0049875311720698244 0.019950124688279298 0.014962593516209472 0.01246882793017456 0.0024937655860349122 0.014962593516209472 0.019950124688279298 0.02244389027431421 0.0049875311720698244 0.017456359102244384 0.017456359102244384 0.02493765586034912 0.0024937655860349122 0.007481296758104736 0.02244389027431421 0.017456359102244384 0.017456359102244384 0.009975062344139649 0.01246882793017456 0.01246882793017456 0.01246882793017456 0.0049875311720698244 0.01246882793017456 0.009975062344139649 0.02244389027431421 0.02493765586034912 0.007481296758104736 0.0049875311720698244 0.019950124688279298 0.02244389027431421 0.009975062344139649 0.009975062344139649 0.02493765586034912 0.0024937655860349122 0.019950124688279298 0.019950124688279298 0.014962593516209472 0.009975062344139649 0.019950124688279298 0.02244389027431421 0.014962593516209472 0.0 
0.014962593516209472 0.0049875311720698244 0.019950124688279298 0.017456359102244384 0.0049875311720698244 0.02244389027431421 0.0049875311720698244 0.007481296758104736 0.0024937655860349122 0.007481296758104736 0.01246882793017456 0.01246882793017456 0.02244389027431421 0.01246882793017456 0.019950124688279298 0.014962593516209472 0.007481296758104736 0.009975062344139649 0.0024937655860349122 0.019950124688279298 0.02493765586034912 0.017456359102244384 0.02493765586034912 0.02244389027431421 0.0049875311720698244 0.019950124688279298 0.017456359102244384 0.02244389027431421 0.01246882793017456 0.009975062344139649 0.014962593516209472 0.007481296758104736 0.0024937655860349122 0.0049875311720698244 0.01246882793017456 0.0024937655860349122 0.014962593516209472 0.02244389027431421 0.009975062344139649 0.02493765586034912 0.0049875311720698244 0.014962593516209472 0.02493765586034912 0.0024937655860349122 0.02244389027431421 0.0049875311720698244 0.017456359102244384 0.02493765586034912 0.019950124688279298 0.0049875311720698244 0.01246882793017456 0.02493765586034912 0.02244389027431421 0.017456359102244384 0.019950124688279298 0.014962593516209472 0.019950124688279298 0.02244389027431421 0.014962593516209472 0.0049875311720698244 0.01246882793017456 0.019950124688279298 0.02244389027431421 0.019950124688279298 0.019950124688279298 0.02493765586034912 0.02493765586034912 0.0024937655860349122 0.0 
0.018276762402088774 0.010443864229765013 0.020887728459530026 0.007832898172323759 0.018276762402088774 0.010443864229765013 0.015665796344647518 0.02349869451697128 0.02610966057441253 0.015665796344647518 0.0026109660574412533 0.018276762402088774 0.02610966057441253 0.005221932114882507 0.013054830287206266 0.020887728459530026 0.015665796344647518 0.007832898172323759 0.018276762402088774 0.013054830287206266 0.020887728459530026 0.010443864229765013 0.018276762402088774 0.020887728459530026 0.0026109660574412533 0.018276762402088774 0.013054830287206266 0.007832898172323759 0.010443864229765013 0.007832898172323759 0.0026109660574412533 0.02610966057441253 0.015665796344647518 0.02349869451697128 0.005221932114882507 0.0026109660574412533 0.02610966057441253 0.015665796344647518 0.02610966057441253 0.007832898172323759 0.005221932114882507 0.010443864229765013 0.0026109660574412533 0.018276762402088774 0.0026109660574412533 0.020887728459530026 0.02610966057441253 0.010443864229765013 0.02349869451697128 0.013054830287206266 0.013054830287206266 0.015665796344647518 0.005221932114882507 0.018276762402088774 0.02349869451697128 0.018276762402088774 0.005221932114882507 0.013054830287206266 0.013054830287206266 0.02610966057441253 0.02349869451697128 0.018276762402088774 0.007832898172323759 0.010443864229765013 0.02349869451697128 0.0026109660574412533 0.015665796344647518 0.02349869451697128 0.0 
0.024767801857585144 0.018575851393188857 0.021671826625387 0.018575851393188857 0.024767801857585144 0.015479876160990714 0.009287925696594429 0.021671826625387 0.021671826625387 0.027863777089783284 0.006191950464396286 0.003095975232198143 0.018575851393188857 0.003095975232198143 0.006191950464396286 0.015479876160990714 0.006191950464396286 0.030959752321981428 0.003095975232198143 0.012383900928792572 0.030959752321981428 0.012383900928792572 0.003095975232198143 0.027863777089783284 0.009287925696594429 0.018575851393188857 0.015479876160990714 0.009287925696594429 0.015479876160990714 0.009287925696594429 0.003095975232198143 0.006191950464396286 0.018575851393188857 0.018575851393188857 0.027863777089783284 0.003095975232198143 0.003095975232198143 0.018575851393188857 0.024767801857585144 0.012383900928792572 0.021671826625387 0.003095975232198143 0.009287925696594429 0.003095975232198143 0.018575851393188857 0.006191950464396286 0.024767801857585144 0.012383900928792572 0.009287925696594429 0.012383900928792572 0.009287925696594429 0.012383900928792572 0.024767801857585144 0.024767801857585144 0.006191950464396286 0.015479876160990714 0.021671826625387 0.024767801857585144 0.003095975232198143 0.003095975232198143 0.021671826625387 0.015479876160990714 0.015479876160990714 0.018575851393188857 0.006191950464396286 0.009287925696594429 0.021671826625387 0.027863777089783284 0.0 
0.007518796992481203 0.02506265664160401 0.02506265664160401 0.015037593984962405 0.015037593984962405 0.022556390977443608 0.015037593984962405 0.02506265664160401 0.005012531328320802 0.02506265664160401 0.012531328320802004 0.017543859649122806 0.02506265664160401 0.022556390977443608 0.002506265664160401 0.015037593984962405 0.017543859649122806 0.002506265664160401 0.017543859649122806 0.002506265664160401 0.017543859649122806 0.020050125313283207 0.005012531328320802 0.005012531328320802 0.015037593984962405 0.002506265664160401 0.017543859649122806 0.012531328320802004 0.012531328320802004 0.012531328320802004 0.020050125313283207 0.007518796992481203 0.005012531328320802 0.012531328320802004 0.02506265664160401 0.022556390977443608 0.012531328320802004 0.012531328320802004 0.020050125313283207 0.002506265664160401 0.020050125313283207 0.022556390977443608 0.02506265664160401 0.02506265664160401 0.015037593984962405 0.007518796992481203 0.017543859649122806 0.02506265664160401 0.015037593984962405 0.017543859649122806 0.015037593984962405 0.010025062656641603 0.010025062656641603 0.002506265664160401 0.010025062656641603 0.012531328320802004 0.005012531328320802 0.002506265664160401 0.02506265664160401 0.02506265664160401 0.010025062656641603 0.02506265664160401 0.010025062656641603 0.012531328320802004 0.017543859649122806 0.015037593984962405 0.020050125313283207 0.005012531328320802 0.0 
0.015345268542199489 0.020460358056265986 0.017902813299232736 0.017902813299232736 0.017902813299232736 0.005115089514066497 0.023017902813299233 0.01278772378516624 0.0076726342710997444 0.0025575447570332483 0.0076726342710997444 0.023017902813299233 0.010230179028132993 0.020460358056265986 0.0076726342710997444 0.005115089514066497 0.01278772378516624 0.01278772378516624 0.01278772378516624 0.0076726342710997444 0.01278772378516624 0.023017902813299233 0.020460358056265986 0.02557544757033248 0.023017902813299233 0.02557544757033248 0.015345268542199489 0.02557544757033248 0.005115089514066497 0.023017902813299233 0.023017902813299233 0.017902813299232736 0.0025575447570332483 0.0025575447570332483 0.0076726342710997444 0.010230179028132993 0.0076726342710997444 0.005115089514066497 0.02557544757033248 0.015345268542199489 0.017902813299232736 0.005115089514066497 0.023017902813299233 0.020460358056265986 0.020460358056265986 0.010230179028132993 0.01278772378516624 0.02557544757033248 0.017902813299232736 0.02557544757033248 0.017902813299232736 0.01278772378516624 0.005115089514066497 0.0076726342710997444 0.0025575447570332483 0.0025575447570332483 0.020460358056265986 0.017902813299232736 0.0076726342710997444 0.02557544757033248 0.023017902813299233 0.023017902813299233 0.0076726342710997444 0.005115089514066497 0.0076726342710997444 0.020460358056265986 0.017902813299232736 0.017902813299232736 0.0 
0.008064516129032263 0.005376344086021509 0.016129032258064526 0.018817204301075283 0.026881720430107545 0.026881720430107545 0.010752688172043019 0.026881720430107545 0.013440860215053772 0.008064516129032263 0.005376344086021509 0.018817204301075283 0.0026881720430107546 0.008064516129032263 0.018817204301075283 0.010752688172043019 0.021505376344086037 0.016129032258064526 0.008064516129032263 0.018817204301075283 0.018817204301075283 0.005376344086021509 0.026881720430107545 0.0026881720430107546 0.005376344086021509 0.010752688172043019 0.010752688172043019 0.005376344086021509 0.010752688172043019 0.013440860215053772 0.010752688172043019 0.026881720430107545 0.026881720430107545 0.016129032258064526 0.018817204301075283 0.02419354838709679 0.026881720430107545 0.016129032258064526 0.016129032258064526 0.02419354838709679 0.013440860215053772 0.016129032258064526 0.0026881720430107546 0.010752688172043019 0.005376344086021509 0.018817204301075283 0.02419354838709679 0.018817204301075283 0.010752688172043019 0.013440860215053772 0.016129032258064526 0.02419354838709679 0.008064516129032263 0.026881720430107545 0.010752688172043019 0.008064516129032263 0.026881720430107545 0.005376344086021509 0.005376344086021509 0.02419354838709679 0.018817204301075283 0.010752688172043019 0.008064516129032263 0.008064516129032263 0.013440860215053772 0.021505376344086037 0.008064516129032263 0.013440860215053772 0.0 
0.013333333333333329 0.026666666666666658 0.0053333333333333306 0.015999999999999993 0.010666666666666661 0.021333333333333322 0.013333333333333329 0.007999999999999997 0.0026666666666666653 0.026666666666666658 0.007999999999999997 0.007999999999999997 0.026666666666666658 0.01866666666666666 0.02399999999999999 0.026666666666666658 0.0053333333333333306 0.0053333333333333306 0.0053333333333333306 0.0026666666666666653 0.0053333333333333306 0.021333333333333322 0.0026666666666666653 0.01866666666666666 0.015999999999999993 0.026666666666666658 0.02399999999999999 0.015999999999999993 0.01866666666666666 0.02399999999999999 0.0053333333333333306 0.013333333333333329 0.015999999999999993 0.026666666666666658 0.0026666666666666653 0.015999999999999993 0.01866666666666666 0.026666666666666658 0.0053333333333333306 0.0053333333333333306 0.010666666666666661 0.0053333333333333306 0.01866666666666666 0.0026666666666666653 0.021333333333333322 0.01866666666666666 0.013333333333333329 0.026666666666666658 0.007999999999999997 0.010666666666666661 0.01866666666666666 0.01866666666666666 0.007999999999999997 0.0053333333333333306 0.021333333333333322 0.02399999999999999 0.02399999999999999 0.013333333333333329 0.007999999999999997 0.026666666666666658 0.02399999999999999 0.0026666666666666653 0.010666666666666661 0.0026666666666666653 0.015999999999999993 0.021333333333333322 0.021333333333333322 0.013333333333333329 0.0 
0.023195876288659798 0.0077319587628866 0.025773195876288665 0.0154639175257732 0.005154639175257733 0.02061855670103093 0.02061855670103093 0.005154639175257733 0.0154639175257732 0.0025773195876288664 0.02061855670103093 0.023195876288659798 0.012886597938144333 0.0154639175257732 0.0077319587628866 0.0025773195876288664 0.023195876288659798 0.018041237113402064 0.0154639175257732 0.010309278350515465 0.023195876288659798 0.025773195876288665 0.0025773195876288664 0.02061855670103093 0.0077319587628866 0.023195876288659798 0.02061855670103093 0.018041237113402064 0.0025773195876288664 0.0154639175257732 0.0077319587628866 0.018041237113402064 0.023195876288659798 0.012886597938144333 0.0025773195876288664 0.010309278350515465 0.012886597938144333 0.005154639175257733 0.023195876288659798 0.0077319587628866 0.023195876288659798 0.025773195876288665 0.023195876288659798 0.02061855670103093 0.025773195876288665 0.010309278350515465 0.018041237113402064 0.010309278350515465 0.02061855670103093 0.02061855670103093 0.0077319587628866 0.02061855670103093 0.023195876288659798 0.012886597938144333 0.010309278350515465 0.0025773195876288664 0.0077319587628866 0.0154639175257732 0.012886597938144333 0.0077319587628866 0.02061855670103093 0.010309278350515465 0.02061855670103093 0.010309278350515465 0.005154639175257733 0.012886597938144333 0.0154639175257732 0.010309278350515465 0.0 
0.008333333333333333 0.005555555555555556 0.011111111111111112 0.013888888888888888 0.013888888888888888 0.019444444444444445 0.027777777777777776 0.027777777777777776 0.011111111111111112 0.022222222222222223 0.013888888888888888 0.002777777777777778 0.002777777777777778 0.002777777777777778 0.002777777777777778 0.013888888888888888 0.016666666666666666 0.016666666666666666 0.027777777777777776 0.008333333333333333 0.002777777777777778 0.022222222222222223 0.005555555555555556 0.027777777777777776 0.027777777777777776 0.002777777777777778 0.022222222222222223 0.019444444444444445 0.022222222222222223 0.027777777777777776 0.002777777777777778 0.027777777777777776 0.013888888888888888 0.025 0.016666666666666666 0.008333333333333333 0.016666666666666666 0.013888888888888888 0.005555555555555556 0.002777777777777778 0.008333333333333333 0.016666666666666666 0.013888888888888888 0.008333333333333333 0.022222222222222223 0.011111111111111112 0.016666666666666666 0.019444444444444445 0.013888888888888888 0.027777777777777776 0.025 0.002777777777777778 0.002777777777777778 0.008333333333333333 0.019444444444444445 0.005555555555555556 0.016666666666666666 0.027777777777777776 0.016666666666666666 0.008333333333333333 0.011111111111111112 0.011111111111111112 0.011111111111111112 0.025 0.016666666666666666 0.027777777777777776 0.016666666666666666 0.005555555555555556 0.0 
0.025936599423631128 0.023054755043227668 0.023054755043227668 0.005763688760806917 0.028818443804034585 0.0028818443804034585 0.028818443804034585 0.014409221902017292 0.02017291066282421 0.0028818443804034585 0.011527377521613834 0.011527377521613834 0.014409221902017292 0.005763688760806917 0.0028818443804034585 0.014409221902017292 0.02017291066282421 0.025936599423631128 0.008645533141210377 0.005763688760806917 0.008645533141210377 0.005763688760806917 0.0028818443804034585 0.005763688760806917 0.02017291066282421 0.014409221902017292 0.014409221902017292 0.017291066282420754 0.028818443804034585 0.011527377521613834 0.02017291066282421 0.0028818443804034585 0.008645533141210377 0.0028818443804034585 0.023054755043227668 0.023054755043227668 0.005763688760806917 0.014409221902017292 0.028818443804034585 0.025936599423631128 0.0028818443804034585 0.011527377521613834 0.014409221902017292 0.02017291066282421 0.005763688760806917 0.011527377521613834 0.011527377521613834 0.008645533141210377 0.014409221902017292 0.014409221902017292 0.014409221902017292 0.028818443804034585 0.017291066282420754 0.025936599423631128 0.011527377521613834 0.02017291066282421 0.017291066282420754 0.011527377521613834 0.011527377521613834 0.023054755043227668 0.0028818443804034585 0.028818443804034585 0.023054755043227668 0.014409221902017292 0.0028818443804034585 0.017291066282420754 0.011527377521613834 0.02017291066282421 0.0 
0.02395209580838324 0.002994011976047905 0.01197604790419162 0.008982035928143714 0.002994011976047905 0.02395209580838324 0.002994011976047905 0.02395209580838324 0.008982035928143714 0.002994011976047905 0.008982035928143714 0.02095808383233533 0.002994011976047905 0.026946107784431142 0.01197604790419162 0.01197604790419162 0.02095808383233533 0.02095808383233533 0.02095808383233533 0.014970059880239523 0.008982035928143714 0.017964071856287428 0.014970059880239523 0.008982035928143714 0.002994011976047905 0.029940119760479045 0.00598802395209581 0.017964071856287428 0.029940119760479045 0.017964071856287428 0.026946107784431142 0.014970059880239523 0.029940119760479045 0.002994011976047905 0.02095808383233533 0.00598802395209581 0.00598802395209581 0.01197604790419162 0.002994011976047905 0.01197604790419162 0.00598802395209581 0.01197604790419162 0.00598802395209581 0.014970059880239523 0.02395209580838324 0.02095808383233533 0.014970059880239523 0.017964071856287428 0.02095808383233533 0.002994011976047905 0.014970059880239523 0.029940119760479045 0.01197604790419162 0.02395209580838324 0.002994011976047905 0.002994011976047905 0.026946107784431142 0.01197604790419162 0.02095808383233533 0.017964071856287428 0.02395209580838324 0.01197604790419162 0.008982035928143714 0.026946107784431142 0.00598802395209581 0.01197604790419162 0.026946107784431142 0.01197604790419162 0.0 
0.014598540145985413 0.004866180048661805 0.0072992700729927066 0.017031630170316316 0.00973236009732361 0.0072992700729927066 0.014598540145985413 0.00973236009732361 0.014598540145985413 0.004866180048661805 0.024330900243309025 0.004866180048661805 0.014598540145985413 0.024330900243309025 0.021897810218978124 0.024330900243309025 0.00973236009732361 0.0072992700729927066 0.0072992700729927066 0.012165450121654512 0.01946472019464722 0.021897810218978124 0.021897810218978124 0.014598540145985413 0.014598540145985413 0.00973236009732361 0.01946472019464722 0.017031630170316316 0.0024330900243309025 0.021897810218978124 0.014598540145985413 0.014598540145985413 0.00973236009732361 0.021897810218978124 0.024330900243309025 0.024330900243309025 0.01946472019464722 0.012165450121654512 0.01946472019464722 0.004866180048661805 0.00973236009732361 0.014598540145985413 0.021897810218978124 0.024330900243309025 0.014598540145985413 0.021897810218978124 0.01946472019464722 0.00973236009732361 0.014598540145985413 0.024330900243309025 0.017031630170316316 0.014598540145985413 0.00973236009732361 0.0072992700729927066 0.00973236009732361 0.024330900243309025 0.004866180048661805 0.017031630170316316 0.024330900243309025 0.00973236009732361 0.01946472019464722 0.01946472019464722 0.014598540145985413 0.0072992700729927066 0.004866180048661805 0.01946472019464722 0.014598540145985413 0.0024330900243309025 0.0 
0.010309278350515462 0.020618556701030924 0.005154639175257731 0.0025773195876288655 0.02319587628865979 0.005154639175257731 0.020618556701030924 0.020618556701030924 0.018041237113402057 0.0025773195876288655 0.015463917525773193 0.015463917525773193 0.018041237113402057 0.015463917525773193 0.010309278350515462 0.010309278350515462 0.02319587628865979 0.010309278350515462 0.02577319587628865 0.010309278350515462 0.010309278350515462 0.018041237113402057 0.012886597938144326 0.0077319587628865965 0.015463917525773193 0.005154639175257731 0.02319587628865979 0.02577319587628865 0.02319587628865979 0.015463917525773193 0.02319587628865979 0.010309278350515462 0.0025773195876288655 0.018041237113402057 0.010309278350515462 0.005154639175257731 0.020618556701030924 0.02319587628865979 0.010309278350515462 0.020618556701030924 0.018041237113402057 0.020618556701030924 0.02577319587628865 0.018041237113402057 0.02577319587628865 0.018041237113402057 0.020618556701030924 0.02319587628865979 0.015463917525773193 0.018041237113402057 0.010309278350515462 0.020618556701030924 0.0077319587628865965 0.020618556701030924 0.02319587628865979 0.0077319587628865965 0.010309278350515462 0.005154639175257731 0.02319587628865979 0.005154639175257731 0.0025773195876288655 0.0025773195876288655 0.015463917525773193 0.005154639175257731 0.015463917525773193 0.0025773195876288655 0.010309278350515462 0.02319587628865979 0.0 
0.0026595744680851068 0.02393617021276596 0.026595744680851068 0.013297872340425534 0.018617021276595747 0.026595744680851068 0.0026595744680851068 0.0053191489361702135 0.021276595744680854 0.00797872340425532 0.018617021276595747 0.010638297872340427 0.013297872340425534 0.013297872340425534 0.01595744680851064 0.0026595744680851068 0.0026595744680851068 0.02393617021276596 0.018617021276595747 0.018617021276595747 0.013297872340425534 0.02393617021276596 0.026595744680851068 0.0026595744680851068 0.021276595744680854 0.01595744680851064 0.018617021276595747 0.010638297872340427 0.026595744680851068 0.0026595744680851068 0.013297872340425534 0.00797872340425532 0.0053191489361702135 0.021276595744680854 0.0053191489361702135 0.0026595744680851068 0.00797872340425532 0.021276595744680854 0.02393617021276596 0.02393617021276596 0.0026595744680851068 0.018617021276595747 0.01595744680851064 0.013297872340425534 0.021276595744680854 0.013297872340425534 0.0026595744680851068 0.018617021276595747 0.013297872340425534 0.018617021276595747 0.013297872340425534 0.0026595744680851068 0.00797872340425532 0.02393617021276596 0.021276595744680854 0.02393617021276596 0.018617021276595747 0.013297872340425534 0.013297872340425534 0.026595744680851068 0.02393617021276596 0.013297872340425534 0.01595744680851064 0.010638297872340427 0.013297872340425534 0.00797872340425532 0.00797872340425532 0.021276595744680854 0.0 
0.028169014084507064 0.016901408450704238 0.008450704225352119 0.005633802816901413 0.014084507042253532 0.014084507042253532 0.005633802816901413 0.02535211267605636 0.028169014084507064 0.008450704225352119 0.016901408450704238 0.02535211267605636 0.008450704225352119 0.028169014084507064 0.014084507042253532 0.028169014084507064 0.019718309859154945 0.005633802816901413 0.008450704225352119 0.019718309859154945 0.008450704225352119 0.0028169014084507065 0.0028169014084507065 0.019718309859154945 0.028169014084507064 0.019718309859154945 0.008450704225352119 0.011267605633802826 0.008450704225352119 0.0028169014084507065 0.028169014084507064 0.019718309859154945 0.005633802816901413 0.014084507042253532 0.014084507042253532 0.008450704225352119 0.016901408450704238 0.008450704225352119 0.011267605633802826 0.008450704225352119 0.011267605633802826 0.02535211267605636 0.008450704225352119 0.014084507042253532 0.022535211267605652 0.011267605633802826 0.011267605633802826 0.011267605633802826 0.019718309859154945 0.008450704225352119 0.016901408450704238 0.02535211267605636 0.022535211267605652 0.011267605633802826 0.011267605633802826 0.022535211267605652 0.008450704225352119 0.008450704225352119 0.0028169014084507065 0.022535211267605652 0.0028169014084507065 0.028169014084507064 0.016901408450704238 0.014084507042253532 0.02535211267605636 0.019718309859154945 0.014084507042253532 0.005633802816901413 0.0 
0.018518518518518514 0.01587301587301587 0.0238095238095238 0.02116402116402116 0.013227513227513223 0.007936507936507934 0.007936507936507934 0.026455026455026447 0.002645502645502645 0.00529100529100529 0.013227513227513223 0.026455026455026447 0.013227513227513223 0.01058201058201058 0.002645502645502645 0.01587301587301587 0.0238095238095238 0.0238095238095238 0.02116402116402116 0.007936507936507934 0.01587301587301587 0.00529100529100529 0.01587301587301587 0.007936507936507934 0.00529100529100529 0.007936507936507934 0.026455026455026447 0.018518518518518514 0.02116402116402116 0.013227513227513223 0.018518518518518514 0.00529100529100529 0.01587301587301587 0.02116402116402116 0.01587301587301587 0.013227513227513223 0.0238095238095238 0.007936507936507934 0.026455026455026447 0.018518518518518514 0.00529100529100529 0.0238095238095238 0.02116402116402116 0.026455026455026447 0.00529100529100529 0.00529100529100529 0.00529100529100529 0.026455026455026447 0.02116402116402116 0.026455026455026447 0.0238095238095238 0.026455026455026447 0.01058201058201058 0.01587301587301587 0.00529100529100529 0.00529100529100529 0.002645502645502645 0.02116402116402116 0.018518518518518514 0.007936507936507934 0.018518518518518514 0.013227513227513223 0.00529100529100529 0.002645502645502645 0.013227513227513223 0.013227513227513223 0.02116402116402116 0.002645502645502645 0.0 
0.0028571428571428576 0.02285714285714286 0.028571428571428574 0.0028571428571428576 0.020000000000000004 0.028571428571428574 0.014285714285714287 0.020000000000000004 0.02285714285714286 0.020000000000000004 0.020000000000000004 0.020000000000000004 0.0028571428571428576 0.02285714285714286 0.017142857142857147 0.008571428571428574 0.008571428571428574 0.014285714285714287 0.0028571428571428576 0.014285714285714287 0.02285714285714286 0.01142857142857143 0.025714285714285717 0.020000000000000004 0.020000000000000004 0.017142857142857147 0.008571428571428574 0.020000000000000004 0.020000000000000004 0.017142857142857147 0.0028571428571428576 0.008571428571428574 0.005714285714285715 0.020000000000000004 0.005714285714285715 0.014285714285714287 0.008571428571428574 0.005714285714285715 0.017142857142857147 0.008571428571428574 0.005714285714285715 0.017142857142857147 0.008571428571428574 0.020000000000000004 0.020000000000000004 0.008571428571428574 0.0028571428571428576 0.014285714285714287 0.017142857142857147 0.02285714285714286 0.01142857142857143 0.020000000000000004 0.017142857142857147 0.017142857142857147 0.028571428571428574 0.008571428571428574 0.0028571428571428576 0.017142857142857147 0.005714285714285715 0.01142857142857143 0.0028571428571428576 0.02285714285714286 0.005714285714285715 0.028571428571428574 0.01142857142857143 0.020000000000000004 0.017142857142857147 0.020000000000000004 0.0 
0.026041666666666678 0.018229166666666675 0.005208333333333336 0.015625000000000007 0.013020833333333339 0.020833333333333343 0.018229166666666675 0.010416666666666671 0.007812500000000003 0.010416666666666671 0.018229166666666675 0.015625000000000007 0.020833333333333343 0.020833333333333343 0.018229166666666675 0.018229166666666675 0.015625000000000007 0.02343750000000001 0.015625000000000007 0.010416666666666671 0.020833333333333343 0.007812500000000003 0.020833333333333343 0.007812500000000003 0.026041666666666678 0.015625000000000007 0.002604166666666668 0.007812500000000003 0.02343750000000001 0.005208333333333336 0.02343750000000001 0.007812500000000003 0.02343750000000001 0.018229166666666675 0.02343750000000001 0.010416666666666671 0.018229166666666675 0.013020833333333339 0.002604166666666668 0.018229166666666675 0.018229166666666675 0.010416666666666671 0.013020833333333339 0.02343750000000001 0.018229166666666675 0.002604166666666668 0.002604166666666668 0.010416666666666671 0.015625000000000007 0.020833333333333343 0.002604166666666668 0.026041666666666678 0.026041666666666678 0.02343750000000001 0.002604166666666668 0.005208333333333336 0.026041666666666678 0.013020833333333339 0.002604166666666668 0.007812500000000003 0.013020833333333339 0.02343750000000001 0.007812500000000003 0.007812500000000003 0.020833333333333343 0.018229166666666675 0.010416666666666671 0.007812500000000003 0.0 
0.019498607242339826 0.016713091922005565 0.013927576601671302 0.011142061281337042 0.011142061281337042 0.027855153203342604 0.022284122562674084 0.013927576601671302 0.013927576601671302 0.016713091922005565 0.027855153203342604 0.013927576601671302 0.005571030640668521 0.005571030640668521 0.022284122562674084 0.027855153203342604 0.0027855153203342605 0.0027855153203342605 0.016713091922005565 0.022284122562674084 0.0027855153203342605 0.016713091922005565 0.008356545961002783 0.0027855153203342605 0.027855153203342604 0.022284122562674084 0.016713091922005565 0.0027855153203342605 0.011142061281337042 0.016713091922005565 0.011142061281337042 0.008356545961002783 0.008356545961002783 0.0027855153203342605 0.025069637883008346 0.011142061281337042 0.027855153203342604 0.027855153203342604 0.027855153203342604 0.019498607242339826 0.013927576601671302 0.027855153203342604 0.011142061281337042 0.013927576601671302 0.005571030640668521 0.0027855153203342605 0.027855153203342604 0.005571030640668521 0.005571030640668521 0.022284122562674084 0.008356545961002783 0.022284122562674084 0.0027855153203342605 0.005571030640668521 0.025069637883008346 0.0027855153203342605 0.011142061281337042 0.016713091922005565 0.005571030640668521 0.008356545961002783 0.005571030640668521 0.013927576601671302 0.022284122562674084 0.027855153203342604 0.025069637883008346 0.013927576601671302 0.013927576601671302 0.019498607242339826 0.0 
0.015384615384615382 0.005128205128205127 0.0025641025641025637 0.005128205128205127 0.0025641025641025637 0.010256410256410255 0.015384615384615382 0.015384615384615382 0.017948717948717944 0.025641025641025633 0.007692307692307691 0.025641025641025633 0.015384615384615382 0.02051282051282051 0.015384615384615382 0.025641025641025633 0.023076923076923075 0.005128205128205127 0.015384615384615382 0.023076923076923075 0.025641025641025633 0.005128205128205127 0.012820512820512817 0.0025641025641025637 0.007692307692307691 0.0025641025641025637 0.025641025641025633 0.02051282051282051 0.025641025641025633 0.010256410256410255 0.023076923076923075 0.02051282051282051 0.02051282051282051 0.023076923076923075 0.005128205128205127 0.025641025641025633 0.023076923076923075 0.025641025641025633 0.0025641025641025637 0.02051282051282051 0.02051282051282051 0.017948717948717944 0.015384615384615382 0.023076923076923075 0.015384615384615382 0.012820512820512817 0.0025641025641025637 0.025641025641025633 0.005128205128205127 0.023076923076923075 0.0025641025641025637 0.010256410256410255 0.02051282051282051 0.010256410256410255 0.02051282051282051 0.015384615384615382 0.010256410256410255 0.023076923076923075 0.010256410256410255 0.005128205128205127 0.010256410256410255 0.010256410256410255 0.0025641025641025637 0.02051282051282051 0.007692307692307691 0.0025641025641025637 0.017948717948717944 0.017948717948717944 0.0 
0.020565552699228787 0.020565552699228787 0.005141388174807197 0.007712082262210795 0.023136246786632387 0.01542416452442159 0.005141388174807197 0.020565552699228787 0.010282776349614393 0.005141388174807197 0.01799485861182519 0.023136246786632387 0.007712082262210795 0.020565552699228787 0.023136246786632387 0.025706940874035984 0.01799485861182519 0.025706940874035984 0.023136246786632387 0.01542416452442159 0.0025706940874035984 0.0025706940874035984 0.025706940874035984 0.012853470437017992 0.01799485861182519 0.0025706940874035984 0.025706940874035984 0.012853470437017992 0.007712082262210795 0.007712082262210795 0.012853470437017992 0.020565552699228787 0.005141388174807197 0.025706940874035984 0.01799485861182519 0.012853470437017992 0.01799485861182519 0.023136246786632387 0.01799485861182519 0.025706940874035984 0.007712082262210795 0.020565552699228787 0.012853470437017992 0.0025706940874035984 0.005141388174807197 0.01799485861182519 0.012853470437017992 0.0025706940874035984 0.0025706940874035984 0.007712082262210795 0.020565552699228787 0.01799485861182519 0.01799485861182519 0.020565552699228787 0.020565552699228787 0.0025706940874035984 0.025706940874035984 0.012853470437017992 0.005141388174807197 0.012853470437017992 0.025706940874035984 0.01542416452442159 0.025706940874035984 0.0025706940874035984 0.01799485861182519 0.012853470437017992 0.012853470437017992 0.005141388174807197 0.0 
0.020671834625323 0.002583979328165375 0.00516795865633075 0.007751937984496124 0.023255813953488372 0.020671834625323 0.025839793281653745 0.023255813953488372 0.002583979328165375 0.002583979328165375 0.002583979328165375 0.007751937984496124 0.01808785529715762 0.023255813953488372 0.0103359173126615 0.020671834625323 0.0103359173126615 0.0103359173126615 0.015503875968992248 0.015503875968992248 0.012919896640826873 0.023255813953488372 0.025839793281653745 0.007751937984496124 0.023255813953488372 0.015503875968992248 0.020671834625323 0.015503875968992248 0.012919896640826873 0.012919896640826873 0.020671834625323 0.023255813953488372 0.023255813953488372 0.015503875968992248 0.01808785529715762 0.01808785529715762 0.0103359173126615 0.01808785529715762 0.002583979328165375 0.015503875968992248 0.01808785529715762 0.025839793281653745 0.015503875968992248 0.012919896640826873 0.0103359173126615 0.002583979328165375 0.015503875968992248 0.00516795865633075 0.015503875968992248 0.00516795865633075 0.00516795865633075 0.023255813953488372 0.020671834625323 0.025839793281653745 0.0103359173126615 0.015503875968992248 0.007751937984496124 0.01808785529715762 0.0103359173126615 0.023255813953488372 0.012919896640826873 0.023255813953488372 0.002583979328165375 0.023255813953488372 0.012919896640826873 0.002583979328165375 0.015503875968992248 0.015503875968992248 0.0 
0.007672634271099745 0.012787723785166242 0.023017902813299237 0.023017902813299237 0.012787723785166242 0.0051150895140664975 0.023017902813299237 0.023017902813299237 0.023017902813299237 0.010230179028132995 0.010230179028132995 0.007672634271099745 0.025575447570332484 0.01534526854219949 0.02046035805626599 0.01534526854219949 0.023017902813299237 0.02046035805626599 0.025575447570332484 0.0025575447570332487 0.007672634271099745 0.02046035805626599 0.010230179028132995 0.01534526854219949 0.0051150895140664975 0.01534526854219949 0.0051150895140664975 0.0051150895140664975 0.007672634271099745 0.012787723785166242 0.010230179028132995 0.0051150895140664975 0.025575447570332484 0.0051150895140664975 0.007672634271099745 0.023017902813299237 0.0051150895140664975 0.02046035805626599 0.023017902813299237 0.007672634271099745 0.025575447570332484 0.01790281329923274 0.01534526854219949 0.0051150895140664975 0.025575447570332484 0.01790281329923274 0.025575447570332484 0.007672634271099745 0.01534526854219949 0.01790281329923274 0.0051150895140664975 0.01534526854219949 0.023017902813299237 0.012787723785166242 0.01790281329923274 0.01534526854219949 0.01790281329923274 0.0025575447570332487 0.007672634271099745 0.01534526854219949 0.01790281329923274 0.007672634271099745 0.025575447570332484 0.0051150895140664975 0.012787723785166242 0.023017902813299237 0.023017902813299237 0.010230179028132995 0.0 
0.020887728459530026 0.007832898172323759 0.02610966057441253 0.005221932114882507 0.005221932114882507 0.005221932114882507 0.018276762402088774 0.010443864229765013 0.018276762402088774 0.015665796344647518 0.013054830287206266 0.007832898172323759 0.020887728459530026 0.02349869451697128 0.02349869451697128 0.0026109660574412533 0.020887728459530026 0.02349869451697128 0.02349869451697128 0.020887728459530026 0.013054830287206266 0.018276762402088774 0.02610966057441253 0.018276762402088774 0.02349869451697128 0.010443864229765013 0.020887728459530026 0.02349869451697128 0.013054830287206266 0.007832898172323759 0.010443864229765013 0.0026109660574412533 0.013054830287206266 0.02349869451697128 0.0026109660574412533 0.013054830287206266 0.007832898172323759 0.018276762402088774 0.007832898172323759 0.007832898172323759 0.007832898172323759 0.020887728459530026 0.02610966057441253 0.018276762402088774 0.02610966057441253 0.018276762402088774 0.0026109660574412533 0.007832898172323759 0.005221932114882507 0.013054830287206266 0.018276762402088774 0.010443864229765013 0.02349869451697128 0.020887728459530026 0.015665796344647518 0.02610966057441253 0.0026109660574412533 0.007832898172323759 0.005221932114882507 0.0026109660574412533 0.015665796344647518 0.02610966057441253 0.020887728459530026 0.010443864229765013 0.013054830287206266 0.013054830287206266 0.020887728459530026 0.005221932114882507 0.0 
0.02072538860103627 0.02072538860103627 0.023316062176165803 0.025906735751295335 0.015544041450777202 0.018134715025906734 0.0051813471502590676 0.0025906735751295338 0.0025906735751295338 0.0025906735751295338 0.007772020725388601 0.010362694300518135 0.0051813471502590676 0.018134715025906734 0.012953367875647668 0.0025906735751295338 0.023316062176165803 0.023316062176165803 0.018134715025906734 0.012953367875647668 0.015544041450777202 0.015544041450777202 0.02072538860103627 0.02072538860103627 0.025906735751295335 0.010362694300518135 0.015544041450777202 0.015544041450777202 0.012953367875647668 0.025906735751295335 0.0025906735751295338 0.025906735751295335 0.015544041450777202 0.018134715025906734 0.02072538860103627 0.0025906735751295338 0.023316062176165803 0.0025906735751295338 0.02072538860103627 0.023316062176165803 0.023316062176165803 0.025906735751295335 0.012953367875647668 0.0025906735751295338 0.010362694300518135 0.018134715025906734 0.023316062176165803 0.010362694300518135 0.012953367875647668 0.012953367875647668 0.012953367875647668 0.0051813471502590676 0.010362694300518135 0.023316062176165803 0.023316062176165803 0.010362694300518135 0.007772020725388601 0.0051813471502590676 0.012953367875647668 0.02072538860103627 0.018134715025906734 0.023316062176165803 0.0025906735751295338 0.0051813471502590676 0.0051813471502590676 0.010362694300518135 0.02072538860103627 0.023316062176165803 0.0 
0.01333333333333333 0.018666666666666665 0.007999999999999998 0.018666666666666665 0.02666666666666666 0.002666666666666666 0.002666666666666666 0.007999999999999998 0.02666666666666666 0.02666666666666666 0.002666666666666666 0.015999999999999997 0.002666666666666666 0.01333333333333333 0.02133333333333333 0.02133333333333333 0.005333333333333332 0.023999999999999994 0.018666666666666665 0.015999999999999997 0.005333333333333332 0.015999999999999997 0.01333333333333333 0.007999999999999998 0.018666666666666665 0.005333333333333332 0.005333333333333332 0.02133333333333333 0.02666666666666666 0.015999999999999997 0.01333333333333333 0.005333333333333332 0.015999999999999997 0.02133333333333333 0.023999999999999994 0.007999999999999998 0.01333333333333333 0.02666666666666666 0.02133333333333333 0.007999999999999998 0.023999999999999994 0.007999999999999998 0.005333333333333332 0.023999999999999994 0.02133333333333333 0.005333333333333332 0.010666666666666665 0.015999999999999997 0.023999999999999994 0.005333333333333332 0.010666666666666665 0.02666666666666666 0.005333333333333332 0.007999999999999998 0.02133333333333333 0.015999999999999997 0.023999999999999994 0.015999999999999997 0.010666666666666665 0.007999999999999998 0.015999999999999997 0.01333333333333333 0.023999999999999994 0.005333333333333332 0.002666666666666666 0.023999999999999994 0.023999999999999994 0.01333333333333333 0.0 
0.0024390243902439007 0.012195121951219504 0.0073170731707317025 0.019512195121951206 0.012195121951219504 0.012195121951219504 0.014634146341463405 0.017073170731707308 0.009756097560975603 0.019512195121951206 0.0024390243902439007 0.024390243902439008 0.012195121951219504 0.012195121951219504 0.014634146341463405 0.021951219512195107 0.014634146341463405 0.017073170731707308 0.004878048780487801 0.012195121951219504 0.014634146341463405 0.009756097560975603 0.024390243902439008 0.017073170731707308 0.021951219512195107 0.019512195121951206 0.012195121951219504 0.019512195121951206 0.021951219512195107 0.004878048780487801 0.012195121951219504 0.014634146341463405 0.014634146341463405 0.009756097560975603 0.021951219512195107 0.009756097560975603 0.014634146341463405 0.009756097560975603 0.012195121951219504 0.017073170731707308 0.004878048780487801 0.024390243902439008 0.024390243902439008 0.019512195121951206 0.017073170731707308 0.014634146341463405 0.0073170731707317025 0.024390243902439008 0.009756097560975603 0.014634146341463405 0.021951219512195107 0.009756097560975603 0.004878048780487801 0.024390243902439008 0.017073170731707308 0.019512195121951206 0.021951219512195107 0.004878048780487801 0.024390243902439008 0.019512195121951206 0.009756097560975603 0.019512195121951206 0.024390243902439008 0.012195121951219504 0.004878048780487801 0.004878048780487801 0.021951219512195107 0.0073170731707317025 0.0 
0.002525252525252525 0.022727272727272724 0.015151515151515148 0.015151515151515148 0.0101010101010101 0.002525252525252525 0.00505050505050505 0.0202020202020202 0.012626262626262623 0.012626262626262623 0.012626262626262623 0.012626262626262623 0.015151515151515148 0.017676767676767673 0.022727272727272724 0.012626262626262623 0.012626262626262623 0.0202020202020202 0.0202020202020202 0.012626262626262623 0.015151515151515148 0.0202020202020202 0.012626262626262623 0.025252525252525245 0.015151515151515148 0.025252525252525245 0.00505050505050505 0.012626262626262623 0.002525252525252525 0.00505050505050505 0.0101010101010101 0.025252525252525245 0.007575757575757574 0.002525252525252525 0.0202020202020202 0.007575757575757574 0.025252525252525245 0.002525252525252525 0.00505050505050505 0.022727272727272724 0.00505050505050505 0.00505050505050505 0.015151515151515148 0.025252525252525245 0.017676767676767673 0.017676767676767673 0.022727272727272724 0.00505050505050505 0.015151515151515148 0.025252525252525245 0.015151515151515148 0.017676767676767673 0.025252525252525245 0.002525252525252525 0.0101010101010101 0.0202020202020202 0.007575757575757574 0.025252525252525245 0.002525252525252525 0.025252525252525245 0.025252525252525245 0.025252525252525245 0.0202020202020202 0.0202020202020202 0.017676767676767673 0.0202020202020202 0.002525252525252525 0.017676767676767673 0.0 
0.0026666666666666666 0.008 0.018666666666666668 0.024 0.024 0.018666666666666668 0.010666666666666666 0.008 0.010666666666666666 0.005333333333333333 0.013333333333333334 0.0026666666666666666 0.024 0.008 0.018666666666666668 0.021333333333333333 0.021333333333333333 0.024 0.0026666666666666666 0.008 0.005333333333333333 0.018666666666666668 0.010666666666666666 0.018666666666666668 0.021333333333333333 0.02666666666666667 0.013333333333333334 0.0026666666666666666 0.024 0.008 0.010666666666666666 0.008 0.024 0.0026666666666666666 0.018666666666666668 0.018666666666666668 0.02666666666666667 0.016 0.02666666666666667 0.021333333333333333 0.010666666666666666 0.018666666666666668 0.024 0.016 0.008 0.024 0.02666666666666667 0.005333333333333333 0.013333333333333334 0.0026666666666666666 0.02666666666666667 0.013333333333333334 0.021333333333333333 0.0026666666666666666 0.02666666666666667 0.005333333333333333 0.013333333333333334 0.0026666666666666666 0.0026666666666666666 0.02666666666666667 0.0026666666666666666 0.010666666666666666 0.024 0.018666666666666668 0.008 0.0026666666666666666 0.02666666666666667 0.018666666666666668 0.0 
0.01719197707736391 0.020057306590257895 0.02865329512893985 0.00573065902578797 0.014326647564469925 0.014326647564469925 0.008595988538681956 0.02865329512893985 0.008595988538681956 0.014326647564469925 0.02865329512893985 0.01146131805157594 0.01146131805157594 0.020057306590257895 0.002865329512893985 0.025787965616045867 0.02865329512893985 0.01719197707736391 0.01719197707736391 0.008595988538681956 0.002865329512893985 0.014326647564469925 0.002865329512893985 0.01719197707736391 0.008595988538681956 0.01146131805157594 0.008595988538681956 0.02865329512893985 0.025787965616045867 0.02865329512893985 0.002865329512893985 0.020057306590257895 0.002865329512893985 0.02865329512893985 0.00573065902578797 0.01146131805157594 0.01719197707736391 0.00573065902578797 0.008595988538681956 0.002865329512893985 0.01719197707736391 0.020057306590257895 0.02865329512893985 0.00573065902578797 0.008595988538681956 0.020057306590257895 0.020057306590257895 0.02292263610315188 0.002865329512893985 0.01719197707736391 0.014326647564469925 0.02292263610315188 0.014326647564469925 0.020057306590257895 0.020057306590257895 0.025787965616045867 0.020057306590257895 0.002865329512893985 0.008595988538681956 0.002865329512893985 0.002865329512893985 0.025787965616045867 0.014326647564469925 0.002865329512893985 0.00573065902578797 0.002865329512893985 0.025787965616045867 0.01719197707736391 0.0 
0.00831024930747923 0.02493074792243769 0.0027700831024930765 0.01662049861495846 0.0027700831024930765 0.02493074792243769 0.01662049861495846 0.019390581717451533 0.02770083102493076 0.01385041551246538 0.01385041551246538 0.00831024930747923 0.01385041551246538 0.0027700831024930765 0.02493074792243769 0.005540166204986153 0.022160664819944612 0.01385041551246538 0.005540166204986153 0.0027700831024930765 0.02770083102493076 0.01662049861495846 0.005540166204986153 0.02493074792243769 0.005540166204986153 0.019390581717451533 0.0027700831024930765 0.0027700831024930765 0.00831024930747923 0.0027700831024930765 0.022160664819944612 0.00831024930747923 0.022160664819944612 0.01662049861495846 0.01385041551246538 0.0027700831024930765 0.022160664819944612 0.02770083102493076 0.02493074792243769 0.005540166204986153 0.011080332409972306 0.00831024930747923 0.00831024930747923 0.01662049861495846 0.022160664819944612 0.005540166204986153 0.01662049861495846 0.011080332409972306 0.02770083102493076 0.01662049861495846 0.019390581717451533 0.011080332409972306 0.019390581717451533 0.022160664819944612 0.01662049861495846 0.019390581717451533 0.02770083102493076 0.02770083102493076 0.01662049861495846 0.022160664819944612 0.01662049861495846 0.011080332409972306 0.011080332409972306 0.01385041551246538 0.0027700831024930765 0.005540166204986153 0.011080332409972306 0.02770083102493076 0.0 
0.010309278350515465 0.010309278350515465 0.023195876288659798 0.023195876288659798 0.010309278350515465 0.023195876288659798 0.025773195876288665 0.012886597938144333 0.0025773195876288664 0.018041237113402064 0.023195876288659798 0.018041237113402064 0.010309278350515465 0.023195876288659798 0.0077319587628866 0.023195876288659798 0.023195876288659798 0.023195876288659798 0.0077319587628866 0.0154639175257732 0.018041237113402064 0.0154639175257732 0.023195876288659798 0.0154639175257732 0.023195876288659798 0.0077319587628866 0.0025773195876288664 0.0077319587628866 0.0025773195876288664 0.0077319587628866 0.025773195876288665 0.0025773195876288664 0.023195876288659798 0.025773195876288665 0.0025773195876288664 0.012886597938144333 0.012886597938144333 0.010309278350515465 0.0154639175257732 0.0077319587628866 0.012886597938144333 0.0025773195876288664 0.0154639175257732 0.025773195876288665 0.0154639175257732 0.02061855670103093 0.02061855670103093 0.005154639175257733 0.0077319587628866 0.023195876288659798 0.02061855670103093 0.023195876288659798 0.005154639175257733 0.010309278350515465 0.0077319587628866 0.023195876288659798 0.02061855670103093 0.005154639175257733 0.025773195876288665 0.018041237113402064 0.0025773195876288664 0.023195876288659798 0.012886597938144333 0.018041237113402064 0.018041237113402064 0.005154639175257733 0.010309278350515465 0.0025773195876288664 0.0 
0.02061855670103093 0.005154639175257733 0.02061855670103093 0.005154639175257733 0.0154639175257732 0.0154639175257732 0.018041237113402064 0.02061855670103093 0.025773195876288665 0.02061855670103093 0.023195876288659798 0.025773195876288665 0.012886597938144333 0.0154639175257732 0.023195876288659798 0.018041237113402064 0.023195876288659798 0.0154639175257732 0.023195876288659798 0.023195876288659798 0.012886597938144333 0.0154639175257732 0.0077319587628866 0.005154639175257733 0.005154639175257733 0.02061855670103093 0.025773195876288665 0.02061855670103093 0.0025773195876288664 0.018041237113402064 0.010309278350515465 0.0077319587628866 0.005154639175257733 0.005154639175257733 0.0025773195876288664 0.02061855670103093 0.025773195876288665 0.02061855670103093 0.025773195876288665 0.0025773195876288664 0.010309278350515465 0.025773195876288665 0.018041237113402064 0.012886597938144333 0.023195876288659798 0.005154639175257733 0.012886597938144333 0.0154639175257732 0.012886597938144333 0.0077319587628866 0.018041237113402064 0.010309278350515465 0.025773195876288665 0.0077319587628866 0.0077319587628866 0.010309278350515465 0.0025773195876288664 0.0025773195876288664 0.018041237113402064 0.012886597938144333 0.010309278350515465 0.0025773195876288664 0.0025773195876288664 0.023195876288659798 0.023195876288659798 0.025773195876288665 0.0077319587628866 0.012886597938144333 0.0 
0.013297872340425535 0.02659574468085107 0.023936170212765964 0.01595744680851064 0.023936170212765964 0.00797872340425532 0.018617021276595747 0.018617021276595747 0.0026595744680851068 0.0053191489361702135 0.01595744680851064 0.010638297872340427 0.010638297872340427 0.013297872340425535 0.0053191489361702135 0.00797872340425532 0.013297872340425535 0.023936170212765964 0.0053191489361702135 0.010638297872340427 0.0026595744680851068 0.021276595744680854 0.023936170212765964 0.00797872340425532 0.0053191489361702135 0.018617021276595747 0.023936170212765964 0.00797872340425532 0.023936170212765964 0.0053191489361702135 0.021276595744680854 0.02659574468085107 0.013297872340425535 0.02659574468085107 0.013297872340425535 0.00797872340425532 0.013297872340425535 0.021276595744680854 0.010638297872340427 0.013297872340425535 0.021276595744680854 0.0026595744680851068 0.013297872340425535 0.013297872340425535 0.023936170212765964 0.021276595744680854 0.023936170212765964 0.01595744680851064 0.018617021276595747 0.00797872340425532 0.023936170212765964 0.023936170212765964 0.023936170212765964 0.0026595744680851068 0.0026595744680851068 0.0053191489361702135 0.0026595744680851068 0.01595744680851064 0.023936170212765964 0.010638297872340427 0.0026595744680851068 0.013297872340425535 0.00797872340425532 0.0053191489361702135 0.02659574468085107 0.023936170212765964 0.02659574468085107 0.013297872340425535 0.0 
0.005263157894736842 0.018421052631578946 0.005263157894736842 0.007894736842105263 0.010526315789473684 0.002631578947368421 0.013157894736842105 0.015789473684210527 0.010526315789473684 0.02368421052631579 0.021052631578947368 0.02368421052631579 0.02631578947368421 0.02368421052631579 0.007894736842105263 0.015789473684210527 0.010526315789473684 0.021052631578947368 0.018421052631578946 0.010526315789473684 0.015789473684210527 0.015789473684210527 0.013157894736842105 0.010526315789473684 0.007894736842105263 0.005263157894736842 0.02631578947368421 0.018421052631578946 0.002631578947368421 0.002631578947368421 0.018421052631578946 0.010526315789473684 0.02631578947368421 0.02368421052631579 0.010526315789473684 0.010526315789473684 0.021052631578947368 0.02631578947368421 0.013157894736842105 0.02368421052631579 0.018421052631578946 0.018421052631578946 0.021052631578947368 0.007894736842105263 0.015789473684210527 0.013157894736842105 0.002631578947368421 0.015789473684210527 0.02631578947368421 0.018421052631578946 0.018421052631578946 0.02368421052631579 0.015789473684210527 0.007894736842105263 0.010526315789473684 0.021052631578947368 0.02631578947368421 0.010526315789473684 0.015789473684210527 0.005263157894736842 0.005263157894736842 0.002631578947368421 0.013157894736842105 0.02631578947368421 0.010526315789473684 0.010526315789473684 0.013157894736842105 0.010526315789473684 0.0 
0.028248587570621462 0.016949152542372878 0.025423728813559317 0.005649717514124293 0.028248587570621462 0.011299435028248586 0.0028248587570621464 0.019774011299435026 0.014124293785310731 0.02259887005649717 0.019774011299435026 0.016949152542372878 0.019774011299435026 0.0028248587570621464 0.02259887005649717 0.02259887005649717 0.005649717514124293 0.0028248587570621464 0.008474576271186439 0.019774011299435026 0.019774011299435026 0.02259887005649717 0.014124293785310731 0.011299435028248586 0.011299435028248586 0.016949152542372878 0.005649717514124293 0.0028248587570621464 0.005649717514124293 0.008474576271186439 0.016949152542372878 0.014124293785310731 0.028248587570621462 0.008474576271186439 0.028248587570621462 0.019774011299435026 0.014124293785310731 0.005649717514124293 0.0028248587570621464 0.02259887005649717 0.025423728813559317 0.008474576271186439 0.025423728813559317 0.016949152542372878 0.011299435028248586 0.008474576271186439 0.008474576271186439 0.019774011299435026 0.025423728813559317 0.005649717514124293 0.014124293785310731 0.005649717514124293 0.011299435028248586 0.02259887005649717 0.011299435028248586 0.0028248587570621464 0.02259887005649717 0.011299435028248586 0.0028248587570621464 0.025423728813559317 0.011299435028248586 0.02259887005649717 0.014124293785310731 0.005649717514124293 0.019774011299435026 0.014124293785310731 0.011299435028248586 0.019774011299435026 0.0 
0.017721518987341766 0.01265822784810126 0.007594936708860756 0.020253164556962015 0.010126582278481008 0.005063291139240504 0.002531645569620252 0.017721518987341766 0.005063291139240504 0.015189873417721511 0.01265822784810126 0.017721518987341766 0.010126582278481008 0.005063291139240504 0.020253164556962015 0.020253164556962015 0.022784810126582268 0.002531645569620252 0.002531645569620252 0.007594936708860756 0.017721518987341766 0.005063291139240504 0.02531645569620252 0.02531645569620252 0.015189873417721511 0.005063291139240504 0.020253164556962015 0.010126582278481008 0.02531645569620252 0.010126582278481008 0.007594936708860756 0.01265822784810126 0.015189873417721511 0.01265822784810126 0.017721518987341766 0.022784810126582268 0.002531645569620252 0.02531645569620252 0.017721518987341766 0.020253164556962015 0.02531645569620252 0.017721518987341766 0.015189873417721511 0.01265822784810126 0.020253164556962015 0.010126582278481008 0.017721518987341766 0.010126582278481008 0.020253164556962015 0.022784810126582268 0.01265822784810126 0.022784810126582268 0.007594936708860756 0.017721518987341766 0.017721518987341766 0.015189873417721511 0.020253164556962015 0.022784810126582268 0.007594936708860756 0.007594936708860756 0.002531645569620252 0.022784810126582268 0.005063291139240504 0.02531645569620252 0.020253164556962015 0.015189873417721511 0.020253164556962015 0.015189873417721511 0.0 
0.01856763925729443 0.007957559681697613 0.021220159151193633 0.021220159151193633 0.013262599469496022 0.010610079575596816 0.010610079575596816 0.015915119363395226 0.015915119363395226 0.01856763925729443 0.005305039787798408 0.007957559681697613 0.002652519893899204 0.007957559681697613 0.015915119363395226 0.007957559681697613 0.002652519893899204 0.010610079575596816 0.023872679045092837 0.010610079575596816 0.026525198938992044 0.005305039787798408 0.002652519893899204 0.01856763925729443 0.013262599469496022 0.01856763925729443 0.013262599469496022 0.005305039787798408 0.010610079575596816 0.026525198938992044 0.01856763925729443 0.007957559681697613 0.023872679045092837 0.023872679045092837 0.007957559681697613 0.026525198938992044 0.010610079575596816 0.007957559681697613 0.005305039787798408 0.005305039787798408 0.015915119363395226 0.01856763925729443 0.005305039787798408 0.021220159151193633 0.026525198938992044 0.026525198938992044 0.01856763925729443 0.007957559681697613 0.007957559681697613 0.01856763925729443 0.023872679045092837 0.015915119363395226 0.01856763925729443 0.026525198938992044 0.015915119363395226 0.007957559681697613 0.026525198938992044 0.023872679045092837 0.015915119363395226 0.023872679045092837 0.023872679045092837 0.002652519893899204 0.002652519893899204 0.013262599469496022 0.013262599469496022 0.026525198938992044 0.015915119363395226 0.007957559681697613 0.0 
0.021680216802168025 0.01897018970189702 0.005420054200542006 0.021680216802168025 0.027100271002710032 0.00813008130081301 0.002710027100271003 0.027100271002710032 0.01897018970189702 0.021680216802168025 0.010840108401084013 0.010840108401084013 0.01897018970189702 0.005420054200542006 0.005420054200542006 0.01626016260162602 0.005420054200542006 0.005420054200542006 0.010840108401084013 0.01897018970189702 0.01626016260162602 0.00813008130081301 0.005420054200542006 0.010840108401084013 0.00813008130081301 0.005420054200542006 0.027100271002710032 0.027100271002710032 0.027100271002710032 0.002710027100271003 0.027100271002710032 0.027100271002710032 0.002710027100271003 0.01626016260162602 0.013550135501355016 0.010840108401084013 0.02439024390243903 0.027100271002710032 0.00813008130081301 0.002710027100271003 0.013550135501355016 0.02439024390243903 0.010840108401084013 0.027100271002710032 0.021680216802168025 0.01626016260162602 0.005420054200542006 0.010840108401084013 0.002710027100271003 0.013550135501355016 0.005420054200542006 0.010840108401084013 0.013550135501355016 0.02439024390243903 0.02439024390243903 0.027100271002710032 0.027100271002710032 0.01626016260162602 0.002710027100271003 0.010840108401084013 0.01626016260162602 0.02439024390243903 0.002710027100271003 0.01626016260162602 0.01626016260162602 0.02439024390243903 0.00813008130081301 0.002710027100271003 0.0 
0.022792022792022797 0.028490028490028494 0.022792022792022797 0.0028490028490028496 0.011396011396011398 0.005698005698005699 0.0028490028490028496 0.025641025641025644 0.0028490028490028496 0.019943019943019946 0.00854700854700855 0.005698005698005699 0.011396011396011398 0.014245014245014247 0.0170940170940171 0.005698005698005699 0.019943019943019946 0.028490028490028494 0.005698005698005699 0.011396011396011398 0.025641025641025644 0.00854700854700855 0.019943019943019946 0.0028490028490028496 0.014245014245014247 0.014245014245014247 0.0028490028490028496 0.011396011396011398 0.011396011396011398 0.019943019943019946 0.022792022792022797 0.019943019943019946 0.022792022792022797 0.005698005698005699 0.019943019943019946 0.025641025641025644 0.00854700854700855 0.0170940170940171 0.0028490028490028496 0.00854700854700855 0.0170940170940171 0.028490028490028494 0.028490028490028494 0.028490028490028494 0.011396011396011398 0.0028490028490028496 0.0170940170940171 0.00854700854700855 0.011396011396011398 0.011396011396011398 0.028490028490028494 0.0028490028490028496 0.019943019943019946 0.019943019943019946 0.005698005698005699 0.019943019943019946 0.0170940170940171 0.019943019943019946 0.00854700854700855 0.0028490028490028496 0.005698005698005699 0.025641025641025644 0.0028490028490028496 0.014245014245014247 0.025641025641025644 0.00854700854700855 0.022792022792022797 0.025641025641025644 0.0 
1.0 0.0 0.0 0.0 0.0 0.0 0.0 0.0 0.0 0.0 0.0 0.0 0.0 0.0 0.0 0.0 0.0 0.0 0.0 0.0 0.0 0.0 0.0 0.0 0.0 0.0 0.0 0.0 0.0 0.0 0.0 0.0 0.0 0.0 0.0 0.0 0.0 0.0 0.0 0.0 0.0 0.0 0.0 0.0 0.0 0.0 0.0 0.0 0.0 0.0 0.0 0.0 0.0 0.0 0.0 0.0 0.0 0.0 0.0 0.0 0.0 0.0 0.0 0.0 0.0 0.0 0.0 0.0 0.0 

emissions
1 1 1 1 1 1 1 1 1 1 1 1 1 1 1 1 1 1 1 1 1 1 1 1 1 1 1 1 1 1 1 1 1 1 1 1 1 1 1 1 1 1 1 1 1 1 1 1 1 1 1 1 1 1 1 1 1 1 1 1 1 1 1 1 1 1 1 0 0 
0 0 0 0 0 0 0 0 0 0 0 0 0 0 0 0 0 0 0 0 0 0 0 0 0 0 0 0 0 0 0 0 0 0 0 0 0 0 0 0 0 0 0 0 0 0 0 0 0 0 0 0 0 0 0 0 0 0 0 0 0 0 0 0 0 0 0 0 1 
0 0 0 0 0 0 0 0 0 0 0 0 0 0 0 0 0 0 0 0 0 0 0 0 0 0 0 0 0 0 0 0 0 0 0 0 0 0 0 0 0 0 0 0 0 0 0 0 0 0 0 0 0 0 0 0 0 0 0 0 0 0 0 0 0 0 0 1 0 
