states
0 1 2 3 4 5 6 7 8 9 10 11 12 13 14 15 16 17 18 19 20 21 22 23 24 25 26 27 28 29 30 31 32 33 34 35 36 37 38 39 40 41 42 43 44 45 46 47 48 49 50 51 52 53 54 55 56 57 58 59 60 61 62 63 64 65 
labels
empty init 
initial
0.0 0.0 0.0 0.0 0.0 0.0 0.0 0.0 0.0 0.0 0.0 0.0 0.0 0.0 0.0 0.0 0.0 0.0 0.0 0.0 0.0 0.0 0.0 0.0 0.0 0.0 0.0 0.0 0.0 0.0 0.0 0.0 0.0 0.0 0.0 0.0 0.0 0.0 0.0 0.0 0.0 0.0 0.0 0.0 0.0 0.0 0.0 0.0 0.0 0.0 0.0 0.0 0.0 0.0 0.0 0.0 0.0 0.0 0.0 0.0 0.0 0.0 0.0 0.0 0.0 1.0
transitions
0.015151515151515152 0.022727272727272728 0.025252525252525252 0.015151515151515152 0.0025252525252525255 0.0025252525252525255 0.005050505050505051 0.020202020202020204 0.017676767676767676 0.025252525252525252 0.007575757575757576 0.012626262626262626 0.015151515151515152 0.007575757575757576 0.012626262626262626 0.007575757575757576 0.012626262626262626 0.020202020202020204 0.020202020202020204 0.025252525252525252 0.005050505050505051 0.020202020202020204 0.0025252525252525255 0.017676767676767676 0.025252525252525252 0.025252525252525252 0.020202020202020204 0.017676767676767676 0.025252525252525252 0.005050505050505051 0.0025252525252525255 0.005050505050505051 0.022727272727272728 0.022727272727272728 0.010101010101010102 0.025252525252525252 0.022727272727272728 0.020202020202020204 0.010101010101010102 0.017676767676767676 0.015151515151515152 0.005050505050505051 0.025252525252525252 0.010101010101010102 0.012626262626262626 0.022727272727272728 0.005050505050505051 0.012626262626262626 0.0025252525252525255 0.010101010101010102 0.025252525252525252 0.007575757575757576 0.0025252525252525255 0.012626262626262626 0.025252525252525252 0.007575757575757576 0.020202020202020204 0.020202020202020204 0.025252525252525252 0.022727272727272728 0.017676767676767676 0.025252525252525252 0.010101010101010102 0.020202020202020204 0.020202020202020204 0.0 
0.01366120218579234 0.01639344262295081 0.02732240437158468 0.010928961748633873 0.019125683060109276 0.02459016393442621 0.002732240437158468 0.008196721311475405 0.021857923497267746 0.021857923497267746 0.02732240437158468 0.021857923497267746 0.010928961748633873 0.002732240437158468 0.02459016393442621 0.021857923497267746 0.021857923497267746 0.005464480874316936 0.005464480874316936 0.010928961748633873 0.002732240437158468 0.02459016393442621 0.019125683060109276 0.01366120218579234 0.01639344262295081 0.019125683060109276 0.008196721311475405 0.01639344262295081 0.021857923497267746 0.02459016393442621 0.01366120218579234 0.01366120218579234 0.021857923497267746 0.021857923497267746 0.01366120218579234 0.02732240437158468 0.002732240437158468 0.008196721311475405 0.002732240437158468 0.021857923497267746 0.005464480874316936 0.021857923497267746 0.02732240437158468 0.02459016393442621 0.01366120218579234 0.002732240437158468 0.005464480874316936 0.02732240437158468 0.02459016393442621 0.008196721311475405 0.010928961748633873 0.005464480874316936 0.008196721311475405 0.021857923497267746 0.008196721311475405 0.019125683060109276 0.002732240437158468 0.02732240437158468 0.008196721311475405 0.019125683060109276 0.019125683060109276 0.008196721311475405 0.021857923497267746 0.021857923497267746 0.002732240437158468 0.0 
0.02052785923753667 0.017595307917888575 0.005865102639296192 0.01466275659824048 0.02052785923753667 0.002932551319648096 0.02052785923753667 0.017595307917888575 0.005865102639296192 0.008797653958944288 0.005865102639296192 0.017595307917888575 0.01466275659824048 0.002932551319648096 0.023460410557184768 0.026392961876832863 0.02932551319648096 0.017595307917888575 0.023460410557184768 0.002932551319648096 0.02932551319648096 0.011730205278592384 0.02932551319648096 0.005865102639296192 0.01466275659824048 0.01466275659824048 0.02052785923753667 0.026392961876832863 0.026392961876832863 0.02932551319648096 0.008797653958944288 0.023460410557184768 0.017595307917888575 0.017595307917888575 0.01466275659824048 0.017595307917888575 0.026392961876832863 0.017595307917888575 0.026392961876832863 0.005865102639296192 0.005865102639296192 0.026392961876832863 0.023460410557184768 0.002932551319648096 0.011730205278592384 0.01466275659824048 0.008797653958944288 0.002932551319648096 0.011730205278592384 0.017595307917888575 0.005865102639296192 0.008797653958944288 0.01466275659824048 0.011730205278592384 0.002932551319648096 0.02052785923753667 0.002932551319648096 0.023460410557184768 0.008797653958944288 0.026392961876832863 0.011730205278592384 0.002932551319648096 0.026392961876832863 0.01466275659824048 0.008797653958944288 0.0 
0.030030030030030037 0.003003003003003004 0.012012012012012015 0.027027027027027035 0.006006006006006008 0.015015015015015018 0.012012012012012015 0.012012012012012015 0.021021021021021026 0.02402402402402403 0.012012012012012015 0.01801801801801802 0.012012012012012015 0.00900900900900901 0.015015015015015018 0.015015015015015018 0.003003003003003004 0.012012012012012015 0.012012012012012015 0.027027027027027035 0.012012012012012015 0.01801801801801802 0.021021021021021026 0.02402402402402403 0.01801801801801802 0.006006006006006008 0.02402402402402403 0.003003003003003004 0.00900900900900901 0.027027027027027035 0.00900900900900901 0.006006006006006008 0.015015015015015018 0.003003003003003004 0.015015015015015018 0.006006006006006008 0.02402402402402403 0.012012012012012015 0.006006006006006008 0.021021021021021026 0.021021021021021026 0.030030030030030037 0.021021021021021026 0.030030030030030037 0.021021021021021026 0.003003003003003004 0.003003003003003004 0.00900900900900901 0.030030030030030037 0.021021021021021026 0.003003003003003004 0.021021021021021026 0.02402402402402403 0.003003003003003004 0.012012012012012015 0.030030030030030037 0.003003003003003004 0.012012012012012015 0.015015015015015018 0.02402402402402403 0.01801801801801802 0.012012012012012015 0.027027027027027035 0.027027027027027035 0.003003003003003004 0.0 
0.01804123711340206 0.020618556701030927 0.02577319587628866 0.015463917525773196 0.01288659793814433 0.02577319587628866 0.015463917525773196 0.007731958762886598 0.015463917525773196 0.01804123711340206 0.01804123711340206 0.023195876288659795 0.020618556701030927 0.020618556701030927 0.020618556701030927 0.007731958762886598 0.01804123711340206 0.002577319587628866 0.015463917525773196 0.007731958762886598 0.005154639175257732 0.023195876288659795 0.015463917525773196 0.02577319587628866 0.01288659793814433 0.02577319587628866 0.005154639175257732 0.007731958762886598 0.002577319587628866 0.01288659793814433 0.020618556701030927 0.002577319587628866 0.01804123711340206 0.007731958762886598 0.01288659793814433 0.010309278350515464 0.01804123711340206 0.020618556701030927 0.01804123711340206 0.010309278350515464 0.002577319587628866 0.01804123711340206 0.01288659793814433 0.020618556701030927 0.01804123711340206 0.007731958762886598 0.02577319587628866 0.015463917525773196 0.02577319587628866 0.02577319587628866 0.02577319587628866 0.023195876288659795 0.01804123711340206 0.01288659793814433 0.007731958762886598 0.02577319587628866 0.01288659793814433 0.002577319587628866 0.002577319587628866 0.010309278350515464 0.01288659793814433 0.02577319587628866 0.010309278350515464 0.02577319587628866 0.005154639175257732 0.0 
0.008498583569405098 0.016997167138810197 0.014164305949008495 0.0028328611898016994 0.02549575070821529 0.008498583569405098 0.011331444759206798 0.02832861189801699 0.02832861189801699 0.014164305949008495 0.014164305949008495 0.02549575070821529 0.008498583569405098 0.005665722379603399 0.019830028328611894 0.011331444759206798 0.02549575070821529 0.02832861189801699 0.022662889518413595 0.0028328611898016994 0.016997167138810197 0.008498583569405098 0.008498583569405098 0.02549575070821529 0.016997167138810197 0.0028328611898016994 0.016997167138810197 0.02832861189801699 0.02549575070821529 0.019830028328611894 0.019830028328611894 0.0028328611898016994 0.014164305949008495 0.022662889518413595 0.011331444759206798 0.0028328611898016994 0.005665722379603399 0.019830028328611894 0.0028328611898016994 0.019830028328611894 0.005665722379603399 0.019830028328611894 0.014164305949008495 0.008498583569405098 0.016997167138810197 0.014164305949008495 0.019830028328611894 0.008498583569405098 0.02832861189801699 0.008498583569405098 0.022662889518413595 0.016997167138810197 0.0028328611898016994 0.022662889518413595 0.02549575070821529 0.02549575070821529 0.02549575070821529 0.0028328611898016994 0.022662889518413595 0.008498583569405098 0.0028328611898016994 0.022662889518413595 0.005665722379603399 0.005665722379603399 0.02832861189801699 0.0 
0.01775147928994083 0.005917159763313609 0.01775147928994083 0.029585798816568046 0.020710059171597635 0.014792899408284023 0.029585798816568046 0.026627218934911243 0.023668639053254437 0.01775147928994083 0.005917159763313609 0.026627218934911243 0.0029585798816568047 0.01775147928994083 0.011834319526627219 0.029585798816568046 0.0029585798816568047 0.014792899408284023 0.026627218934911243 0.020710059171597635 0.008875739644970414 0.014792899408284023 0.011834319526627219 0.008875739644970414 0.0029585798816568047 0.0029585798816568047 0.014792899408284023 0.008875739644970414 0.01775147928994083 0.0029585798816568047 0.0029585798816568047 0.011834319526627219 0.026627218934911243 0.01775147928994083 0.011834319526627219 0.005917159763313609 0.014792899408284023 0.023668639053254437 0.011834319526627219 0.008875739644970414 0.008875739644970414 0.008875739644970414 0.020710059171597635 0.020710059171597635 0.0029585798816568047 0.005917159763313609 0.01775147928994083 0.020710059171597635 0.01775147928994083 0.026627218934911243 0.026627218934911243 0.01775147928994083 0.01775147928994083 0.023668639053254437 0.01775147928994083 0.029585798816568046 0.005917159763313609 0.011834319526627219 0.029585798816568046 0.011834319526627219 0.011834319526627219 0.011834319526627219 0.020710059171597635 0.005917159763313609 0.011834319526627219 0.0 
0.0029585798816568047 0.01775147928994083 0.0029585798816568047 0.01775147928994083 0.008875739644970414 0.023668639053254437 0.020710059171597635 0.014792899408284023 0.0029585798816568047 0.008875739644970414 0.014792899408284023 0.026627218934911243 0.023668639053254437 0.020710059171597635 0.023668639053254437 0.023668639053254437 0.005917159763313609 0.023668639053254437 0.023668639053254437 0.011834319526627219 0.026627218934911243 0.011834319526627219 0.0029585798816568047 0.020710059171597635 0.011834319526627219 0.0029585798816568047 0.020710059171597635 0.01775147928994083 0.029585798816568046 0.020710059171597635 0.014792899408284023 0.020710059171597635 0.020710059171597635 0.008875739644970414 0.008875739644970414 0.014792899408284023 0.005917159763313609 0.008875739644970414 0.011834319526627219 0.029585798816568046 0.011834319526627219 0.020710059171597635 0.023668639053254437 0.0029585798816568047 0.011834319526627219 0.011834319526627219 0.020710059171597635 0.026627218934911243 0.020710059171597635 0.01775147928994083 0.005917159763313609 0.011834319526627219 0.008875739644970414 0.020710059171597635 0.011834319526627219 0.020710059171597635 0.023668639053254437 0.008875739644970414 0.026627218934911243 0.0029585798816568047 0.005917159763313609 0.026627218934911243 0.020710059171597635 0.0029585798816568047 0.0029585798816568047 0.0 
0.006309148264984227 0.00946372239747634 0.025236593059936908 0.025236593059936908 0.015772870662460567 0.015772870662460567 0.0031545741324921135 0.006309148264984227 0.0031545741324921135 0.028391167192429023 0.01892744479495268 0.022082018927444796 0.00946372239747634 0.01892744479495268 0.015772870662460567 0.012618296529968454 0.0031545741324921135 0.022082018927444796 0.00946372239747634 0.006309148264984227 0.031545741324921134 0.015772870662460567 0.015772870662460567 0.0031545741324921135 0.031545741324921134 0.028391167192429023 0.025236593059936908 0.025236593059936908 0.022082018927444796 0.006309148264984227 0.025236593059936908 0.00946372239747634 0.015772870662460567 0.01892744479495268 0.022082018927444796 0.025236593059936908 0.00946372239747634 0.0031545741324921135 0.01892744479495268 0.00946372239747634 0.025236593059936908 0.031545741324921134 0.031545741324921134 0.025236593059936908 0.006309148264984227 0.006309148264984227 0.015772870662460567 0.022082018927444796 0.01892744479495268 0.022082018927444796 0.015772870662460567 0.006309148264984227 0.006309148264984227 0.01892744479495268 0.006309148264984227 0.00946372239747634 0.022082018927444796 0.00946372239747634 0.012618296529968454 0.012618296529968454 0.00946372239747634 0.012618296529968454 0.0031545741324921135 0.0031545741324921135 0.006309148264984227 0.0 
0.015748031496062992 0.0026246719160104987 0.015748031496062992 0.023622047244094488 0.023622047244094488 0.0026246719160104987 0.0026246719160104987 0.0026246719160104987 0.026246719160104987 0.023622047244094488 0.015748031496062992 0.026246719160104987 0.010498687664041995 0.013123359580052493 0.0026246719160104987 0.026246719160104987 0.023622047244094488 0.01837270341207349 0.010498687664041995 0.026246719160104987 0.026246719160104987 0.0026246719160104987 0.023622047244094488 0.005249343832020997 0.01837270341207349 0.01837270341207349 0.005249343832020997 0.010498687664041995 0.02099737532808399 0.010498687664041995 0.007874015748031496 0.010498687664041995 0.0026246719160104987 0.007874015748031496 0.023622047244094488 0.007874015748031496 0.026246719160104987 0.0026246719160104987 0.005249343832020997 0.010498687664041995 0.026246719160104987 0.013123359580052493 0.023622047244094488 0.023622047244094488 0.023622047244094488 0.007874015748031496 0.023622047244094488 0.01837270341207349 0.013123359580052493 0.026246719160104987 0.0026246719160104987 0.015748031496062992 0.015748031496062992 0.01837270341207349 0.005249343832020997 0.02099737532808399 0.01837270341207349 0.015748031496062992 0.02099737532808399 0.005249343832020997 0.026246719160104987 0.02099737532808399 0.015748031496062992 0.01837270341207349 0.02099737532808399 0.0 
0.02083333333333334 0.023809523809523815 0.017857142857142863 0.02083333333333334 0.026785714285714295 0.023809523809523815 0.014880952380952385 0.008928571428571432 0.014880952380952385 0.002976190476190477 0.002976190476190477 0.011904761904761908 0.017857142857142863 0.02976190476190477 0.002976190476190477 0.011904761904761908 0.02083333333333334 0.017857142857142863 0.005952380952380954 0.005952380952380954 0.026785714285714295 0.014880952380952385 0.023809523809523815 0.002976190476190477 0.005952380952380954 0.023809523809523815 0.005952380952380954 0.017857142857142863 0.014880952380952385 0.017857142857142863 0.02083333333333334 0.008928571428571432 0.017857142857142863 0.011904761904761908 0.02976190476190477 0.011904761904761908 0.02976190476190477 0.017857142857142863 0.005952380952380954 0.02976190476190477 0.023809523809523815 0.023809523809523815 0.002976190476190477 0.026785714285714295 0.02083333333333334 0.005952380952380954 0.008928571428571432 0.002976190476190477 0.014880952380952385 0.014880952380952385 0.02083333333333334 0.005952380952380954 0.002976190476190477 0.02976190476190477 0.014880952380952385 0.02976190476190477 0.011904761904761908 0.002976190476190477 0.017857142857142863 0.005952380952380954 0.005952380952380954 0.02976190476190477 0.02083333333333334 0.002976190476190477 0.008928571428571432 0.0 
0.026470588235294117 0.011764705882352941 0.023529411764705882 0.008823529411764706 0.01764705882352941 0.020588235294117647 0.0029411764705882353 0.014705882352941176 0.008823529411764706 0.011764705882352941 0.0058823529411764705 0.0029411764705882353 0.01764705882352941 0.023529411764705882 0.0029411764705882353 0.008823529411764706 0.008823529411764706 0.0029411764705882353 0.029411764705882353 0.01764705882352941 0.0058823529411764705 0.0058823529411764705 0.020588235294117647 0.011764705882352941 0.008823529411764706 0.0058823529411764705 0.0058823529411764705 0.008823529411764706 0.023529411764705882 0.01764705882352941 0.008823529411764706 0.029411764705882353 0.014705882352941176 0.023529411764705882 0.011764705882352941 0.01764705882352941 0.0029411764705882353 0.008823529411764706 0.0058823529411764705 0.014705882352941176 0.029411764705882353 0.014705882352941176 0.020588235294117647 0.029411764705882353 0.011764705882352941 0.026470588235294117 0.026470588235294117 0.023529411764705882 0.0058823529411764705 0.026470588235294117 0.023529411764705882 0.026470588235294117 0.029411764705882353 0.008823529411764706 0.008823529411764706 0.01764705882352941 0.01764705882352941 0.011764705882352941 0.01764705882352941 0.029411764705882353 0.008823529411764706 0.023529411764705882 0.014705882352941176 0.0058823529411764705 0.020588235294117647 0.0 
0.03003003003003003 0.02702702702702703 0.006006006006006006 0.02702702702702703 0.006006006006006006 0.021021021021021023 0.009009009009009009 0.021021021021021023 0.006006006006006006 0.02702702702702703 0.012012012012012012 0.024024024024024024 0.003003003003003003 0.024024024024024024 0.003003003003003003 0.003003003003003003 0.024024024024024024 0.012012012012012012 0.03003003003003003 0.018018018018018018 0.009009009009009009 0.018018018018018018 0.006006006006006006 0.009009009009009009 0.018018018018018018 0.012012012012012012 0.012012012012012012 0.021021021021021023 0.006006006006006006 0.02702702702702703 0.006006006006006006 0.02702702702702703 0.021021021021021023 0.015015015015015015 0.021021021021021023 0.03003003003003003 0.018018018018018018 0.015015015015015015 0.024024024024024024 0.009009009009009009 0.003003003003003003 0.009009009009009009 0.003003003003003003 0.018018018018018018 0.03003003003003003 0.015015015015015015 0.006006006006006006 0.015015015015015015 0.018018018018018018 0.009009009009009009 0.03003003003003003 0.012012012012012012 0.006006006006006006 0.018018018018018018 0.006006006006006006 0.006006006006006006 0.024024024024024024 0.006006006006006006 0.009009009009009009 0.021021021021021023 0.003003003003003003 0.024024024024024024 0.024024024024024024 0.015015015015015015 0.012012012012012012 0.0 
0.007832898172323759 0.020887728459530026 0.02349869451697128 0.015665796344647518 0.007832898172323759 0.013054830287206266 0.02610966057441253 0.007832898172323759 0.007832898172323759 0.010443864229765013 0.015665796344647518 0.02610966057441253 0.018276762402088774 0.013054830287206266 0.02610966057441253 0.0026109660574412533 0.007832898172323759 0.02349869451697128 0.010443864229765013 0.020887728459530026 0.010443864229765013 0.02610966057441253 0.007832898172323759 0.010443864229765013 0.02349869451697128 0.02349869451697128 0.0026109660574412533 0.007832898172323759 0.018276762402088774 0.02349869451697128 0.010443864229765013 0.018276762402088774 0.013054830287206266 0.02610966057441253 0.020887728459530026 0.018276762402088774 0.010443864229765013 0.007832898172323759 0.02610966057441253 0.005221932114882507 0.015665796344647518 0.015665796344647518 0.018276762402088774 0.02610966057441253 0.013054830287206266 0.018276762402088774 0.020887728459530026 0.02349869451697128 0.015665796344647518 0.020887728459530026 0.007832898172323759 0.015665796344647518 0.010443864229765013 0.013054830287206266 0.015665796344647518 0.02610966057441253 0.007832898172323759 0.013054830287206266 0.0026109660574412533 0.010443864229765013 0.015665796344647518 0.007832898172323759 0.018276762402088774 0.007832898172323759 0.02349869451697128 0.0 
0.002985074626865671 0.008955223880597014 0.0208955223880597 0.014925373134328354 0.026865671641791038 0.014925373134328354 0.011940298507462683 0.014925373134328354 0.02985074626865671 0.026865671641791038 0.011940298507462683 0.017910447761194027 0.008955223880597014 0.002985074626865671 0.023880597014925366 0.02985074626865671 0.026865671641791038 0.005970149253731342 0.014925373134328354 0.0208955223880597 0.005970149253731342 0.0208955223880597 0.02985074626865671 0.011940298507462683 0.014925373134328354 0.011940298507462683 0.023880597014925366 0.011940298507462683 0.026865671641791038 0.011940298507462683 0.014925373134328354 0.014925373134328354 0.014925373134328354 0.0208955223880597 0.011940298507462683 0.002985074626865671 0.014925373134328354 0.0208955223880597 0.014925373134328354 0.02985074626865671 0.011940298507462683 0.002985074626865671 0.0208955223880597 0.008955223880597014 0.02985074626865671 0.008955223880597014 0.02985074626865671 0.002985074626865671 0.005970149253731342 0.008955223880597014 0.014925373134328354 0.0208955223880597 0.002985074626865671 0.0208955223880597 0.002985074626865671 0.002985074626865671 0.008955223880597014 0.0208955223880597 0.014925373134328354 0.005970149253731342 0.017910447761194027 0.026865671641791038 0.008955223880597014 0.008955223880597014 0.0208955223880597 0.0 
0.015151515151515152 0.005050505050505051 0.007575757575757576 0.020202020202020204 0.017676767676767676 0.020202020202020204 0.012626262626262626 0.015151515151515152 0.020202020202020204 0.007575757575757576 0.010101010101010102 0.020202020202020204 0.012626262626262626 0.005050505050505051 0.015151515151515152 0.022727272727272728 0.010101010101010102 0.005050505050505051 0.0025252525252525255 0.022727272727272728 0.022727272727272728 0.012626262626262626 0.012626262626262626 0.007575757575757576 0.017676767676767676 0.022727272727272728 0.015151515151515152 0.020202020202020204 0.020202020202020204 0.025252525252525252 0.020202020202020204 0.022727272727272728 0.022727272727272728 0.025252525252525252 0.012626262626262626 0.025252525252525252 0.017676767676767676 0.007575757575757576 0.010101010101010102 0.012626262626262626 0.010101010101010102 0.015151515151515152 0.007575757575757576 0.017676767676767676 0.025252525252525252 0.017676767676767676 0.0025252525252525255 0.012626262626262626 0.020202020202020204 0.010101010101010102 0.020202020202020204 0.017676767676767676 0.015151515151515152 0.0025252525252525255 0.007575757575757576 0.025252525252525252 0.025252525252525252 0.010101010101010102 0.007575757575757576 0.015151515151515152 0.005050505050505051 0.020202020202020204 0.025252525252525252 0.022727272727272728 0.020202020202020204 0.0 
0.010152284263959397 0.0050761421319796985 0.020304568527918794 0.010152284263959397 0.020304568527918794 0.025380710659898494 0.010152284263959397 0.022842639593908642 0.020304568527918794 0.012690355329949247 0.025380710659898494 0.022842639593908642 0.025380710659898494 0.015228426395939097 0.017766497461928946 0.0025380710659898493 0.010152284263959397 0.010152284263959397 0.015228426395939097 0.0050761421319796985 0.022842639593908642 0.015228426395939097 0.007614213197969549 0.010152284263959397 0.010152284263959397 0.020304568527918794 0.017766497461928946 0.022842639593908642 0.020304568527918794 0.022842639593908642 0.007614213197969549 0.020304568527918794 0.020304568527918794 0.022842639593908642 0.020304568527918794 0.007614213197969549 0.010152284263959397 0.020304568527918794 0.0025380710659898493 0.012690355329949247 0.0025380710659898493 0.022842639593908642 0.025380710659898494 0.012690355329949247 0.007614213197969549 0.020304568527918794 0.022842639593908642 0.010152284263959397 0.012690355329949247 0.0025380710659898493 0.020304568527918794 0.020304568527918794 0.025380710659898494 0.022842639593908642 0.020304568527918794 0.0050761421319796985 0.012690355329949247 0.022842639593908642 0.010152284263959397 0.025380710659898494 0.012690355329949247 0.007614213197969549 0.025380710659898494 0.0025380710659898493 0.0050761421319796985 0.0 
0.007653061224489796 0.02295918367346939 0.01020408163265306 0.017857142857142856 0.025510204081632654 0.02040816326530612 0.02295918367346939 0.017857142857142856 0.025510204081632654 0.025510204081632654 0.025510204081632654 0.02295918367346939 0.007653061224489796 0.00510204081632653 0.017857142857142856 0.012755102040816327 0.025510204081632654 0.01020408163265306 0.00510204081632653 0.01020408163265306 0.017857142857142856 0.015306122448979591 0.012755102040816327 0.025510204081632654 0.017857142857142856 0.02295918367346939 0.012755102040816327 0.002551020408163265 0.01020408163265306 0.025510204081632654 0.01020408163265306 0.02295918367346939 0.007653061224489796 0.02295918367346939 0.02040816326530612 0.012755102040816327 0.017857142857142856 0.012755102040816327 0.02040816326530612 0.015306122448979591 0.015306122448979591 0.012755102040816327 0.02040816326530612 0.02040816326530612 0.007653061224489796 0.02295918367346939 0.00510204081632653 0.02040816326530612 0.00510204081632653 0.015306122448979591 0.00510204081632653 0.02295918367346939 0.00510204081632653 0.007653061224489796 0.007653061224489796 0.002551020408163265 0.01020408163265306 0.01020408163265306 0.012755102040816327 0.02040816326530612 0.02040816326530612 0.01020408163265306 0.02040816326530612 0.017857142857142856 0.015306122448979591 0.0 
0.026755852842809374 0.010033444816053517 0.026755852842809374 0.020066889632107034 0.020066889632107034 0.03010033444816055 0.026755852842809374 0.006688963210702344 0.01672240802675586 0.010033444816053517 0.006688963210702344 0.01672240802675586 0.026755852842809374 0.023411371237458203 0.01672240802675586 0.006688963210702344 0.013377926421404687 0.003344481605351172 0.006688963210702344 0.01672240802675586 0.003344481605351172 0.003344481605351172 0.010033444816053517 0.01672240802675586 0.03010033444816055 0.026755852842809374 0.013377926421404687 0.006688963210702344 0.003344481605351172 0.020066889632107034 0.026755852842809374 0.006688963210702344 0.01672240802675586 0.03010033444816055 0.01672240802675586 0.010033444816053517 0.006688963210702344 0.013377926421404687 0.006688963210702344 0.026755852842809374 0.026755852842809374 0.003344481605351172 0.026755852842809374 0.010033444816053517 0.013377926421404687 0.01672240802675586 0.003344481605351172 0.01672240802675586 0.01672240802675586 0.01672240802675586 0.01672240802675586 0.010033444816053517 0.010033444816053517 0.01672240802675586 0.013377926421404687 0.003344481605351172 0.010033444816053517 0.013377926421404687 0.020066889632107034 0.006688963210702344 0.003344481605351172 0.03344481605351172 0.013377926421404687 0.03010033444816055 0.023411371237458203 0.0 
0.023391812865497078 0.0029239766081871348 0.026315789473684213 0.0029239766081871348 0.014619883040935673 0.026315789473684213 0.026315789473684213 0.011695906432748539 0.0058479532163742695 0.008771929824561405 0.023391812865497078 0.020467836257309944 0.023391812865497078 0.011695906432748539 0.0029239766081871348 0.011695906432748539 0.011695906432748539 0.011695906432748539 0.0058479532163742695 0.008771929824561405 0.0029239766081871348 0.011695906432748539 0.023391812865497078 0.01754385964912281 0.026315789473684213 0.0029239766081871348 0.014619883040935673 0.0058479532163742695 0.014619883040935673 0.020467836257309944 0.026315789473684213 0.026315789473684213 0.0029239766081871348 0.0029239766081871348 0.020467836257309944 0.020467836257309944 0.026315789473684213 0.029239766081871347 0.011695906432748539 0.029239766081871347 0.023391812865497078 0.0058479532163742695 0.0029239766081871348 0.011695906432748539 0.0058479532163742695 0.029239766081871347 0.011695906432748539 0.029239766081871347 0.011695906432748539 0.008771929824561405 0.020467836257309944 0.0058479532163742695 0.023391812865497078 0.011695906432748539 0.023391812865497078 0.0029239766081871348 0.011695906432748539 0.011695906432748539 0.026315789473684213 0.029239766081871347 0.0029239766081871348 0.029239766081871347 0.01754385964912281 0.011695906432748539 0.014619883040935673 0.0 
0.01385041551246538 0.002770083102493076 0.024930747922437685 0.024930747922437685 0.02216066481994461 0.024930747922437685 0.011080332409972304 0.008310249307479228 0.011080332409972304 0.005540166204986152 0.02770083102493076 0.02770083102493076 0.01385041551246538 0.016620498614958457 0.02770083102493076 0.01385041551246538 0.024930747922437685 0.01939058171745153 0.016620498614958457 0.002770083102493076 0.024930747922437685 0.01939058171745153 0.01939058171745153 0.024930747922437685 0.01939058171745153 0.01385041551246538 0.002770083102493076 0.01385041551246538 0.016620498614958457 0.01385041551246538 0.02770083102493076 0.008310249307479228 0.002770083102493076 0.008310249307479228 0.011080332409972304 0.01939058171745153 0.024930747922437685 0.02216066481994461 0.008310249307479228 0.005540166204986152 0.011080332409972304 0.005540166204986152 0.008310249307479228 0.008310249307479228 0.011080332409972304 0.02770083102493076 0.008310249307479228 0.01939058171745153 0.008310249307479228 0.02770083102493076 0.005540166204986152 0.005540166204986152 0.016620498614958457 0.01385041551246538 0.024930747922437685 0.01385041551246538 0.02216066481994461 0.008310249307479228 0.011080332409972304 0.002770083102493076 0.016620498614958457 0.024930747922437685 0.008310249307479228 0.02770083102493076 0.01385041551246538 0.0 
0.0028328611898017003 0.0028328611898017003 0.011331444759206801 0.0141643059490085 0.028328611898017 0.0198300283286119 0.022662889518413602 0.0198300283286119 0.0254957507082153 0.0028328611898017003 0.0254957507082153 0.0028328611898017003 0.016997167138810203 0.008498583569405102 0.0028328611898017003 0.0254957507082153 0.0198300283286119 0.005665722379603401 0.028328611898017 0.016997167138810203 0.0028328611898017003 0.0028328611898017003 0.0254957507082153 0.005665722379603401 0.011331444759206801 0.022662889518413602 0.016997167138810203 0.005665722379603401 0.008498583569405102 0.0198300283286119 0.011331444759206801 0.008498583569405102 0.005665722379603401 0.0254957507082153 0.0198300283286119 0.016997167138810203 0.028328611898017 0.005665722379603401 0.016997167138810203 0.005665722379603401 0.0198300283286119 0.011331444759206801 0.0028328611898017003 0.016997167138810203 0.022662889518413602 0.011331444759206801 0.008498583569405102 0.028328611898017 0.0141643059490085 0.0141643059490085 0.0141643059490085 0.028328611898017 0.028328611898017 0.028328611898017 0.0141643059490085 0.0254957507082153 0.005665722379603401 0.0198300283286119 0.0198300283286119 0.022662889518413602 0.008498583569405102 0.0141643059490085 0.016997167138810203 0.022662889518413602 0.011331444759206801 0.0 
0.02339181286549707 0.005847953216374268 0.020467836257309937 0.02339181286549707 0.029239766081871336 0.014619883040935668 0.026315789473684202 0.02339181286549707 0.002923976608187134 0.014619883040935668 0.005847953216374268 0.029239766081871336 0.02339181286549707 0.026315789473684202 0.020467836257309937 0.029239766081871336 0.005847953216374268 0.026315789473684202 0.011695906432748536 0.014619883040935668 0.02339181286549707 0.008771929824561401 0.008771929824561401 0.020467836257309937 0.005847953216374268 0.008771929824561401 0.008771929824561401 0.005847953216374268 0.017543859649122803 0.017543859649122803 0.008771929824561401 0.011695906432748536 0.011695906432748536 0.011695906432748536 0.002923976608187134 0.017543859649122803 0.011695906432748536 0.005847953216374268 0.002923976608187134 0.020467836257309937 0.014619883040935668 0.011695906432748536 0.005847953216374268 0.017543859649122803 0.017543859649122803 0.029239766081871336 0.002923976608187134 0.020467836257309937 0.02339181286549707 0.026315789473684202 0.008771929824561401 0.026315789473684202 0.017543859649122803 0.002923976608187134 0.026315789473684202 0.008771929824561401 0.026315789473684202 0.029239766081871336 0.014619883040935668 0.005847953216374268 0.008771929824561401 0.005847953216374268 0.020467836257309937 0.017543859649122803 0.002923976608187134 0.0 
0.021341463414634134 0.006097560975609752 0.003048780487804876 0.006097560975609752 0.012195121951219504 0.018292682926829253 0.01524390243902438 0.024390243902439008 0.021341463414634134 0.01524390243902438 0.009146341463414627 0.03048780487804876 0.012195121951219504 0.009146341463414627 0.027439024390243885 0.01524390243902438 0.009146341463414627 0.018292682926829253 0.006097560975609752 0.009146341463414627 0.018292682926829253 0.012195121951219504 0.012195121951219504 0.012195121951219504 0.009146341463414627 0.027439024390243885 0.006097560975609752 0.03048780487804876 0.021341463414634134 0.01524390243902438 0.012195121951219504 0.01524390243902438 0.027439024390243885 0.012195121951219504 0.027439024390243885 0.024390243902439008 0.006097560975609752 0.012195121951219504 0.01524390243902438 0.003048780487804876 0.009146341463414627 0.012195121951219504 0.01524390243902438 0.009146341463414627 0.003048780487804876 0.018292682926829253 0.027439024390243885 0.024390243902439008 0.027439024390243885 0.027439024390243885 0.01524390243902438 0.021341463414634134 0.012195121951219504 0.01524390243902438 0.018292682926829253 0.006097560975609752 0.01524390243902438 0.018292682926829253 0.009146341463414627 0.01524390243902438 0.003048780487804876 0.027439024390243885 0.012195121951219504 0.024390243902439008 0.003048780487804876 0.0 
0.011661807580174929 0.017492711370262395 0.017492711370262395 0.026239067055393594 0.008746355685131197 0.005830903790087464 0.029154518950437323 0.011661807580174929 0.005830903790087464 0.008746355685131197 0.026239067055393594 0.029154518950437323 0.029154518950437323 0.029154518950437323 0.002915451895043732 0.005830903790087464 0.002915451895043732 0.011661807580174929 0.005830903790087464 0.002915451895043732 0.020408163265306124 0.011661807580174929 0.017492711370262395 0.017492711370262395 0.005830903790087464 0.014577259475218662 0.029154518950437323 0.014577259475218662 0.002915451895043732 0.023323615160349857 0.023323615160349857 0.017492711370262395 0.014577259475218662 0.011661807580174929 0.023323615160349857 0.017492711370262395 0.002915451895043732 0.029154518950437323 0.023323615160349857 0.002915451895043732 0.026239067055393594 0.023323615160349857 0.023323615160349857 0.014577259475218662 0.005830903790087464 0.017492711370262395 0.002915451895043732 0.008746355685131197 0.011661807580174929 0.023323615160349857 0.023323615160349857 0.023323615160349857 0.002915451895043732 0.008746355685131197 0.017492711370262395 0.020408163265306124 0.008746355685131197 0.011661807580174929 0.026239067055393594 0.017492711370262395 0.005830903790087464 0.008746355685131197 0.020408163265306124 0.017492711370262395 0.017492711370262395 0.0 
0.01827676240208877 0.023498694516971272 0.007832898172323757 0.020887728459530023 0.007832898172323757 0.026109660574412524 0.01827676240208877 0.013054830287206262 0.005221932114882506 0.020887728459530023 0.023498694516971272 0.026109660574412524 0.020887728459530023 0.026109660574412524 0.013054830287206262 0.020887728459530023 0.020887728459530023 0.015665796344647515 0.01827676240208877 0.01827676240208877 0.005221932114882506 0.010443864229765011 0.002610966057441253 0.020887728459530023 0.023498694516971272 0.007832898172323757 0.002610966057441253 0.010443864229765011 0.013054830287206262 0.020887728459530023 0.01827676240208877 0.005221932114882506 0.023498694516971272 0.023498694516971272 0.026109660574412524 0.002610966057441253 0.01827676240208877 0.002610966057441253 0.020887728459530023 0.013054830287206262 0.01827676240208877 0.005221932114882506 0.007832898172323757 0.01827676240208877 0.010443864229765011 0.007832898172323757 0.002610966057441253 0.015665796344647515 0.005221932114882506 0.026109660574412524 0.01827676240208877 0.023498694516971272 0.026109660574412524 0.007832898172323757 0.01827676240208877 0.026109660574412524 0.01827676240208877 0.005221932114882506 0.002610966057441253 0.01827676240208877 0.015665796344647515 0.013054830287206262 0.015665796344647515 0.023498694516971272 0.013054830287206262 0.0 
0.020408163265306124 0.002915451895043732 0.017492711370262395 0.020408163265306124 0.023323615160349857 0.017492711370262395 0.029154518950437323 0.002915451895043732 0.014577259475218662 0.002915451895043732 0.020408163265306124 0.029154518950437323 0.014577259475218662 0.014577259475218662 0.002915451895043732 0.017492711370262395 0.017492711370262395 0.005830903790087464 0.002915451895043732 0.017492711370262395 0.017492711370262395 0.017492711370262395 0.002915451895043732 0.020408163265306124 0.002915451895043732 0.005830903790087464 0.011661807580174929 0.023323615160349857 0.020408163265306124 0.002915451895043732 0.020408163265306124 0.029154518950437323 0.017492711370262395 0.005830903790087464 0.023323615160349857 0.014577259475218662 0.023323615160349857 0.020408163265306124 0.008746355685131197 0.002915451895043732 0.017492711370262395 0.014577259475218662 0.026239067055393594 0.008746355685131197 0.020408163265306124 0.026239067055393594 0.005830903790087464 0.026239067055393594 0.011661807580174929 0.029154518950437323 0.023323615160349857 0.020408163265306124 0.017492711370262395 0.020408163265306124 0.029154518950437323 0.002915451895043732 0.008746355685131197 0.005830903790087464 0.020408163265306124 0.014577259475218662 0.020408163265306124 0.011661807580174929 0.020408163265306124 0.002915451895043732 0.008746355685131197 0.0 
0.03154574132492114 0.009463722397476343 0.025236593059936915 0.01577287066246057 0.006309148264984229 0.009463722397476343 0.0220820189274448 0.009463722397476343 0.03154574132492114 0.0031545741324921143 0.025236593059936915 0.018927444794952685 0.02839116719242903 0.01577287066246057 0.03154574132492114 0.006309148264984229 0.009463722397476343 0.02839116719242903 0.025236593059936915 0.02839116719242903 0.009463722397476343 0.0220820189274448 0.009463722397476343 0.03154574132492114 0.009463722397476343 0.009463722397476343 0.0031545741324921143 0.025236593059936915 0.006309148264984229 0.006309148264984229 0.006309148264984229 0.01577287066246057 0.006309148264984229 0.0031545741324921143 0.018927444794952685 0.0031545741324921143 0.01577287066246057 0.006309148264984229 0.03154574132492114 0.018927444794952685 0.012618296529968457 0.0031545741324921143 0.025236593059936915 0.0031545741324921143 0.02839116719242903 0.0031545741324921143 0.018927444794952685 0.0031545741324921143 0.01577287066246057 0.01577287066246057 0.0220820189274448 0.025236593059936915 0.03154574132492114 0.009463722397476343 0.009463722397476343 0.01577287066246057 0.03154574132492114 0.009463722397476343 0.012618296529968457 0.0031545741324921143 0.009463722397476343 0.0220820189274448 0.0031545741324921143 0.018927444794952685 0.006309148264984229 0.0 
0.017156862745098044 0.007352941176470589 0.014705882352941178 0.002450980392156863 0.02450980392156863 0.004901960784313726 0.004901960784313726 0.009803921568627453 0.02450980392156863 0.02450980392156863 0.014705882352941178 0.02450980392156863 0.017156862745098044 0.019607843137254905 0.017156862745098044 0.019607843137254905 0.017156862745098044 0.019607843137254905 0.019607843137254905 0.007352941176470589 0.02450980392156863 0.02450980392156863 0.002450980392156863 0.012254901960784315 0.012254901960784315 0.02450980392156863 0.02450980392156863 0.012254901960784315 0.004901960784313726 0.014705882352941178 0.02450980392156863 0.02450980392156863 0.017156862745098044 0.007352941176470589 0.002450980392156863 0.007352941176470589 0.009803921568627453 0.02450980392156863 0.02205882352941177 0.02205882352941177 0.012254901960784315 0.02205882352941177 0.007352941176470589 0.017156862745098044 0.012254901960784315 0.017156862745098044 0.012254901960784315 0.014705882352941178 0.019607843137254905 0.002450980392156863 0.014705882352941178 0.014705882352941178 0.009803921568627453 0.02205882352941177 0.007352941176470589 0.002450980392156863 0.014705882352941178 0.009803921568627453 0.02205882352941177 0.02205882352941177 0.014705882352941178 0.02205882352941177 0.019607843137254905 0.012254901960784315 0.02450980392156863 0.0 
0.01734104046242774 0.01734104046242774 0.0028901734104046237 0.02312138728323699 0.005780346820809247 0.014450867052023118 0.014450867052023118 0.026011560693641612 0.00867052023121387 0.00867052023121387 0.020231213872832367 0.02312138728323699 0.005780346820809247 0.01734104046242774 0.011560693641618495 0.026011560693641612 0.014450867052023118 0.0028901734104046237 0.014450867052023118 0.0028901734104046237 0.01734104046242774 0.028901734104046235 0.02312138728323699 0.028901734104046235 0.01734104046242774 0.028901734104046235 0.01734104046242774 0.028901734104046235 0.02312138728323699 0.00867052023121387 0.014450867052023118 0.00867052023121387 0.028901734104046235 0.014450867052023118 0.0028901734104046237 0.01734104046242774 0.011560693641618495 0.028901734104046235 0.02312138728323699 0.014450867052023118 0.020231213872832367 0.0028901734104046237 0.0028901734104046237 0.014450867052023118 0.005780346820809247 0.011560693641618495 0.014450867052023118 0.005780346820809247 0.020231213872832367 0.011560693641618495 0.00867052023121387 0.014450867052023118 0.00867052023121387 0.020231213872832367 0.02312138728323699 0.005780346820809247 0.0028901734104046237 0.0028901734104046237 0.026011560693641612 0.01734104046242774 0.00867052023121387 0.028901734104046235 0.02312138728323699 0.01734104046242774 0.01734104046242774 0.0 
0.021447721179624655 0.008042895442359246 0.002680965147453082 0.024128686327077736 0.010723860589812327 0.008042895442359246 0.021447721179624655 0.024128686327077736 0.010723860589812327 0.016085790884718492 0.002680965147453082 0.018766756032171573 0.002680965147453082 0.024128686327077736 0.005361930294906164 0.02680965147453082 0.018766756032171573 0.010723860589812327 0.01340482573726541 0.024128686327077736 0.021447721179624655 0.016085790884718492 0.02680965147453082 0.016085790884718492 0.008042895442359246 0.002680965147453082 0.018766756032171573 0.002680965147453082 0.018766756032171573 0.01340482573726541 0.016085790884718492 0.02680965147453082 0.016085790884718492 0.008042895442359246 0.002680965147453082 0.018766756032171573 0.02680965147453082 0.008042895442359246 0.002680965147453082 0.008042895442359246 0.02680965147453082 0.002680965147453082 0.021447721179624655 0.02680965147453082 0.016085790884718492 0.01340482573726541 0.008042895442359246 0.02680965147453082 0.02680965147453082 0.010723860589812327 0.021447721179624655 0.01340482573726541 0.010723860589812327 0.01340482573726541 0.01340482573726541 0.02680965147453082 0.021447721179624655 0.01340482573726541 0.016085790884718492 0.02680965147453082 0.02680965147453082 0.021447721179624655 0.010723860589812327 0.002680965147453082 0.008042895442359246 0.0 
0.005524861878453036 0.01381215469613259 0.01381215469613259 0.011049723756906072 0.02762430939226518 0.011049723756906072 0.01657458563535911 0.019337016574585628 0.024861878453038663 0.02762430939226518 0.008287292817679554 0.024861878453038663 0.011049723756906072 0.011049723756906072 0.008287292817679554 0.019337016574585628 0.02762430939226518 0.024861878453038663 0.022099447513812143 0.019337016574585628 0.019337016574585628 0.01657458563535911 0.022099447513812143 0.01381215469613259 0.008287292817679554 0.01381215469613259 0.01381215469613259 0.02762430939226518 0.005524861878453036 0.005524861878453036 0.024861878453038663 0.02762430939226518 0.019337016574585628 0.011049723756906072 0.01657458563535911 0.002762430939226518 0.01381215469613259 0.022099447513812143 0.02762430939226518 0.01381215469613259 0.01657458563535911 0.008287292817679554 0.005524861878453036 0.02762430939226518 0.024861878453038663 0.01657458563535911 0.002762430939226518 0.008287292817679554 0.02762430939226518 0.01381215469613259 0.002762430939226518 0.02762430939226518 0.011049723756906072 0.01381215469613259 0.002762430939226518 0.008287292817679554 0.01381215469613259 0.005524861878453036 0.019337016574585628 0.002762430939226518 0.024861878453038663 0.022099447513812143 0.002762430939226518 0.005524861878453036 0.011049723756906072 0.0 
0.02191780821917808 0.00547945205479452 0.027397260273972594 0.01095890410958904 0.00547945205479452 0.00547945205479452 0.01917808219178082 0.02191780821917808 0.024657534246575335 0.00547945205479452 0.00547945205479452 0.024657534246575335 0.008219178082191778 0.00273972602739726 0.008219178082191778 0.008219178082191778 0.024657534246575335 0.01917808219178082 0.02191780821917808 0.00547945205479452 0.024657534246575335 0.027397260273972594 0.008219178082191778 0.008219178082191778 0.01095890410958904 0.016438356164383557 0.008219178082191778 0.008219178082191778 0.01095890410958904 0.024657534246575335 0.02191780821917808 0.013698630136986297 0.00547945205479452 0.016438356164383557 0.027397260273972594 0.00547945205479452 0.02191780821917808 0.00547945205479452 0.027397260273972594 0.027397260273972594 0.00273972602739726 0.01917808219178082 0.02191780821917808 0.00273972602739726 0.024657534246575335 0.024657534246575335 0.016438356164383557 0.01917808219178082 0.00273972602739726 0.01095890410958904 0.01917808219178082 0.013698630136986297 0.027397260273972594 0.01095890410958904 0.016438356164383557 0.016438356164383557 0.013698630136986297 0.008219178082191778 0.02191780821917808 0.00547945205479452 0.024657534246575335 0.016438356164383557 0.016438356164383557 0.02191780821917808 0.024657534246575335 0.0 
0.021686746987951804 0.019277108433734938 0.009638554216867469 0.02409638554216867 0.0024096385542168672 0.02409638554216867 0.012048192771084335 0.021686746987951804 0.009638554216867469 0.021686746987951804 0.007228915662650601 0.021686746987951804 0.021686746987951804 0.014457831325301202 0.019277108433734938 0.0048192771084337345 0.007228915662650601 0.01686746987951807 0.021686746987951804 0.012048192771084335 0.0024096385542168672 0.007228915662650601 0.021686746987951804 0.014457831325301202 0.012048192771084335 0.019277108433734938 0.02409638554216867 0.01686746987951807 0.021686746987951804 0.02409638554216867 0.012048192771084335 0.021686746987951804 0.02409638554216867 0.0048192771084337345 0.007228915662650601 0.019277108433734938 0.009638554216867469 0.021686746987951804 0.01686746987951807 0.0048192771084337345 0.01686746987951807 0.0048192771084337345 0.02409638554216867 0.02409638554216867 0.019277108433734938 0.014457831325301202 0.021686746987951804 0.019277108433734938 0.0048192771084337345 0.019277108433734938 0.014457831325301202 0.02409638554216867 0.0048192771084337345 0.0024096385542168672 0.007228915662650601 0.021686746987951804 0.019277108433734938 0.019277108433734938 0.01686746987951807 0.012048192771084335 0.0024096385542168672 0.019277108433734938 0.014457831325301202 0.009638554216867469 0.02409638554216867 0.0 
0.012820512820512817 0.023076923076923075 0.02051282051282051 0.0025641025641025637 0.017948717948717944 0.005128205128205127 0.02051282051282051 0.007692307692307691 0.012820512820512817 0.0025641025641025637 0.012820512820512817 0.010256410256410255 0.015384615384615382 0.010256410256410255 0.005128205128205127 0.005128205128205127 0.02051282051282051 0.012820512820512817 0.025641025641025633 0.02051282051282051 0.025641025641025633 0.010256410256410255 0.010256410256410255 0.023076923076923075 0.012820512820512817 0.02051282051282051 0.023076923076923075 0.02051282051282051 0.007692307692307691 0.023076923076923075 0.025641025641025633 0.005128205128205127 0.023076923076923075 0.015384615384615382 0.015384615384615382 0.017948717948717944 0.025641025641025633 0.02051282051282051 0.005128205128205127 0.010256410256410255 0.0025641025641025637 0.023076923076923075 0.015384615384615382 0.012820512820512817 0.025641025641025633 0.0025641025641025637 0.010256410256410255 0.017948717948717944 0.012820512820512817 0.025641025641025633 0.023076923076923075 0.025641025641025633 0.007692307692307691 0.010256410256410255 0.025641025641025633 0.0025641025641025637 0.017948717948717944 0.02051282051282051 0.010256410256410255 0.025641025641025633 0.010256410256410255 0.02051282051282051 0.015384615384615382 0.023076923076923075 0.007692307692307691 0.0 
0.028938906752411574 0.00964630225080386 0.02572347266881029 0.01929260450160772 0.012861736334405145 0.006430868167202572 0.00964630225080386 0.022508038585209004 0.03215434083601286 0.006430868167202572 0.00964630225080386 0.012861736334405145 0.003215434083601286 0.022508038585209004 0.00964630225080386 0.02572347266881029 0.006430868167202572 0.03215434083601286 0.006430868167202572 0.03215434083601286 0.006430868167202572 0.03215434083601286 0.01929260450160772 0.003215434083601286 0.01929260450160772 0.003215434083601286 0.003215434083601286 0.022508038585209004 0.02572347266881029 0.01929260450160772 0.01929260450160772 0.02572347266881029 0.003215434083601286 0.02572347266881029 0.006430868167202572 0.00964630225080386 0.01607717041800643 0.003215434083601286 0.028938906752411574 0.028938906752411574 0.012861736334405145 0.028938906752411574 0.012861736334405145 0.00964630225080386 0.003215434083601286 0.012861736334405145 0.012861736334405145 0.01607717041800643 0.006430868167202572 0.003215434083601286 0.00964630225080386 0.00964630225080386 0.022508038585209004 0.02572347266881029 0.01607717041800643 0.006430868167202572 0.003215434083601286 0.006430868167202572 0.00964630225080386 0.028938906752411574 0.02572347266881029 0.01607717041800643 0.012861736334405145 0.01929260450160772 0.012861736334405145 0.0 
0.016216216216216217 0.010810810810810811 0.024324324324324326 0.024324324324324326 0.016216216216216217 0.02702702702702703 0.024324324324324326 0.013513513513513514 0.005405405405405406 0.013513513513513514 0.016216216216216217 0.010810810810810811 0.021621621621621623 0.01891891891891892 0.002702702702702703 0.021621621621621623 0.02702702702702703 0.01891891891891892 0.021621621621621623 0.024324324324324326 0.008108108108108109 0.008108108108108109 0.010810810810810811 0.016216216216216217 0.008108108108108109 0.010810810810810811 0.008108108108108109 0.005405405405405406 0.002702702702702703 0.008108108108108109 0.010810810810810811 0.01891891891891892 0.02702702702702703 0.013513513513513514 0.021621621621621623 0.02702702702702703 0.02702702702702703 0.021621621621621623 0.002702702702702703 0.010810810810810811 0.008108108108108109 0.02702702702702703 0.01891891891891892 0.010810810810810811 0.016216216216216217 0.008108108108108109 0.016216216216216217 0.01891891891891892 0.021621621621621623 0.02702702702702703 0.021621621621621623 0.005405405405405406 0.005405405405405406 0.01891891891891892 0.021621621621621623 0.010810810810810811 0.005405405405405406 0.005405405405405406 0.021621621621621623 0.008108108108108109 0.016216216216216217 0.016216216216216217 0.013513513513513514 0.010810810810810811 0.01891891891891892 0.0 
0.005509641873278236 0.005509641873278236 0.016528925619834708 0.02479338842975206 0.019283746556473826 0.005509641873278236 0.02479338842975206 0.022038567493112945 0.002754820936639118 0.022038567493112945 0.022038567493112945 0.011019283746556472 0.02479338842975206 0.02754820936639118 0.02479338842975206 0.016528925619834708 0.005509641873278236 0.022038567493112945 0.011019283746556472 0.019283746556473826 0.02754820936639118 0.01377410468319559 0.02479338842975206 0.022038567493112945 0.005509641873278236 0.002754820936639118 0.022038567493112945 0.005509641873278236 0.005509641873278236 0.002754820936639118 0.019283746556473826 0.002754820936639118 0.022038567493112945 0.02754820936639118 0.022038567493112945 0.002754820936639118 0.016528925619834708 0.008264462809917354 0.02479338842975206 0.008264462809917354 0.002754820936639118 0.008264462809917354 0.022038567493112945 0.019283746556473826 0.002754820936639118 0.005509641873278236 0.016528925619834708 0.022038567493112945 0.002754820936639118 0.02479338842975206 0.016528925619834708 0.022038567493112945 0.02479338842975206 0.02479338842975206 0.02479338842975206 0.01377410468319559 0.011019283746556472 0.011019283746556472 0.002754820936639118 0.002754820936639118 0.011019283746556472 0.022038567493112945 0.01377410468319559 0.02754820936639118 0.02479338842975206 0.0 
0.012618296529968454 0.01892744479495268 0.012618296529968454 0.006309148264984227 0.028391167192429023 0.025236593059936908 0.0031545741324921135 0.022082018927444796 0.0031545741324921135 0.0031545741324921135 0.025236593059936908 0.006309148264984227 0.028391167192429023 0.025236593059936908 0.01892744479495268 0.028391167192429023 0.012618296529968454 0.006309148264984227 0.025236593059936908 0.022082018927444796 0.025236593059936908 0.031545741324921134 0.0031545741324921135 0.0031545741324921135 0.025236593059936908 0.01892744479495268 0.01892744479495268 0.0031545741324921135 0.006309148264984227 0.022082018927444796 0.012618296529968454 0.0031545741324921135 0.022082018927444796 0.00946372239747634 0.012618296529968454 0.022082018927444796 0.012618296529968454 0.022082018927444796 0.00946372239747634 0.0031545741324921135 0.01892744479495268 0.025236593059936908 0.022082018927444796 0.00946372239747634 0.01892744479495268 0.01892744479495268 0.006309148264984227 0.015772870662460567 0.0031545741324921135 0.012618296529968454 0.012618296529968454 0.01892744479495268 0.012618296529968454 0.015772870662460567 0.012618296529968454 0.0031545741324921135 0.012618296529968454 0.028391167192429023 0.031545741324921134 0.0031545741324921135 0.025236593059936908 0.022082018927444796 0.01892744479495268 0.0031545741324921135 0.006309148264984227 0.0 
0.014164305949008499 0.019830028328611898 0.0226628895184136 0.0169971671388102 0.0169971671388102 0.019830028328611898 0.0169971671388102 0.014164305949008499 0.014164305949008499 0.0028328611898017 0.025495750708215296 0.0056657223796034 0.0113314447592068 0.0113314447592068 0.0028328611898017 0.0028328611898017 0.0028328611898017 0.014164305949008499 0.019830028328611898 0.019830028328611898 0.0113314447592068 0.014164305949008499 0.028328611898016998 0.019830028328611898 0.0226628895184136 0.025495750708215296 0.0226628895184136 0.0113314447592068 0.0113314447592068 0.0056657223796034 0.0084985835694051 0.0084985835694051 0.0113314447592068 0.0169971671388102 0.0226628895184136 0.0028328611898017 0.0056657223796034 0.0169971671388102 0.0169971671388102 0.0226628895184136 0.028328611898016998 0.0084985835694051 0.0226628895184136 0.025495750708215296 0.019830028328611898 0.0113314447592068 0.0084985835694051 0.0169971671388102 0.028328611898016998 0.0084985835694051 0.019830028328611898 0.0169971671388102 0.014164305949008499 0.019830028328611898 0.028328611898016998 0.019830028328611898 0.0028328611898017 0.028328611898016998 0.0113314447592068 0.0056657223796034 0.025495750708215296 0.0028328611898017 0.014164305949008499 0.0226628895184136 0.0084985835694051 0.0 
0.010178117048346057 0.002544529262086514 0.002544529262086514 0.02544529262086514 0.02544529262086514 0.002544529262086514 0.02544529262086514 0.01272264631043257 0.017811704834605598 0.017811704834605598 0.005089058524173028 0.015267175572519083 0.010178117048346057 0.01272264631043257 0.02544529262086514 0.017811704834605598 0.02544529262086514 0.02544529262086514 0.005089058524173028 0.010178117048346057 0.015267175572519083 0.015267175572519083 0.02544529262086514 0.015267175572519083 0.022900763358778626 0.01272264631043257 0.020356234096692113 0.022900763358778626 0.005089058524173028 0.017811704834605598 0.017811704834605598 0.015267175572519083 0.002544529262086514 0.022900763358778626 0.015267175572519083 0.02544529262086514 0.022900763358778626 0.020356234096692113 0.017811704834605598 0.005089058524173028 0.020356234096692113 0.022900763358778626 0.010178117048346057 0.010178117048346057 0.022900763358778626 0.01272264631043257 0.005089058524173028 0.020356234096692113 0.02544529262086514 0.015267175572519083 0.020356234096692113 0.022900763358778626 0.002544529262086514 0.005089058524173028 0.020356234096692113 0.020356234096692113 0.02544529262086514 0.022900763358778626 0.017811704834605598 0.007633587786259542 0.007633587786259542 0.002544529262086514 0.010178117048346057 0.007633587786259542 0.007633587786259542 0.0 
0.028011204481792718 0.014005602240896359 0.0196078431372549 0.0196078431372549 0.008403361344537815 0.014005602240896359 0.0028011204481792717 0.008403361344537815 0.025210084033613446 0.022408963585434174 0.011204481792717087 0.01680672268907563 0.01680672268907563 0.0196078431372549 0.028011204481792718 0.025210084033613446 0.011204481792717087 0.008403361344537815 0.01680672268907563 0.014005602240896359 0.0196078431372549 0.011204481792717087 0.01680672268907563 0.011204481792717087 0.011204481792717087 0.014005602240896359 0.028011204481792718 0.01680672268907563 0.011204481792717087 0.0028011204481792717 0.028011204481792718 0.014005602240896359 0.0056022408963585435 0.022408963585434174 0.0028011204481792717 0.01680672268907563 0.022408963585434174 0.025210084033613446 0.011204481792717087 0.011204481792717087 0.011204481792717087 0.0196078431372549 0.008403361344537815 0.01680672268907563 0.022408963585434174 0.022408963585434174 0.0028011204481792717 0.008403361344537815 0.008403361344537815 0.008403361344537815 0.008403361344537815 0.008403361344537815 0.01680672268907563 0.025210084033613446 0.0056022408963585435 0.028011204481792718 0.025210084033613446 0.028011204481792718 0.014005602240896359 0.008403361344537815 0.0056022408963585435 0.0196078431372549 0.0056022408963585435 0.0196078431372549 0.0196078431372549 0.0 
0.015831134564643797 0.015831134564643797 0.0026385224274406327 0.007915567282321899 0.021108179419525062 0.02374670184696569 0.015831134564643797 0.013192612137203163 0.02374670184696569 0.026385224274406326 0.0026385224274406327 0.007915567282321899 0.0026385224274406327 0.026385224274406326 0.015831134564643797 0.0052770448548812654 0.026385224274406326 0.021108179419525062 0.007915567282321899 0.010554089709762531 0.010554089709762531 0.007915567282321899 0.0026385224274406327 0.0026385224274406327 0.026385224274406326 0.015831134564643797 0.0026385224274406327 0.015831134564643797 0.015831134564643797 0.010554089709762531 0.015831134564643797 0.01846965699208443 0.01846965699208443 0.021108179419525062 0.0026385224274406327 0.02374670184696569 0.026385224274406326 0.0026385224274406327 0.010554089709762531 0.007915567282321899 0.01846965699208443 0.015831134564643797 0.01846965699208443 0.015831134564643797 0.026385224274406326 0.013192612137203163 0.02374670184696569 0.015831134564643797 0.026385224274406326 0.013192612137203163 0.007915567282321899 0.0026385224274406327 0.021108179419525062 0.007915567282321899 0.0026385224274406327 0.026385224274406326 0.021108179419525062 0.013192612137203163 0.02374670184696569 0.021108179419525062 0.02374670184696569 0.015831134564643797 0.026385224274406326 0.026385224274406326 0.021108179419525062 0.0 
0.005586592178770951 0.016759776536312852 0.005586592178770951 0.02513966480446928 0.011173184357541902 0.016759776536312852 0.02513966480446928 0.02793296089385475 0.005586592178770951 0.0027932960893854754 0.0027932960893854754 0.005586592178770951 0.016759776536312852 0.02513966480446928 0.016759776536312852 0.008379888268156426 0.02513966480446928 0.008379888268156426 0.016759776536312852 0.013966480446927375 0.011173184357541902 0.008379888268156426 0.016759776536312852 0.022346368715083803 0.005586592178770951 0.005586592178770951 0.02793296089385475 0.008379888268156426 0.0027932960893854754 0.019553072625698328 0.013966480446927375 0.008379888268156426 0.02513966480446928 0.019553072625698328 0.016759776536312852 0.02513966480446928 0.022346368715083803 0.022346368715083803 0.0027932960893854754 0.019553072625698328 0.016759776536312852 0.019553072625698328 0.02793296089385475 0.022346368715083803 0.0027932960893854754 0.005586592178770951 0.022346368715083803 0.019553072625698328 0.0027932960893854754 0.02793296089385475 0.011173184357541902 0.02793296089385475 0.022346368715083803 0.02513966480446928 0.02793296089385475 0.016759776536312852 0.011173184357541902 0.011173184357541902 0.011173184357541902 0.008379888268156426 0.019553072625698328 0.011173184357541902 0.019553072625698328 0.005586592178770951 0.016759776536312852 0.0 
0.023391812865497078 0.008771929824561405 0.026315789473684216 0.01754385964912281 0.0029239766081871348 0.020467836257309944 0.008771929824561405 0.014619883040935675 0.026315789473684216 0.02923976608187135 0.023391812865497078 0.01754385964912281 0.01754385964912281 0.011695906432748539 0.01754385964912281 0.02923976608187135 0.020467836257309944 0.0058479532163742695 0.020467836257309944 0.011695906432748539 0.0029239766081871348 0.01754385964912281 0.0029239766081871348 0.023391812865497078 0.023391812865497078 0.014619883040935675 0.02923976608187135 0.023391812865497078 0.026315789473684216 0.0029239766081871348 0.01754385964912281 0.0058479532163742695 0.0058479532163742695 0.0058479532163742695 0.026315789473684216 0.0029239766081871348 0.023391812865497078 0.0058479532163742695 0.026315789473684216 0.0058479532163742695 0.011695906432748539 0.011695906432748539 0.0029239766081871348 0.026315789473684216 0.0029239766081871348 0.020467836257309944 0.01754385964912281 0.008771929824561405 0.02923976608187135 0.011695906432748539 0.011695906432748539 0.014619883040935675 0.01754385964912281 0.023391812865497078 0.008771929824561405 0.014619883040935675 0.0058479532163742695 0.014619883040935675 0.01754385964912281 0.008771929824561405 0.0029239766081871348 0.008771929824561405 0.02923976608187135 0.026315789473684216 0.0058479532163742695 0.0 
0.024630541871921176 0.014778325123152705 0.024630541871921176 0.017241379310344824 0.017241379310344824 0.007389162561576353 0.007389162561576353 0.017241379310344824 0.002463054187192118 0.007389162561576353 0.019704433497536943 0.019704433497536943 0.012315270935960588 0.019704433497536943 0.014778325123152705 0.007389162561576353 0.012315270935960588 0.012315270935960588 0.009852216748768471 0.024630541871921176 0.007389162561576353 0.024630541871921176 0.024630541871921176 0.002463054187192118 0.02216748768472906 0.019704433497536943 0.014778325123152705 0.014778325123152705 0.02216748768472906 0.009852216748768471 0.012315270935960588 0.009852216748768471 0.017241379310344824 0.009852216748768471 0.019704433497536943 0.007389162561576353 0.02216748768472906 0.007389162561576353 0.019704433497536943 0.024630541871921176 0.012315270935960588 0.02216748768472906 0.019704433497536943 0.007389162561576353 0.024630541871921176 0.002463054187192118 0.007389162561576353 0.024630541871921176 0.019704433497536943 0.024630541871921176 0.002463054187192118 0.004926108374384236 0.024630541871921176 0.02216748768472906 0.017241379310344824 0.017241379310344824 0.007389162561576353 0.019704433497536943 0.024630541871921176 0.019704433497536943 0.014778325123152705 0.007389162561576353 0.019704433497536943 0.002463054187192118 0.024630541871921176 0.0 
0.02631578947368421 0.002631578947368421 0.021052631578947368 0.010526315789473684 0.018421052631578946 0.005263157894736842 0.021052631578947368 0.005263157894736842 0.02368421052631579 0.002631578947368421 0.02631578947368421 0.007894736842105263 0.013157894736842105 0.015789473684210527 0.015789473684210527 0.015789473684210527 0.002631578947368421 0.010526315789473684 0.005263157894736842 0.005263157894736842 0.02368421052631579 0.02368421052631579 0.02368421052631579 0.015789473684210527 0.018421052631578946 0.015789473684210527 0.02368421052631579 0.005263157894736842 0.02368421052631579 0.018421052631578946 0.010526315789473684 0.021052631578947368 0.02631578947368421 0.007894736842105263 0.015789473684210527 0.005263157894736842 0.02368421052631579 0.018421052631578946 0.02368421052631579 0.02631578947368421 0.018421052631578946 0.018421052631578946 0.010526315789473684 0.02368421052631579 0.007894736842105263 0.007894736842105263 0.02368421052631579 0.018421052631578946 0.007894736842105263 0.02368421052631579 0.021052631578947368 0.013157894736842105 0.02368421052631579 0.010526315789473684 0.015789473684210527 0.002631578947368421 0.013157894736842105 0.007894736842105263 0.010526315789473684 0.018421052631578946 0.018421052631578946 0.007894736842105263 0.021052631578947368 0.015789473684210527 0.013157894736842105 0.0 
0.006006006006006006 0.009009009009009009 0.018018018018018018 0.012012012012012012 0.02702702702702703 0.03003003003003003 0.02702702702702703 0.006006006006006006 0.018018018018018018 0.021021021021021023 0.009009009009009009 0.009009009009009009 0.003003003003003003 0.02702702702702703 0.003003003003003003 0.009009009009009009 0.012012012012012012 0.015015015015015015 0.009009009009009009 0.02702702702702703 0.009009009009009009 0.012012012012012012 0.03003003003003003 0.012012012012012012 0.015015015015015015 0.03003003003003003 0.02702702702702703 0.021021021021021023 0.006006006006006006 0.03003003003003003 0.02702702702702703 0.021021021021021023 0.021021021021021023 0.02702702702702703 0.018018018018018018 0.015015015015015015 0.024024024024024024 0.009009009009009009 0.012012012012012012 0.009009009009009009 0.012012012012012012 0.024024024024024024 0.009009009009009009 0.024024024024024024 0.006006006006006006 0.021021021021021023 0.012012012012012012 0.021021021021021023 0.012012012012012012 0.02702702702702703 0.015015015015015015 0.015015015015015015 0.003003003003003003 0.006006006006006006 0.012012012012012012 0.003003003003003003 0.03003003003003003 0.018018018018018018 0.012012012012012012 0.009009009009009009 0.009009009009009009 0.009009009009009009 0.003003003003003003 0.006006006006006006 0.009009009009009009 0.0 
0.005813953488372088 0.002906976744186044 0.002906976744186044 0.011627906976744175 0.026162790697674396 0.01453488372093022 0.002906976744186044 0.01453488372093022 0.008720930232558132 0.01453488372093022 0.017441860465116265 0.026162790697674396 0.026162790697674396 0.02906976744186044 0.02034883720930231 0.005813953488372088 0.005813953488372088 0.017441860465116265 0.02906976744186044 0.02906976744186044 0.002906976744186044 0.026162790697674396 0.011627906976744175 0.02034883720930231 0.011627906976744175 0.005813953488372088 0.005813953488372088 0.002906976744186044 0.01453488372093022 0.02034883720930231 0.017441860465116265 0.002906976744186044 0.008720930232558132 0.008720930232558132 0.026162790697674396 0.02906976744186044 0.02034883720930231 0.005813953488372088 0.02034883720930231 0.017441860465116265 0.002906976744186044 0.02325581395348835 0.017441860465116265 0.017441860465116265 0.011627906976744175 0.02034883720930231 0.017441860465116265 0.02034883720930231 0.002906976744186044 0.02906976744186044 0.008720930232558132 0.011627906976744175 0.02034883720930231 0.02906976744186044 0.026162790697674396 0.02325581395348835 0.008720930232558132 0.008720930232558132 0.01453488372093022 0.01453488372093022 0.011627906976744175 0.02325581395348835 0.008720930232558132 0.011627906976744175 0.026162790697674396 0.0 
0.00813008130081301 0.00813008130081301 0.027100271002710032 0.00813008130081301 0.01897018970189702 0.010840108401084013 0.013550135501355016 0.01626016260162602 0.01626016260162602 0.02439024390243903 0.01626016260162602 0.02439024390243903 0.005420054200542006 0.01626016260162602 0.027100271002710032 0.01626016260162602 0.01626016260162602 0.013550135501355016 0.01897018970189702 0.01897018970189702 0.010840108401084013 0.005420054200542006 0.005420054200542006 0.010840108401084013 0.01897018970189702 0.002710027100271003 0.00813008130081301 0.005420054200542006 0.01626016260162602 0.01897018970189702 0.013550135501355016 0.01897018970189702 0.01897018970189702 0.005420054200542006 0.02439024390243903 0.013550135501355016 0.027100271002710032 0.027100271002710032 0.02439024390243903 0.01626016260162602 0.002710027100271003 0.01626016260162602 0.013550135501355016 0.021680216802168025 0.013550135501355016 0.010840108401084013 0.005420054200542006 0.00813008130081301 0.021680216802168025 0.002710027100271003 0.010840108401084013 0.01626016260162602 0.027100271002710032 0.01626016260162602 0.010840108401084013 0.010840108401084013 0.00813008130081301 0.027100271002710032 0.00813008130081301 0.01626016260162602 0.027100271002710032 0.027100271002710032 0.013550135501355016 0.02439024390243903 0.021680216802168025 0.0 
0.015267175572519083 0.01272264631043257 0.02544529262086514 0.017811704834605598 0.015267175572519083 0.017811704834605598 0.01272264631043257 0.007633587786259542 0.010178117048346057 0.022900763358778626 0.022900763358778626 0.010178117048346057 0.015267175572519083 0.017811704834605598 0.02544529262086514 0.002544529262086514 0.015267175572519083 0.002544529262086514 0.017811704834605598 0.02544529262086514 0.015267175572519083 0.007633587786259542 0.02544529262086514 0.005089058524173028 0.010178117048346057 0.01272264631043257 0.005089058524173028 0.015267175572519083 0.022900763358778626 0.01272264631043257 0.02544529262086514 0.005089058524173028 0.022900763358778626 0.017811704834605598 0.002544529262086514 0.005089058524173028 0.02544529262086514 0.015267175572519083 0.02544529262086514 0.020356234096692113 0.015267175572519083 0.017811704834605598 0.022900763358778626 0.02544529262086514 0.005089058524173028 0.010178117048346057 0.020356234096692113 0.010178117048346057 0.022900763358778626 0.01272264631043257 0.015267175572519083 0.022900763358778626 0.02544529262086514 0.01272264631043257 0.01272264631043257 0.007633587786259542 0.002544529262086514 0.017811704834605598 0.02544529262086514 0.01272264631043257 0.022900763358778626 0.007633587786259542 0.002544529262086514 0.020356234096692113 0.017811704834605598 0.0 
0.01408450704225353 0.008450704225352117 0.019718309859154945 0.008450704225352117 0.02816901408450706 0.005633802816901412 0.005633802816901412 0.002816901408450706 0.02253521126760565 0.016901408450704234 0.016901408450704234 0.016901408450704234 0.011267605633802824 0.005633802816901412 0.02253521126760565 0.01408450704225353 0.01408450704225353 0.02253521126760565 0.02816901408450706 0.02816901408450706 0.01408450704225353 0.008450704225352117 0.02253521126760565 0.016901408450704234 0.019718309859154945 0.01408450704225353 0.016901408450704234 0.011267605633802824 0.02253521126760565 0.019718309859154945 0.011267605633802824 0.016901408450704234 0.025352112676056356 0.002816901408450706 0.016901408450704234 0.011267605633802824 0.01408450704225353 0.016901408450704234 0.002816901408450706 0.011267605633802824 0.025352112676056356 0.011267605633802824 0.019718309859154945 0.025352112676056356 0.02253521126760565 0.01408450704225353 0.008450704225352117 0.02253521126760565 0.002816901408450706 0.02253521126760565 0.002816901408450706 0.008450704225352117 0.016901408450704234 0.016901408450704234 0.025352112676056356 0.005633802816901412 0.008450704225352117 0.02816901408450706 0.011267605633802824 0.011267605633802824 0.025352112676056356 0.01408450704225353 0.01408450704225353 0.016901408450704234 0.011267605633802824 0.0 
0.002857142857142858 0.008571428571428575 0.02857142857142858 0.020000000000000007 0.022857142857142864 0.020000000000000007 0.01428571428571429 0.02571428571428572 0.002857142857142858 0.022857142857142864 0.008571428571428575 0.01714285714285715 0.01714285714285715 0.008571428571428575 0.02571428571428572 0.01428571428571429 0.011428571428571432 0.011428571428571432 0.022857142857142864 0.005714285714285716 0.008571428571428575 0.022857142857142864 0.022857142857142864 0.022857142857142864 0.002857142857142858 0.02857142857142858 0.002857142857142858 0.005714285714285716 0.01714285714285715 0.011428571428571432 0.01714285714285715 0.002857142857142858 0.008571428571428575 0.022857142857142864 0.005714285714285716 0.022857142857142864 0.01428571428571429 0.005714285714285716 0.02857142857142858 0.01714285714285715 0.01714285714285715 0.01428571428571429 0.01428571428571429 0.01714285714285715 0.011428571428571432 0.005714285714285716 0.01428571428571429 0.022857142857142864 0.005714285714285716 0.002857142857142858 0.01714285714285715 0.02857142857142858 0.02857142857142858 0.02571428571428572 0.002857142857142858 0.02857142857142858 0.01428571428571429 0.02571428571428572 0.011428571428571432 0.020000000000000007 0.005714285714285716 0.005714285714285716 0.02571428571428572 0.020000000000000007 0.011428571428571432 0.0 
0.016304347826086956 0.016304347826086956 0.002717391304347826 0.010869565217391304 0.019021739130434784 0.024456521739130436 0.016304347826086956 0.019021739130434784 0.01358695652173913 0.010869565217391304 0.019021739130434784 0.021739130434782608 0.005434782608695652 0.005434782608695652 0.02717391304347826 0.02717391304347826 0.008152173913043478 0.01358695652173913 0.02717391304347826 0.002717391304347826 0.016304347826086956 0.02717391304347826 0.005434782608695652 0.021739130434782608 0.021739130434782608 0.010869565217391304 0.021739130434782608 0.008152173913043478 0.016304347826086956 0.010869565217391304 0.02717391304347826 0.008152173913043478 0.024456521739130436 0.02717391304347826 0.016304347826086956 0.016304347826086956 0.021739130434782608 0.008152173913043478 0.005434782608695652 0.016304347826086956 0.016304347826086956 0.02717391304347826 0.016304347826086956 0.024456521739130436 0.019021739130434784 0.008152173913043478 0.002717391304347826 0.024456521739130436 0.010869565217391304 0.002717391304347826 0.01358695652173913 0.005434782608695652 0.002717391304347826 0.024456521739130436 0.016304347826086956 0.019021739130434784 0.016304347826086956 0.01358695652173913 0.005434782608695652 0.02717391304347826 0.019021739130434784 0.008152173913043478 0.005434782608695652 0.021739130434782608 0.010869565217391304 0.0 
0.022792022792022797 0.025641025641025644 0.028490028490028494 0.011396011396011398 0.011396011396011398 0.00854700854700855 0.014245014245014247 0.019943019943019946 0.025641025641025644 0.00854700854700855 0.0170940170940171 0.00854700854700855 0.0170940170940171 0.022792022792022797 0.019943019943019946 0.00854700854700855 0.011396011396011398 0.019943019943019946 0.005698005698005699 0.019943019943019946 0.011396011396011398 0.025641025641025644 0.028490028490028494 0.022792022792022797 0.011396011396011398 0.0170940170940171 0.028490028490028494 0.011396011396011398 0.00854700854700855 0.019943019943019946 0.0170940170940171 0.022792022792022797 0.00854700854700855 0.0170940170940171 0.00854700854700855 0.005698005698005699 0.0170940170940171 0.0170940170940171 0.011396011396011398 0.014245014245014247 0.019943019943019946 0.019943019943019946 0.005698005698005699 0.005698005698005699 0.0028490028490028496 0.00854700854700855 0.0170940170940171 0.022792022792022797 0.0028490028490028496 0.019943019943019946 0.014245014245014247 0.028490028490028494 0.0028490028490028496 0.0028490028490028496 0.00854700854700855 0.022792022792022797 0.022792022792022797 0.028490028490028494 0.0028490028490028496 0.005698005698005699 0.011396011396011398 0.019943019943019946 0.0170940170940171 0.005698005698005699 0.028490028490028494 0.0 
0.008196721311475405 0.005464480874316936 0.02732240437158468 0.02732240437158468 0.02459016393442621 0.02459016393442621 0.021857923497267746 0.005464480874316936 0.010928961748633873 0.02459016393442621 0.02732240437158468 0.021857923497267746 0.010928961748633873 0.019125683060109276 0.005464480874316936 0.005464480874316936 0.021857923497267746 0.005464480874316936 0.02732240437158468 0.010928961748633873 0.002732240437158468 0.010928961748633873 0.02459016393442621 0.021857923497267746 0.01639344262295081 0.002732240437158468 0.021857923497267746 0.02459016393442621 0.021857923497267746 0.01366120218579234 0.019125683060109276 0.005464480874316936 0.008196721311475405 0.010928961748633873 0.02459016393442621 0.021857923497267746 0.002732240437158468 0.02459016393442621 0.005464480874316936 0.010928961748633873 0.019125683060109276 0.008196721311475405 0.002732240437158468 0.01639344262295081 0.01639344262295081 0.002732240437158468 0.02732240437158468 0.008196721311475405 0.021857923497267746 0.002732240437158468 0.01639344262295081 0.02459016393442621 0.019125683060109276 0.008196721311475405 0.019125683060109276 0.005464480874316936 0.010928961748633873 0.008196721311475405 0.01639344262295081 0.02459016393442621 0.02732240437158468 0.02459016393442621 0.019125683060109276 0.010928961748633873 0.008196721311475405 0.0 
0.01772151898734177 0.0075949367088607575 0.020253164556962022 0.0050632911392405056 0.0075949367088607575 0.025316455696202524 0.022784810126582275 0.010126582278481011 0.025316455696202524 0.01772151898734177 0.0075949367088607575 0.015189873417721515 0.010126582278481011 0.010126582278481011 0.010126582278481011 0.010126582278481011 0.022784810126582275 0.015189873417721515 0.01772151898734177 0.0025316455696202528 0.015189873417721515 0.022784810126582275 0.020253164556962022 0.0050632911392405056 0.01772151898734177 0.012658227848101262 0.01772151898734177 0.025316455696202524 0.0050632911392405056 0.025316455696202524 0.025316455696202524 0.01772151898734177 0.015189873417721515 0.022784810126582275 0.025316455696202524 0.01772151898734177 0.025316455696202524 0.0075949367088607575 0.0025316455696202528 0.01772151898734177 0.025316455696202524 0.0075949367088607575 0.012658227848101262 0.0050632911392405056 0.010126582278481011 0.022784810126582275 0.01772151898734177 0.020253164556962022 0.015189873417721515 0.0050632911392405056 0.01772151898734177 0.012658227848101262 0.01772151898734177 0.022784810126582275 0.012658227848101262 0.022784810126582275 0.015189873417721515 0.0075949367088607575 0.020253164556962022 0.010126582278481011 0.010126582278481011 0.01772151898734177 0.0025316455696202528 0.020253164556962022 0.022784810126582275 0.0 
0.02801120448179272 0.022408963585434177 0.01400560224089636 0.02521008403361345 0.011204481792717089 0.02521008403361345 0.002801120448179272 0.011204481792717089 0.02521008403361345 0.022408963585434177 0.02521008403361345 0.016806722689075633 0.016806722689075633 0.005602240896358544 0.016806722689075633 0.02801120448179272 0.02801120448179272 0.011204481792717089 0.02801120448179272 0.002801120448179272 0.019607843137254905 0.008403361344537816 0.008403361344537816 0.019607843137254905 0.011204481792717089 0.008403361344537816 0.008403361344537816 0.01400560224089636 0.002801120448179272 0.02521008403361345 0.002801120448179272 0.019607843137254905 0.008403361344537816 0.01400560224089636 0.01400560224089636 0.022408963585434177 0.011204481792717089 0.022408963585434177 0.02521008403361345 0.016806722689075633 0.008403361344537816 0.005602240896358544 0.008403361344537816 0.016806722689075633 0.02801120448179272 0.02521008403361345 0.011204481792717089 0.01400560224089636 0.008403361344537816 0.01400560224089636 0.016806722689075633 0.022408963585434177 0.005602240896358544 0.02521008403361345 0.01400560224089636 0.011204481792717089 0.02801120448179272 0.002801120448179272 0.005602240896358544 0.022408963585434177 0.005602240896358544 0.005602240896358544 0.008403361344537816 0.02521008403361345 0.011204481792717089 0.0 
0.010869565217391302 0.013586956521739127 0.02445652173913043 0.008152173913043476 0.02445652173913043 0.01902173913043478 0.013586956521739127 0.013586956521739127 0.005434782608695651 0.010869565217391302 0.01902173913043478 0.013586956521739127 0.008152173913043476 0.027173913043478253 0.008152173913043476 0.010869565217391302 0.0027173913043478256 0.027173913043478253 0.02445652173913043 0.02445652173913043 0.01902173913043478 0.027173913043478253 0.010869565217391302 0.0027173913043478256 0.016304347826086953 0.021739130434782605 0.016304347826086953 0.027173913043478253 0.02445652173913043 0.013586956521739127 0.005434782608695651 0.01902173913043478 0.005434782608695651 0.013586956521739127 0.0027173913043478256 0.016304347826086953 0.01902173913043478 0.021739130434782605 0.021739130434782605 0.027173913043478253 0.013586956521739127 0.010869565217391302 0.01902173913043478 0.010869565217391302 0.01902173913043478 0.021739130434782605 0.016304347826086953 0.0027173913043478256 0.01902173913043478 0.010869565217391302 0.021739130434782605 0.027173913043478253 0.010869565217391302 0.005434782608695651 0.008152173913043476 0.013586956521739127 0.005434782608695651 0.0027173913043478256 0.01902173913043478 0.016304347826086953 0.01902173913043478 0.027173913043478253 0.010869565217391302 0.013586956521739127 0.013586956521739127 0.0 
0.01799485861182519 0.012853470437017992 0.01799485861182519 0.025706940874035984 0.023136246786632387 0.01542416452442159 0.012853470437017992 0.005141388174807197 0.01799485861182519 0.020565552699228787 0.012853470437017992 0.010282776349614393 0.010282776349614393 0.012853470437017992 0.023136246786632387 0.007712082262210795 0.023136246786632387 0.012853470437017992 0.023136246786632387 0.023136246786632387 0.012853470437017992 0.010282776349614393 0.023136246786632387 0.005141388174807197 0.0025706940874035984 0.023136246786632387 0.01799485861182519 0.01542416452442159 0.020565552699228787 0.01542416452442159 0.007712082262210795 0.01799485861182519 0.020565552699228787 0.012853470437017992 0.01799485861182519 0.023136246786632387 0.010282776349614393 0.005141388174807197 0.023136246786632387 0.007712082262210795 0.01542416452442159 0.0025706940874035984 0.01799485861182519 0.007712082262210795 0.025706940874035984 0.020565552699228787 0.025706940874035984 0.025706940874035984 0.025706940874035984 0.01542416452442159 0.010282776349614393 0.01799485861182519 0.012853470437017992 0.010282776349614393 0.005141388174807197 0.010282776349614393 0.012853470437017992 0.005141388174807197 0.010282776349614393 0.023136246786632387 0.025706940874035984 0.0025706940874035984 0.010282776349614393 0.025706940874035984 0.012853470437017992 0.0 
0.019178082191780823 0.024657534246575342 0.01643835616438356 0.024657534246575342 0.0136986301369863 0.0273972602739726 0.0273972602739726 0.010958904109589041 0.00821917808219178 0.019178082191780823 0.005479452054794521 0.005479452054794521 0.01643835616438356 0.0273972602739726 0.0027397260273972603 0.0027397260273972603 0.00821917808219178 0.0273972602739726 0.024657534246575342 0.010958904109589041 0.01643835616438356 0.0136986301369863 0.00821917808219178 0.024657534246575342 0.005479452054794521 0.024657534246575342 0.00821917808219178 0.0027397260273972603 0.005479452054794521 0.010958904109589041 0.010958904109589041 0.019178082191780823 0.021917808219178082 0.0027397260273972603 0.00821917808219178 0.0027397260273972603 0.0273972602739726 0.021917808219178082 0.024657534246575342 0.005479452054794521 0.019178082191780823 0.00821917808219178 0.0027397260273972603 0.0136986301369863 0.010958904109589041 0.019178082191780823 0.0027397260273972603 0.019178082191780823 0.010958904109589041 0.005479452054794521 0.021917808219178082 0.019178082191780823 0.0136986301369863 0.019178082191780823 0.021917808219178082 0.0273972602739726 0.0273972602739726 0.010958904109589041 0.024657534246575342 0.019178082191780823 0.021917808219178082 0.00821917808219178 0.021917808219178082 0.019178082191780823 0.021917808219178082 0.0 
0.011904761904761908 0.020833333333333336 0.01785714285714286 0.02678571428571429 0.020833333333333336 0.023809523809523815 0.020833333333333336 0.002976190476190477 0.020833333333333336 0.005952380952380954 0.002976190476190477 0.029761904761904767 0.005952380952380954 0.01785714285714286 0.002976190476190477 0.01785714285714286 0.005952380952380954 0.002976190476190477 0.011904761904761908 0.014880952380952384 0.00892857142857143 0.020833333333333336 0.020833333333333336 0.020833333333333336 0.01785714285714286 0.00892857142857143 0.011904761904761908 0.020833333333333336 0.020833333333333336 0.00892857142857143 0.02678571428571429 0.023809523809523815 0.011904761904761908 0.01785714285714286 0.00892857142857143 0.005952380952380954 0.014880952380952384 0.029761904761904767 0.00892857142857143 0.020833333333333336 0.005952380952380954 0.005952380952380954 0.02678571428571429 0.01785714285714286 0.00892857142857143 0.014880952380952384 0.014880952380952384 0.020833333333333336 0.014880952380952384 0.011904761904761908 0.002976190476190477 0.00892857142857143 0.020833333333333336 0.029761904761904767 0.020833333333333336 0.01785714285714286 0.00892857142857143 0.02678571428571429 0.00892857142857143 0.01785714285714286 0.029761904761904767 0.00892857142857143 0.020833333333333336 0.002976190476190477 0.014880952380952384 0.0 
0.025510204081632654 0.015306122448979591 0.02295918367346939 0.02295918367346939 0.017857142857142856 0.012755102040816327 0.02295918367346939 0.01020408163265306 0.015306122448979591 0.00510204081632653 0.02040816326530612 0.007653061224489796 0.02040816326530612 0.017857142857142856 0.002551020408163265 0.012755102040816327 0.025510204081632654 0.007653061224489796 0.00510204081632653 0.00510204081632653 0.01020408163265306 0.00510204081632653 0.015306122448979591 0.007653061224489796 0.007653061224489796 0.025510204081632654 0.02295918367346939 0.02295918367346939 0.02040816326530612 0.02040816326530612 0.007653061224489796 0.017857142857142856 0.015306122448979591 0.015306122448979591 0.017857142857142856 0.025510204081632654 0.002551020408163265 0.025510204081632654 0.015306122448979591 0.02040816326530612 0.00510204081632653 0.02040816326530612 0.02040816326530612 0.012755102040816327 0.017857142857142856 0.02040816326530612 0.025510204081632654 0.025510204081632654 0.017857142857142856 0.00510204081632653 0.025510204081632654 0.02040816326530612 0.02295918367346939 0.01020408163265306 0.007653061224489796 0.025510204081632654 0.00510204081632653 0.002551020408163265 0.007653061224489796 0.025510204081632654 0.01020408163265306 0.02040816326530612 0.002551020408163265 0.012755102040816327 0.012755102040816327 0.0 
0.016853932584269666 0.002808988764044944 0.02808988764044944 0.022471910112359553 0.025280898876404497 0.01404494382022472 0.02808988764044944 0.02808988764044944 0.01404494382022472 0.008426966292134833 0.02808988764044944 0.002808988764044944 0.01404494382022472 0.016853932584269666 0.01966292134831461 0.02808988764044944 0.02808988764044944 0.008426966292134833 0.002808988764044944 0.01966292134831461 0.011235955056179777 0.005617977528089888 0.005617977528089888 0.005617977528089888 0.008426966292134833 0.01966292134831461 0.02808988764044944 0.008426966292134833 0.002808988764044944 0.016853932584269666 0.01404494382022472 0.002808988764044944 0.011235955056179777 0.022471910112359553 0.01966292134831461 0.005617977528089888 0.002808988764044944 0.008426966292134833 0.025280898876404497 0.025280898876404497 0.016853932584269666 0.022471910112359553 0.002808988764044944 0.01966292134831461 0.01404494382022472 0.02808988764044944 0.01966292134831461 0.02808988764044944 0.011235955056179777 0.008426966292134833 0.008426966292134833 0.01404494382022472 0.011235955056179777 0.01966292134831461 0.025280898876404497 0.01404494382022472 0.008426966292134833 0.002808988764044944 0.01966292134831461 0.016853932584269666 0.016853932584269666 0.008426966292134833 0.02808988764044944 0.016853932584269666 0.011235955056179777 0.0 
0.003134796238244515 0.01253918495297806 0.01253918495297806 0.021943573667711602 0.021943573667711602 0.028213166144200635 0.021943573667711602 0.015673981191222573 0.00626959247648903 0.009404388714733545 0.003134796238244515 0.00626959247648903 0.031347962382445145 0.003134796238244515 0.028213166144200635 0.003134796238244515 0.00626959247648903 0.009404388714733545 0.01880877742946709 0.00626959247648903 0.02507836990595612 0.021943573667711602 0.015673981191222573 0.003134796238244515 0.01880877742946709 0.01880877742946709 0.015673981191222573 0.01880877742946709 0.009404388714733545 0.01253918495297806 0.00626959247648903 0.021943573667711602 0.003134796238244515 0.00626959247648903 0.01253918495297806 0.01880877742946709 0.02507836990595612 0.01880877742946709 0.031347962382445145 0.009404388714733545 0.01253918495297806 0.021943573667711602 0.00626959247648903 0.021943573667711602 0.02507836990595612 0.01880877742946709 0.01253918495297806 0.01253918495297806 0.021943573667711602 0.003134796238244515 0.009404388714733545 0.015673981191222573 0.003134796238244515 0.01880877742946709 0.01880877742946709 0.01880877742946709 0.021943573667711602 0.003134796238244515 0.021943573667711602 0.031347962382445145 0.021943573667711602 0.01880877742946709 0.01880877742946709 0.031347962382445145 0.00626959247648903 0.0 
1.0 0.0 0.0 0.0 0.0 0.0 0.0 0.0 0.0 0.0 0.0 0.0 0.0 0.0 0.0 0.0 0.0 0.0 0.0 0.0 0.0 0.0 0.0 0.0 0.0 0.0 0.0 0.0 0.0 0.0 0.0 0.0 0.0 0.0 0.0 0.0 0.0 0.0 0.0 0.0 0.0 0.0 0.0 0.0 0.0 0.0 0.0 0.0 0.0 0.0 0.0 0.0 0.0 0.0 0.0 0.0 0.0 0.0 0.0 0.0 0.0 0.0 0.0 0.0 0.0 0.0 

emissions
1 1 1 1 1 1 1 1 1 1 1 1 1 1 1 1 1 1 1 1 1 1 1 1 1 1 1 1 1 1 1 1 1 1 1 1 1 1 1 1 1 1 1 1 1 1 1 1 1 1 1 1 1 1 1 1 1 1 1 1 1 1 1 1 1 0 
0 0 0 0 0 0 0 0 0 0 0 0 0 0 0 0 0 0 0 0 0 0 0 0 0 0 0 0 0 0 0 0 0 0 0 0 0 0 0 0 0 0 0 0 0 0 0 0 0 0 0 0 0 0 0 0 0 0 0 0 0 0 0 0 0 1 
