states
0 1 2 3 4 5 6 7 8 9 10 11 12 13 14 15 16 17 18 19 20 21 22 23 24 25 26 27 28 29 30 31 32 33 34 35 36 37 38 39 40 41 42 43 44 45 46 47 48 49 50 51 52 53 54 55 56 57 58 59 60 61 62 63 64 65 
labels
empty init 
initial
0.0 0.0 0.0 0.0 0.0 0.0 0.0 0.0 0.0 0.0 0.0 0.0 0.0 0.0 0.0 0.0 0.0 0.0 0.0 0.0 0.0 0.0 0.0 0.0 0.0 0.0 0.0 0.0 0.0 0.0 0.0 0.0 0.0 0.0 0.0 0.0 0.0 0.0 0.0 0.0 0.0 0.0 0.0 0.0 0.0 0.0 0.0 0.0 0.0 0.0 0.0 0.0 0.0 0.0 0.0 0.0 0.0 0.0 0.0 0.0 0.0 0.0 0.0 0.0 0.0 1.0
transitions
0.02319587628865979 0.02319587628865979 0.018041237113402057 0.0077319587628865965 0.02319587628865979 0.020618556701030924 0.0077319587628865965 0.005154639175257731 0.015463917525773193 0.012886597938144326 0.012886597938144326 0.015463917525773193 0.020618556701030924 0.010309278350515462 0.018041237113402057 0.012886597938144326 0.010309278350515462 0.020618556701030924 0.018041237113402057 0.005154639175257731 0.010309278350515462 0.015463917525773193 0.02319587628865979 0.012886597938144326 0.018041237113402057 0.010309278350515462 0.02577319587628865 0.0077319587628865965 0.0025773195876288655 0.012886597938144326 0.0077319587628865965 0.012886597938144326 0.005154639175257731 0.020618556701030924 0.02319587628865979 0.0077319587628865965 0.02577319587628865 0.02319587628865979 0.020618556701030924 0.005154639175257731 0.018041237113402057 0.02319587628865979 0.015463917525773193 0.02577319587628865 0.02577319587628865 0.02577319587628865 0.010309278350515462 0.0025773195876288655 0.0025773195876288655 0.0077319587628865965 0.02319587628865979 0.02319587628865979 0.0077319587628865965 0.02577319587628865 0.018041237113402057 0.015463917525773193 0.018041237113402057 0.018041237113402057 0.018041237113402057 0.010309278350515462 0.02319587628865979 0.0077319587628865965 0.005154639175257731 0.012886597938144326 0.02319587628865979 0.0 
0.005917159763313607 0.020710059171597624 0.029585798816568032 0.017751479289940822 0.005917159763313607 0.008875739644970411 0.014792899408284016 0.023668639053254427 0.020710059171597624 0.014792899408284016 0.017751479289940822 0.026627218934911233 0.011834319526627213 0.0029585798816568034 0.0029585798816568034 0.017751479289940822 0.023668639053254427 0.017751479289940822 0.0029585798816568034 0.026627218934911233 0.020710059171597624 0.017751479289940822 0.005917159763313607 0.023668639053254427 0.014792899408284016 0.011834319526627213 0.020710059171597624 0.005917159763313607 0.014792899408284016 0.0029585798816568034 0.026627218934911233 0.017751479289940822 0.014792899408284016 0.008875739644970411 0.029585798816568032 0.023668639053254427 0.005917159763313607 0.029585798816568032 0.008875739644970411 0.005917159763313607 0.0029585798816568034 0.023668639053254427 0.005917159763313607 0.026627218934911233 0.029585798816568032 0.0029585798816568034 0.023668639053254427 0.0029585798816568034 0.017751479289940822 0.008875739644970411 0.017751479289940822 0.005917159763313607 0.011834319526627213 0.011834319526627213 0.005917159763313607 0.026627218934911233 0.020710059171597624 0.026627218934911233 0.005917159763313607 0.017751479289940822 0.023668639053254427 0.0029585798816568034 0.029585798816568032 0.005917159763313607 0.017751479289940822 0.0 
0.02824858757062148 0.008474576271186444 0.0028248587570621478 0.0028248587570621478 0.01412429378531074 0.019774011299435037 0.011299435028248591 0.0056497175141242955 0.02542372881355933 0.016949152542372888 0.02824858757062148 0.016949152542372888 0.01412429378531074 0.008474576271186444 0.022598870056497182 0.02542372881355933 0.022598870056497182 0.011299435028248591 0.01412429378531074 0.02542372881355933 0.019774011299435037 0.011299435028248591 0.02542372881355933 0.02542372881355933 0.016949152542372888 0.0056497175141242955 0.011299435028248591 0.011299435028248591 0.011299435028248591 0.008474576271186444 0.019774011299435037 0.016949152542372888 0.016949152542372888 0.008474576271186444 0.016949152542372888 0.019774011299435037 0.0056497175141242955 0.016949152542372888 0.0028248587570621478 0.016949152542372888 0.01412429378531074 0.02542372881355933 0.011299435028248591 0.022598870056497182 0.016949152542372888 0.02824858757062148 0.01412429378531074 0.016949152542372888 0.008474576271186444 0.019774011299435037 0.0028248587570621478 0.016949152542372888 0.022598870056497182 0.0056497175141242955 0.019774011299435037 0.022598870056497182 0.0028248587570621478 0.0056497175141242955 0.008474576271186444 0.01412429378531074 0.0028248587570621478 0.019774011299435037 0.019774011299435037 0.02542372881355933 0.019774011299435037 0.0 
0.028248587570621476 0.016949152542372885 0.005649717514124295 0.016949152542372885 0.028248587570621476 0.014124293785310738 0.028248587570621476 0.02542372881355933 0.01129943502824859 0.014124293785310738 0.019774011299435033 0.008474576271186442 0.014124293785310738 0.02259887005649718 0.016949152542372885 0.005649717514124295 0.01129943502824859 0.02259887005649718 0.014124293785310738 0.016949152542372885 0.005649717514124295 0.008474576271186442 0.01129943502824859 0.019774011299435033 0.005649717514124295 0.008474576271186442 0.028248587570621476 0.019774011299435033 0.0028248587570621473 0.016949152542372885 0.01129943502824859 0.016949152542372885 0.008474576271186442 0.02542372881355933 0.028248587570621476 0.02259887005649718 0.01129943502824859 0.0028248587570621473 0.014124293785310738 0.019774011299435033 0.008474576271186442 0.02259887005649718 0.028248587570621476 0.01129943502824859 0.005649717514124295 0.005649717514124295 0.028248587570621476 0.028248587570621476 0.0028248587570621473 0.02542372881355933 0.0028248587570621473 0.02542372881355933 0.016949152542372885 0.01129943502824859 0.016949152542372885 0.02542372881355933 0.01129943502824859 0.019774011299435033 0.005649717514124295 0.019774011299435033 0.005649717514124295 0.008474576271186442 0.005649717514124295 0.008474576271186442 0.019774011299435033 0.0 
0.022653721682847915 0.006472491909385119 0.012944983818770238 0.012944983818770238 0.009708737864077676 0.012944983818770238 0.009708737864077676 0.012944983818770238 0.012944983818770238 0.0032362459546925594 0.019417475728155352 0.006472491909385119 0.009708737864077676 0.006472491909385119 0.022653721682847915 0.009708737864077676 0.006472491909385119 0.012944983818770238 0.022653721682847915 0.012944983818770238 0.03236245954692559 0.0032362459546925594 0.016181229773462796 0.009708737864077676 0.025889967637540475 0.019417475728155352 0.019417475728155352 0.012944983818770238 0.03236245954692559 0.006472491909385119 0.029126213592233035 0.006472491909385119 0.016181229773462796 0.022653721682847915 0.009708737864077676 0.022653721682847915 0.025889967637540475 0.019417475728155352 0.0032362459546925594 0.006472491909385119 0.019417475728155352 0.022653721682847915 0.03236245954692559 0.029126213592233035 0.029126213592233035 0.009708737864077676 0.022653721682847915 0.0032362459546925594 0.022653721682847915 0.0032362459546925594 0.016181229773462796 0.012944983818770238 0.012944983818770238 0.025889967637540475 0.0032362459546925594 0.03236245954692559 0.009708737864077676 0.009708737864077676 0.012944983818770238 0.019417475728155352 0.022653721682847915 0.0032362459546925594 0.022653721682847915 0.0032362459546925594 0.012944983818770238 0.0 
0.020887728459530023 0.010443864229765011 0.023498694516971272 0.002610966057441253 0.010443864229765011 0.023498694516971272 0.015665796344647515 0.020887728459530023 0.015665796344647515 0.020887728459530023 0.013054830287206262 0.005221932114882506 0.002610966057441253 0.01827676240208877 0.020887728459530023 0.020887728459530023 0.023498694516971272 0.013054830287206262 0.026109660574412524 0.007832898172323757 0.020887728459530023 0.015665796344647515 0.026109660574412524 0.010443864229765011 0.01827676240208877 0.013054830287206262 0.002610966057441253 0.01827676240208877 0.005221932114882506 0.023498694516971272 0.015665796344647515 0.005221932114882506 0.002610966057441253 0.015665796344647515 0.002610966057441253 0.026109660574412524 0.023498694516971272 0.007832898172323757 0.01827676240208877 0.026109660574412524 0.026109660574412524 0.023498694516971272 0.007832898172323757 0.013054830287206262 0.005221932114882506 0.005221932114882506 0.007832898172323757 0.007832898172323757 0.01827676240208877 0.020887728459530023 0.026109660574412524 0.023498694516971272 0.010443864229765011 0.026109660574412524 0.013054830287206262 0.023498694516971272 0.013054830287206262 0.002610966057441253 0.002610966057441253 0.013054830287206262 0.020887728459530023 0.015665796344647515 0.026109660574412524 0.007832898172323757 0.026109660574412524 0.0 
0.019125683060109276 0.002732240437158468 0.010928961748633873 0.019125683060109276 0.02459016393442621 0.008196721311475405 0.005464480874316936 0.002732240437158468 0.021857923497267746 0.01639344262295081 0.021857923497267746 0.019125683060109276 0.02732240437158468 0.010928961748633873 0.002732240437158468 0.01366120218579234 0.02732240437158468 0.002732240437158468 0.008196721311475405 0.002732240437158468 0.02732240437158468 0.01366120218579234 0.021857923497267746 0.01366120218579234 0.019125683060109276 0.01639344262295081 0.02732240437158468 0.01639344262295081 0.01639344262295081 0.02732240437158468 0.008196721311475405 0.019125683060109276 0.008196721311475405 0.02732240437158468 0.01366120218579234 0.002732240437158468 0.02732240437158468 0.02459016393442621 0.008196721311475405 0.005464480874316936 0.019125683060109276 0.005464480874316936 0.02732240437158468 0.010928961748633873 0.02732240437158468 0.008196721311475405 0.008196721311475405 0.02459016393442621 0.008196721311475405 0.01639344262295081 0.008196721311475405 0.02732240437158468 0.019125683060109276 0.019125683060109276 0.01639344262295081 0.002732240437158468 0.01639344262295081 0.010928961748633873 0.02732240437158468 0.002732240437158468 0.021857923497267746 0.019125683060109276 0.01639344262295081 0.021857923497267746 0.002732240437158468 0.0 
0.006060606060606062 0.030303030303030314 0.006060606060606062 0.02121212121212122 0.003030303030303031 0.009090909090909094 0.006060606060606062 0.02121212121212122 0.018181818181818188 0.018181818181818188 0.018181818181818188 0.027272727272727282 0.030303030303030314 0.006060606060606062 0.015151515151515157 0.006060606060606062 0.018181818181818188 0.030303030303030314 0.030303030303030314 0.018181818181818188 0.012121212121212125 0.015151515151515157 0.003030303030303031 0.012121212121212125 0.018181818181818188 0.030303030303030314 0.02424242424242425 0.027272727272727282 0.02121212121212122 0.006060606060606062 0.009090909090909094 0.003030303030303031 0.030303030303030314 0.006060606060606062 0.003030303030303031 0.006060606060606062 0.018181818181818188 0.015151515151515157 0.009090909090909094 0.027272727272727282 0.006060606060606062 0.030303030303030314 0.027272727272727282 0.02121212121212122 0.02121212121212122 0.015151515151515157 0.009090909090909094 0.009090909090909094 0.012121212121212125 0.02424242424242425 0.015151515151515157 0.012121212121212125 0.003030303030303031 0.009090909090909094 0.006060606060606062 0.018181818181818188 0.009090909090909094 0.009090909090909094 0.003030303030303031 0.012121212121212125 0.030303030303030314 0.018181818181818188 0.006060606060606062 0.027272727272727282 0.009090909090909094 0.0 
0.025568181818181823 0.005681818181818183 0.0028409090909090914 0.02840909090909091 0.008522727272727274 0.017045454545454548 0.008522727272727274 0.014204545454545456 0.01988636363636364 0.017045454545454548 0.011363636363636366 0.01988636363636364 0.02840909090909091 0.011363636363636366 0.0028409090909090914 0.025568181818181823 0.014204545454545456 0.0028409090909090914 0.008522727272727274 0.005681818181818183 0.017045454545454548 0.017045454545454548 0.014204545454545456 0.025568181818181823 0.025568181818181823 0.025568181818181823 0.01988636363636364 0.017045454545454548 0.025568181818181823 0.02272727272727273 0.014204545454545456 0.005681818181818183 0.005681818181818183 0.008522727272727274 0.02272727272727273 0.02840909090909091 0.01988636363636364 0.025568181818181823 0.02840909090909091 0.01988636363636364 0.02272727272727273 0.02272727272727273 0.02272727272727273 0.011363636363636366 0.025568181818181823 0.014204545454545456 0.0028409090909090914 0.02840909090909091 0.014204545454545456 0.014204545454545456 0.008522727272727274 0.0028409090909090914 0.02272727272727273 0.014204545454545456 0.008522727272727274 0.017045454545454548 0.017045454545454548 0.005681818181818183 0.0028409090909090914 0.0028409090909090914 0.025568181818181823 0.005681818181818183 0.005681818181818183 0.011363636363636366 0.0028409090909090914 0.0 
0.008356545961002783 0.025069637883008346 0.027855153203342604 0.0027855153203342605 0.016713091922005565 0.008356545961002783 0.027855153203342604 0.022284122562674084 0.025069637883008346 0.008356545961002783 0.011142061281337042 0.008356545961002783 0.008356545961002783 0.027855153203342604 0.025069637883008346 0.011142061281337042 0.0027855153203342605 0.005571030640668521 0.022284122562674084 0.025069637883008346 0.016713091922005565 0.0027855153203342605 0.022284122562674084 0.013927576601671302 0.008356545961002783 0.025069637883008346 0.011142061281337042 0.008356545961002783 0.011142061281337042 0.005571030640668521 0.022284122562674084 0.011142061281337042 0.016713091922005565 0.022284122562674084 0.022284122562674084 0.027855153203342604 0.013927576601671302 0.019498607242339826 0.011142061281337042 0.013927576601671302 0.025069637883008346 0.011142061281337042 0.027855153203342604 0.019498607242339826 0.016713091922005565 0.005571030640668521 0.025069637883008346 0.008356545961002783 0.025069637883008346 0.019498607242339826 0.019498607242339826 0.019498607242339826 0.008356545961002783 0.0027855153203342605 0.027855153203342604 0.016713091922005565 0.0027855153203342605 0.005571030640668521 0.016713091922005565 0.005571030640668521 0.011142061281337042 0.008356545961002783 0.016713091922005565 0.019498607242339826 0.008356545961002783 0.0 
0.0056179775280898875 0.0028089887640449437 0.011235955056179775 0.019662921348314606 0.0056179775280898875 0.019662921348314606 0.02247191011235955 0.014044943820224719 0.011235955056179775 0.025280898876404494 0.008426966292134831 0.011235955056179775 0.025280898876404494 0.0028089887640449437 0.011235955056179775 0.025280898876404494 0.025280898876404494 0.008426966292134831 0.025280898876404494 0.02247191011235955 0.028089887640449437 0.028089887640449437 0.016853932584269662 0.016853932584269662 0.0028089887640449437 0.019662921348314606 0.011235955056179775 0.016853932584269662 0.028089887640449437 0.011235955056179775 0.02247191011235955 0.02247191011235955 0.014044943820224719 0.0028089887640449437 0.025280898876404494 0.0028089887640449437 0.025280898876404494 0.025280898876404494 0.0028089887640449437 0.02247191011235955 0.0028089887640449437 0.025280898876404494 0.025280898876404494 0.0056179775280898875 0.019662921348314606 0.016853932584269662 0.02247191011235955 0.011235955056179775 0.016853932584269662 0.008426966292134831 0.028089887640449437 0.011235955056179775 0.0056179775280898875 0.011235955056179775 0.0056179775280898875 0.011235955056179775 0.011235955056179775 0.016853932584269662 0.014044943820224719 0.008426966292134831 0.0028089887640449437 0.008426966292134831 0.028089887640449437 0.016853932584269662 0.016853932584269662 0.0 
0.02770083102493075 0.024930747922437678 0.013850415512465375 0.008310249307479227 0.0027700831024930752 0.0027700831024930752 0.0055401662049861505 0.013850415512465375 0.024930747922437678 0.019390581717451526 0.024930747922437678 0.019390581717451526 0.013850415512465375 0.011080332409972301 0.008310249307479227 0.022160664819944602 0.013850415512465375 0.011080332409972301 0.02770083102493075 0.0027700831024930752 0.008310249307479227 0.011080332409972301 0.0027700831024930752 0.0055401662049861505 0.0055401662049861505 0.02770083102493075 0.019390581717451526 0.008310249307479227 0.0055401662049861505 0.016620498614958453 0.011080332409972301 0.013850415512465375 0.022160664819944602 0.0055401662049861505 0.0055401662049861505 0.0055401662049861505 0.02770083102493075 0.019390581717451526 0.02770083102493075 0.022160664819944602 0.008310249307479227 0.008310249307479227 0.02770083102493075 0.008310249307479227 0.022160664819944602 0.0055401662049861505 0.02770083102493075 0.024930747922437678 0.024930747922437678 0.008310249307479227 0.024930747922437678 0.008310249307479227 0.02770083102493075 0.008310249307479227 0.02770083102493075 0.019390581717451526 0.02770083102493075 0.019390581717451526 0.022160664819944602 0.0027700831024930752 0.022160664819944602 0.0055401662049861505 0.022160664819944602 0.0055401662049861505 0.019390581717451526 0.0 
0.028089887640449448 0.011235955056179778 0.005617977528089889 0.019662921348314613 0.01685393258426967 0.008426966292134835 0.008426966292134835 0.01685393258426967 0.005617977528089889 0.019662921348314613 0.0252808988764045 0.0028089887640449446 0.022471910112359557 0.005617977528089889 0.01685393258426967 0.0028089887640449446 0.014044943820224724 0.0028089887640449446 0.0252808988764045 0.022471910112359557 0.028089887640449448 0.0028089887640449446 0.008426966292134835 0.022471910112359557 0.019662921348314613 0.011235955056179778 0.005617977528089889 0.028089887640449448 0.0252808988764045 0.0028089887640449446 0.022471910112359557 0.011235955056179778 0.014044943820224724 0.019662921348314613 0.0028089887640449446 0.008426966292134835 0.01685393258426967 0.028089887640449448 0.0028089887640449446 0.005617977528089889 0.019662921348314613 0.022471910112359557 0.019662921348314613 0.022471910112359557 0.014044943820224724 0.028089887640449448 0.014044943820224724 0.008426966292134835 0.0252808988764045 0.028089887640449448 0.022471910112359557 0.01685393258426967 0.019662921348314613 0.0028089887640449446 0.008426966292134835 0.01685393258426967 0.022471910112359557 0.011235955056179778 0.01685393258426967 0.019662921348314613 0.01685393258426967 0.0252808988764045 0.005617977528089889 0.008426966292134835 0.01685393258426967 0.0 
0.005830903790087465 0.02332361516034986 0.005830903790087465 0.014577259475218663 0.026239067055393597 0.0029154518950437326 0.01166180758017493 0.017492711370262398 0.017492711370262398 0.0029154518950437326 0.01166180758017493 0.0029154518950437326 0.008746355685131199 0.008746355685131199 0.008746355685131199 0.0029154518950437326 0.017492711370262398 0.005830903790087465 0.029154518950437327 0.02332361516034986 0.026239067055393597 0.020408163265306128 0.005830903790087465 0.02332361516034986 0.029154518950437327 0.014577259475218663 0.0029154518950437326 0.008746355685131199 0.026239067055393597 0.020408163265306128 0.017492711370262398 0.017492711370262398 0.017492711370262398 0.017492711370262398 0.017492711370262398 0.0029154518950437326 0.0029154518950437326 0.01166180758017493 0.008746355685131199 0.01166180758017493 0.029154518950437327 0.01166180758017493 0.017492711370262398 0.02332361516034986 0.029154518950437327 0.029154518950437327 0.0029154518950437326 0.029154518950437327 0.020408163265306128 0.01166180758017493 0.020408163265306128 0.02332361516034986 0.0029154518950437326 0.014577259475218663 0.0029154518950437326 0.026239067055393597 0.029154518950437327 0.02332361516034986 0.017492711370262398 0.0029154518950437326 0.020408163265306128 0.005830903790087465 0.02332361516034986 0.005830903790087465 0.026239067055393597 0.0 
0.01340482573726541 0.021447721179624655 0.005361930294906164 0.021447721179624655 0.01340482573726541 0.002680965147453082 0.008042895442359246 0.005361930294906164 0.01340482573726541 0.010723860589812327 0.02680965147453082 0.002680965147453082 0.01340482573726541 0.024128686327077736 0.024128686327077736 0.002680965147453082 0.005361930294906164 0.008042895442359246 0.002680965147453082 0.002680965147453082 0.021447721179624655 0.005361930294906164 0.02680965147453082 0.02680965147453082 0.016085790884718492 0.01340482573726541 0.005361930294906164 0.005361930294906164 0.021447721179624655 0.018766756032171573 0.021447721179624655 0.016085790884718492 0.016085790884718492 0.024128686327077736 0.005361930294906164 0.01340482573726541 0.02680965147453082 0.01340482573726541 0.021447721179624655 0.021447721179624655 0.02680965147453082 0.016085790884718492 0.016085790884718492 0.016085790884718492 0.021447721179624655 0.008042895442359246 0.008042895442359246 0.021447721179624655 0.018766756032171573 0.018766756032171573 0.021447721179624655 0.018766756032171573 0.016085790884718492 0.016085790884718492 0.01340482573726541 0.002680965147453082 0.021447721179624655 0.01340482573726541 0.021447721179624655 0.024128686327077736 0.02680965147453082 0.024128686327077736 0.021447721179624655 0.008042895442359246 0.010723860589812327 0.0 
0.010075566750629723 0.007556675062972292 0.02518891687657431 0.022670025188916875 0.010075566750629723 0.02518891687657431 0.020151133501259445 0.010075566750629723 0.022670025188916875 0.020151133501259445 0.02518891687657431 0.005037783375314861 0.0025188916876574307 0.015113350125944584 0.02518891687657431 0.012594458438287154 0.015113350125944584 0.007556675062972292 0.017632241813602016 0.010075566750629723 0.012594458438287154 0.022670025188916875 0.010075566750629723 0.017632241813602016 0.010075566750629723 0.0025188916876574307 0.005037783375314861 0.0025188916876574307 0.012594458438287154 0.02518891687657431 0.020151133501259445 0.007556675062972292 0.02518891687657431 0.02518891687657431 0.0025188916876574307 0.022670025188916875 0.005037783375314861 0.02518891687657431 0.012594458438287154 0.010075566750629723 0.005037783375314861 0.02518891687657431 0.017632241813602016 0.02518891687657431 0.0025188916876574307 0.020151133501259445 0.017632241813602016 0.02518891687657431 0.02518891687657431 0.005037783375314861 0.012594458438287154 0.02518891687657431 0.02518891687657431 0.012594458438287154 0.020151133501259445 0.02518891687657431 0.020151133501259445 0.02518891687657431 0.005037783375314861 0.0025188916876574307 0.022670025188916875 0.005037783375314861 0.007556675062972292 0.020151133501259445 0.015113350125944584 0.0 
0.018404907975460124 0.003067484662576687 0.015337423312883436 0.02147239263803681 0.018404907975460124 0.009202453987730062 0.006134969325153374 0.012269938650306749 0.012269938650306749 0.03067484662576687 0.015337423312883436 0.03067484662576687 0.003067484662576687 0.018404907975460124 0.006134969325153374 0.003067484662576687 0.03067484662576687 0.02147239263803681 0.018404907975460124 0.027607361963190184 0.024539877300613498 0.006134969325153374 0.006134969325153374 0.006134969325153374 0.024539877300613498 0.018404907975460124 0.006134969325153374 0.015337423312883436 0.018404907975460124 0.027607361963190184 0.027607361963190184 0.015337423312883436 0.012269938650306749 0.003067484662576687 0.015337423312883436 0.009202453987730062 0.03067484662576687 0.003067484662576687 0.018404907975460124 0.006134969325153374 0.015337423312883436 0.015337423312883436 0.015337423312883436 0.03067484662576687 0.006134969325153374 0.02147239263803681 0.02147239263803681 0.009202453987730062 0.02147239263803681 0.012269938650306749 0.02147239263803681 0.012269938650306749 0.006134969325153374 0.015337423312883436 0.018404907975460124 0.018404907975460124 0.02147239263803681 0.015337423312883436 0.012269938650306749 0.027607361963190184 0.009202453987730062 0.009202453987730062 0.006134969325153374 0.009202453987730062 0.012269938650306749 0.0 
0.014619883040935679 0.0029239766081871356 0.02631578947368422 0.029239766081871357 0.014619883040935679 0.02631578947368422 0.017543859649122813 0.017543859649122813 0.02046783625730995 0.0029239766081871356 0.005847953216374271 0.017543859649122813 0.02046783625730995 0.017543859649122813 0.017543859649122813 0.029239766081871357 0.005847953216374271 0.023391812865497085 0.008771929824561406 0.0029239766081871356 0.017543859649122813 0.014619883040935679 0.014619883040935679 0.011695906432748543 0.029239766081871357 0.008771929824561406 0.017543859649122813 0.0029239766081871356 0.0029239766081871356 0.023391812865497085 0.0029239766081871356 0.0029239766081871356 0.005847953216374271 0.023391812865497085 0.023391812865497085 0.005847953216374271 0.014619883040935679 0.023391812865497085 0.02631578947368422 0.005847953216374271 0.0029239766081871356 0.011695906432748543 0.011695906432748543 0.02631578947368422 0.029239766081871357 0.029239766081871357 0.011695906432748543 0.014619883040935679 0.029239766081871357 0.017543859649122813 0.011695906432748543 0.023391812865497085 0.014619883040935679 0.011695906432748543 0.005847953216374271 0.017543859649122813 0.02046783625730995 0.02046783625730995 0.023391812865497085 0.02046783625730995 0.02631578947368422 0.0029239766081871356 0.005847953216374271 0.005847953216374271 0.005847953216374271 0.0 
0.02873563218390805 0.002873563218390805 0.01149425287356322 0.002873563218390805 0.002873563218390805 0.008620689655172415 0.02873563218390805 0.008620689655172415 0.014367816091954025 0.002873563218390805 0.008620689655172415 0.014367816091954025 0.02873563218390805 0.02298850574712644 0.02298850574712644 0.01724137931034483 0.02873563218390805 0.002873563218390805 0.025862068965517244 0.002873563218390805 0.01724137931034483 0.025862068965517244 0.01149425287356322 0.020114942528735635 0.01149425287356322 0.008620689655172415 0.02298850574712644 0.01724137931034483 0.014367816091954025 0.020114942528735635 0.008620689655172415 0.01149425287356322 0.014367816091954025 0.008620689655172415 0.002873563218390805 0.01724137931034483 0.00574712643678161 0.02298850574712644 0.02873563218390805 0.008620689655172415 0.020114942528735635 0.00574712643678161 0.00574712643678161 0.01149425287356322 0.014367816091954025 0.02873563218390805 0.008620689655172415 0.008620689655172415 0.025862068965517244 0.02873563218390805 0.01149425287356322 0.01149425287356322 0.02298850574712644 0.020114942528735635 0.01724137931034483 0.020114942528735635 0.020114942528735635 0.01724137931034483 0.01149425287356322 0.00574712643678161 0.020114942528735635 0.00574712643678161 0.025862068965517244 0.020114942528735635 0.025862068965517244 0.0 
0.02185792349726775 0.008196721311475407 0.010928961748633875 0.008196721311475407 0.019125683060109283 0.010928961748633875 0.013661202185792344 0.016393442622950814 0.013661202185792344 0.005464480874316937 0.008196721311475407 0.027322404371584688 0.0027322404371584686 0.027322404371584688 0.016393442622950814 0.019125683060109283 0.005464480874316937 0.019125683060109283 0.019125683060109283 0.010928961748633875 0.027322404371584688 0.008196721311475407 0.02185792349726775 0.027322404371584688 0.010928961748633875 0.027322404371584688 0.027322404371584688 0.010928961748633875 0.027322404371584688 0.013661202185792344 0.010928961748633875 0.02185792349726775 0.02185792349726775 0.02185792349726775 0.02185792349726775 0.005464480874316937 0.005464480874316937 0.019125683060109283 0.016393442622950814 0.005464480874316937 0.016393442622950814 0.008196721311475407 0.013661202185792344 0.013661202185792344 0.008196721311475407 0.008196721311475407 0.027322404371584688 0.016393442622950814 0.019125683060109283 0.008196721311475407 0.008196721311475407 0.008196721311475407 0.010928961748633875 0.027322404371584688 0.008196721311475407 0.019125683060109283 0.016393442622950814 0.027322404371584688 0.005464480874316937 0.019125683060109283 0.0027322404371584686 0.013661202185792344 0.027322404371584688 0.013661202185792344 0.016393442622950814 0.0 
0.00554016620498615 0.013850415512465374 0.01662049861495845 0.024930747922437674 0.0110803324099723 0.024930747922437674 0.024930747922437674 0.00554016620498615 0.019390581717451522 0.024930747922437674 0.013850415512465374 0.019390581717451522 0.01662049861495845 0.019390581717451522 0.002770083102493075 0.00554016620498615 0.019390581717451522 0.0221606648199446 0.00554016620498615 0.0221606648199446 0.019390581717451522 0.002770083102493075 0.019390581717451522 0.0221606648199446 0.002770083102493075 0.024930747922437674 0.027700831024930747 0.0110803324099723 0.01662049861495845 0.027700831024930747 0.013850415512465374 0.002770083102493075 0.008310249307479225 0.00554016620498615 0.027700831024930747 0.019390581717451522 0.002770083102493075 0.00554016620498615 0.0221606648199446 0.013850415512465374 0.013850415512465374 0.008310249307479225 0.002770083102493075 0.00554016620498615 0.024930747922437674 0.008310249307479225 0.019390581717451522 0.0110803324099723 0.0110803324099723 0.024930747922437674 0.019390581717451522 0.0221606648199446 0.0110803324099723 0.0110803324099723 0.008310249307479225 0.008310249307479225 0.027700831024930747 0.008310249307479225 0.013850415512465374 0.024930747922437674 0.027700831024930747 0.019390581717451522 0.008310249307479225 0.0221606648199446 0.0221606648199446 0.0 
0.015290519877675837 0.021406727828746173 0.0030581039755351674 0.021406727828746173 0.02446483180428134 0.0030581039755351674 0.02446483180428134 0.01223241590214067 0.015290519877675837 0.0030581039755351674 0.021406727828746173 0.021406727828746173 0.0030581039755351674 0.02752293577981651 0.006116207951070335 0.02752293577981651 0.0030581039755351674 0.01223241590214067 0.015290519877675837 0.009174311926605503 0.015290519877675837 0.02752293577981651 0.018348623853211007 0.0030581039755351674 0.030581039755351674 0.006116207951070335 0.006116207951070335 0.01223241590214067 0.030581039755351674 0.0030581039755351674 0.01223241590214067 0.030581039755351674 0.0030581039755351674 0.030581039755351674 0.009174311926605503 0.02446483180428134 0.018348623853211007 0.015290519877675837 0.01223241590214067 0.009174311926605503 0.0030581039755351674 0.02446483180428134 0.006116207951070335 0.0030581039755351674 0.0030581039755351674 0.006116207951070335 0.009174311926605503 0.009174311926605503 0.018348623853211007 0.030581039755351674 0.018348623853211007 0.01223241590214067 0.0030581039755351674 0.02446483180428134 0.02752293577981651 0.021406727828746173 0.0030581039755351674 0.018348623853211007 0.02446483180428134 0.009174311926605503 0.02752293577981651 0.02752293577981651 0.018348623853211007 0.021406727828746173 0.021406727828746173 0.0 
0.00797872340425532 0.021276595744680854 0.02659574468085107 0.018617021276595747 0.013297872340425535 0.01595744680851064 0.01595744680851064 0.013297872340425535 0.02659574468085107 0.02659574468085107 0.00797872340425532 0.02659574468085107 0.00797872340425532 0.021276595744680854 0.01595744680851064 0.0053191489361702135 0.013297872340425535 0.01595744680851064 0.023936170212765964 0.02659574468085107 0.018617021276595747 0.021276595744680854 0.0053191489361702135 0.023936170212765964 0.0053191489361702135 0.013297872340425535 0.010638297872340427 0.018617021276595747 0.021276595744680854 0.023936170212765964 0.010638297872340427 0.0026595744680851068 0.0026595744680851068 0.01595744680851064 0.0026595744680851068 0.00797872340425532 0.02659574468085107 0.013297872340425535 0.021276595744680854 0.018617021276595747 0.00797872340425532 0.021276595744680854 0.01595744680851064 0.00797872340425532 0.010638297872340427 0.010638297872340427 0.01595744680851064 0.021276595744680854 0.018617021276595747 0.021276595744680854 0.023936170212765964 0.0053191489361702135 0.021276595744680854 0.0053191489361702135 0.01595744680851064 0.021276595744680854 0.010638297872340427 0.018617021276595747 0.013297872340425535 0.0053191489361702135 0.02659574468085107 0.01595744680851064 0.0053191489361702135 0.00797872340425532 0.01595744680851064 0.0 
0.009146341463414627 0.018292682926829253 0.003048780487804876 0.012195121951219504 0.021341463414634134 0.018292682926829253 0.009146341463414627 0.003048780487804876 0.021341463414634134 0.009146341463414627 0.012195121951219504 0.006097560975609752 0.021341463414634134 0.012195121951219504 0.012195121951219504 0.018292682926829253 0.021341463414634134 0.021341463414634134 0.01524390243902438 0.009146341463414627 0.012195121951219504 0.012195121951219504 0.018292682926829253 0.024390243902439008 0.018292682926829253 0.01524390243902438 0.027439024390243885 0.03048780487804876 0.027439024390243885 0.01524390243902438 0.027439024390243885 0.024390243902439008 0.009146341463414627 0.018292682926829253 0.003048780487804876 0.009146341463414627 0.012195121951219504 0.009146341463414627 0.021341463414634134 0.009146341463414627 0.018292682926829253 0.012195121951219504 0.024390243902439008 0.01524390243902438 0.018292682926829253 0.01524390243902438 0.01524390243902438 0.03048780487804876 0.012195121951219504 0.003048780487804876 0.018292682926829253 0.006097560975609752 0.027439024390243885 0.021341463414634134 0.018292682926829253 0.009146341463414627 0.009146341463414627 0.006097560975609752 0.009146341463414627 0.027439024390243885 0.009146341463414627 0.03048780487804876 0.003048780487804876 0.018292682926829253 0.003048780487804876 0.0 
0.002762430939226519 0.02209944751381215 0.024861878453038666 0.008287292817679556 0.008287292817679556 0.008287292817679556 0.013812154696132593 0.027624309392265185 0.008287292817679556 0.008287292817679556 0.01933701657458563 0.016574585635359112 0.027624309392265185 0.005524861878453038 0.013812154696132593 0.024861878453038666 0.024861878453038666 0.02209944751381215 0.013812154696132593 0.016574585635359112 0.005524861878453038 0.013812154696132593 0.011049723756906075 0.002762430939226519 0.013812154696132593 0.011049723756906075 0.005524861878453038 0.027624309392265185 0.002762430939226519 0.016574585635359112 0.011049723756906075 0.01933701657458563 0.027624309392265185 0.027624309392265185 0.005524861878453038 0.01933701657458563 0.005524861878453038 0.024861878453038666 0.01933701657458563 0.027624309392265185 0.002762430939226519 0.011049723756906075 0.005524861878453038 0.008287292817679556 0.024861878453038666 0.011049723756906075 0.013812154696132593 0.013812154696132593 0.002762430939226519 0.011049723756906075 0.027624309392265185 0.024861878453038666 0.027624309392265185 0.005524861878453038 0.027624309392265185 0.013812154696132593 0.011049723756906075 0.005524861878453038 0.027624309392265185 0.027624309392265185 0.027624309392265185 0.016574585635359112 0.008287292817679556 0.016574585635359112 0.011049723756906075 0.0 
0.002724795640326975 0.016348773841961848 0.016348773841961848 0.0108991825613079 0.0217983651226158 0.008174386920980924 0.024523160762942774 0.00544959128065395 0.0108991825613079 0.0217983651226158 0.016348773841961848 0.008174386920980924 0.008174386920980924 0.016348773841961848 0.0217983651226158 0.019073569482288825 0.016348773841961848 0.019073569482288825 0.024523160762942774 0.027247956403269748 0.024523160762942774 0.013623978201634874 0.0108991825613079 0.00544959128065395 0.027247956403269748 0.027247956403269748 0.00544959128065395 0.0217983651226158 0.0217983651226158 0.0108991825613079 0.027247956403269748 0.0217983651226158 0.027247956403269748 0.008174386920980924 0.024523160762942774 0.00544959128065395 0.019073569482288825 0.024523160762942774 0.002724795640326975 0.002724795640326975 0.027247956403269748 0.008174386920980924 0.027247956403269748 0.016348773841961848 0.019073569482288825 0.027247956403269748 0.00544959128065395 0.0108991825613079 0.002724795640326975 0.0108991825613079 0.008174386920980924 0.0108991825613079 0.024523160762942774 0.0108991825613079 0.016348773841961848 0.002724795640326975 0.016348773841961848 0.00544959128065395 0.00544959128065395 0.008174386920980924 0.016348773841961848 0.016348773841961848 0.002724795640326975 0.024523160762942774 0.027247956403269748 0.0 
0.016666666666666663 0.005555555555555555 0.02777777777777777 0.024999999999999994 0.005555555555555555 0.01944444444444444 0.02222222222222222 0.008333333333333331 0.02777777777777777 0.01111111111111111 0.024999999999999994 0.0027777777777777775 0.016666666666666663 0.008333333333333331 0.016666666666666663 0.013888888888888885 0.013888888888888885 0.0027777777777777775 0.02222222222222222 0.01111111111111111 0.01944444444444444 0.024999999999999994 0.005555555555555555 0.01111111111111111 0.0027777777777777775 0.008333333333333331 0.013888888888888885 0.024999999999999994 0.01944444444444444 0.013888888888888885 0.013888888888888885 0.008333333333333331 0.02222222222222222 0.0027777777777777775 0.01111111111111111 0.02777777777777777 0.016666666666666663 0.02777777777777777 0.013888888888888885 0.02777777777777777 0.01111111111111111 0.02222222222222222 0.005555555555555555 0.005555555555555555 0.008333333333333331 0.013888888888888885 0.005555555555555555 0.01944444444444444 0.02777777777777777 0.01944444444444444 0.01944444444444444 0.02222222222222222 0.0027777777777777775 0.016666666666666663 0.024999999999999994 0.02222222222222222 0.016666666666666663 0.016666666666666663 0.024999999999999994 0.008333333333333331 0.016666666666666663 0.013888888888888885 0.008333333333333331 0.016666666666666663 0.01111111111111111 0.0 
0.016216216216216217 0.010810810810810811 0.010810810810810811 0.010810810810810811 0.01891891891891892 0.010810810810810811 0.01891891891891892 0.008108108108108109 0.002702702702702703 0.016216216216216217 0.013513513513513514 0.021621621621621623 0.008108108108108109 0.024324324324324326 0.013513513513513514 0.01891891891891892 0.005405405405405406 0.002702702702702703 0.008108108108108109 0.005405405405405406 0.013513513513513514 0.005405405405405406 0.01891891891891892 0.008108108108108109 0.01891891891891892 0.021621621621621623 0.021621621621621623 0.024324324324324326 0.010810810810810811 0.02702702702702703 0.01891891891891892 0.024324324324324326 0.02702702702702703 0.008108108108108109 0.008108108108108109 0.002702702702702703 0.013513513513513514 0.01891891891891892 0.021621621621621623 0.005405405405405406 0.010810810810810811 0.024324324324324326 0.01891891891891892 0.01891891891891892 0.013513513513513514 0.005405405405405406 0.013513513513513514 0.008108108108108109 0.02702702702702703 0.024324324324324326 0.021621621621621623 0.01891891891891892 0.021621621621621623 0.024324324324324326 0.008108108108108109 0.008108108108108109 0.008108108108108109 0.016216216216216217 0.016216216216216217 0.01891891891891892 0.01891891891891892 0.021621621621621623 0.021621621621621623 0.01891891891891892 0.02702702702702703 0.0 
0.011204481792717085 0.008403361344537813 0.011204481792717085 0.019607843137254898 0.011204481792717085 0.02521008403361344 0.0028011204481792713 0.0028011204481792713 0.016806722689075626 0.019607843137254898 0.02240896358543417 0.008403361344537813 0.014005602240896356 0.0028011204481792713 0.019607843137254898 0.011204481792717085 0.005602240896358543 0.016806722689075626 0.014005602240896356 0.02801120448179271 0.008403361344537813 0.02521008403361344 0.0028011204481792713 0.005602240896358543 0.011204481792717085 0.02521008403361344 0.02521008403361344 0.0028011204481792713 0.02240896358543417 0.016806722689075626 0.0028011204481792713 0.008403361344537813 0.02240896358543417 0.0028011204481792713 0.02240896358543417 0.0028011204481792713 0.016806722689075626 0.005602240896358543 0.008403361344537813 0.014005602240896356 0.02801120448179271 0.016806722689075626 0.008403361344537813 0.02240896358543417 0.02521008403361344 0.02240896358543417 0.014005602240896356 0.02240896358543417 0.014005602240896356 0.0028011204481792713 0.005602240896358543 0.008403361344537813 0.02801120448179271 0.02240896358543417 0.016806722689075626 0.02801120448179271 0.02240896358543417 0.019607843137254898 0.016806722689075626 0.02801120448179271 0.02801120448179271 0.019607843137254898 0.02521008403361344 0.016806722689075626 0.014005602240896356 0.0 
0.0106951871657754 0.00267379679144385 0.02406417112299465 0.0106951871657754 0.013368983957219251 0.00267379679144385 0.01871657754010695 0.008021390374331552 0.008021390374331552 0.008021390374331552 0.013368983957219251 0.0106951871657754 0.016042780748663103 0.00267379679144385 0.01871657754010695 0.01871657754010695 0.00267379679144385 0.016042780748663103 0.0213903743315508 0.0213903743315508 0.01871657754010695 0.016042780748663103 0.026737967914438502 0.013368983957219251 0.0053475935828877 0.016042780748663103 0.026737967914438502 0.013368983957219251 0.02406417112299465 0.02406417112299465 0.013368983957219251 0.026737967914438502 0.01871657754010695 0.0213903743315508 0.016042780748663103 0.0213903743315508 0.00267379679144385 0.0213903743315508 0.02406417112299465 0.01871657754010695 0.013368983957219251 0.026737967914438502 0.026737967914438502 0.013368983957219251 0.016042780748663103 0.016042780748663103 0.026737967914438502 0.013368983957219251 0.0213903743315508 0.02406417112299465 0.02406417112299465 0.0213903743315508 0.016042780748663103 0.0106951871657754 0.013368983957219251 0.013368983957219251 0.0213903743315508 0.0053475935828877 0.00267379679144385 0.008021390374331552 0.0106951871657754 0.016042780748663103 0.00267379679144385 0.00267379679144385 0.016042780748663103 0.0 
0.020887728459530026 0.007832898172323759 0.018276762402088774 0.0026109660574412533 0.010443864229765013 0.02610966057441253 0.013054830287206266 0.018276762402088774 0.015665796344647518 0.020887728459530026 0.010443864229765013 0.013054830287206266 0.010443864229765013 0.005221932114882507 0.005221932114882507 0.005221932114882507 0.005221932114882507 0.0026109660574412533 0.018276762402088774 0.020887728459530026 0.018276762402088774 0.013054830287206266 0.020887728459530026 0.010443864229765013 0.007832898172323759 0.013054830287206266 0.02610966057441253 0.02349869451697128 0.02610966057441253 0.015665796344647518 0.005221932114882507 0.02349869451697128 0.005221932114882507 0.0026109660574412533 0.02610966057441253 0.02349869451697128 0.013054830287206266 0.02349869451697128 0.0026109660574412533 0.018276762402088774 0.013054830287206266 0.018276762402088774 0.0026109660574412533 0.02349869451697128 0.015665796344647518 0.010443864229765013 0.02349869451697128 0.02610966057441253 0.020887728459530026 0.020887728459530026 0.02349869451697128 0.02610966057441253 0.007832898172323759 0.015665796344647518 0.013054830287206266 0.02610966057441253 0.02349869451697128 0.018276762402088774 0.02610966057441253 0.015665796344647518 0.013054830287206266 0.02349869451697128 0.015665796344647518 0.005221932114882507 0.0026109660574412533 0.0 
0.023809523809523808 0.002976190476190476 0.01488095238095238 0.002976190476190476 0.017857142857142856 0.01488095238095238 0.023809523809523808 0.005952380952380952 0.005952380952380952 0.002976190476190476 0.011904761904761904 0.005952380952380952 0.002976190476190476 0.011904761904761904 0.005952380952380952 0.020833333333333332 0.005952380952380952 0.02976190476190476 0.017857142857142856 0.017857142857142856 0.020833333333333332 0.01488095238095238 0.02976190476190476 0.008928571428571428 0.008928571428571428 0.026785714285714284 0.005952380952380952 0.005952380952380952 0.008928571428571428 0.017857142857142856 0.005952380952380952 0.017857142857142856 0.023809523809523808 0.011904761904761904 0.002976190476190476 0.020833333333333332 0.005952380952380952 0.020833333333333332 0.005952380952380952 0.023809523809523808 0.005952380952380952 0.023809523809523808 0.017857142857142856 0.020833333333333332 0.026785714285714284 0.005952380952380952 0.01488095238095238 0.01488095238095238 0.008928571428571428 0.023809523809523808 0.011904761904761904 0.026785714285714284 0.002976190476190476 0.026785714285714284 0.023809523809523808 0.026785714285714284 0.008928571428571428 0.02976190476190476 0.02976190476190476 0.020833333333333332 0.023809523809523808 0.020833333333333332 0.008928571428571428 0.01488095238095238 0.023809523809523808 0.0 
0.010869565217391299 0.021739130434782598 0.008152173913043475 0.024456521739130425 0.005434782608695649 0.02717391304347825 0.0027173913043478247 0.013586956521739125 0.013586956521739125 0.021739130434782598 0.021739130434782598 0.010869565217391299 0.02717391304347825 0.019021739130434777 0.01630434782608695 0.021739130434782598 0.005434782608695649 0.005434782608695649 0.0027173913043478247 0.021739130434782598 0.008152173913043475 0.01630434782608695 0.021739130434782598 0.010869565217391299 0.0027173913043478247 0.02717391304347825 0.024456521739130425 0.005434782608695649 0.008152173913043475 0.013586956521739125 0.008152173913043475 0.010869565217391299 0.005434782608695649 0.024456521739130425 0.021739130434782598 0.013586956521739125 0.0027173913043478247 0.02717391304347825 0.021739130434782598 0.010869565217391299 0.02717391304347825 0.008152173913043475 0.019021739130434777 0.008152173913043475 0.019021739130434777 0.005434782608695649 0.013586956521739125 0.010869565217391299 0.010869565217391299 0.013586956521739125 0.0027173913043478247 0.019021739130434777 0.024456521739130425 0.02717391304347825 0.021739130434782598 0.0027173913043478247 0.024456521739130425 0.024456521739130425 0.019021739130434777 0.02717391304347825 0.005434782608695649 0.02717391304347825 0.01630434782608695 0.010869565217391299 0.024456521739130425 0.0 
0.02521008403361344 0.011204481792717085 0.02240896358543417 0.02801120448179271 0.016806722689075626 0.016806722689075626 0.016806722689075626 0.02521008403361344 0.008403361344537813 0.005602240896358543 0.02240896358543417 0.005602240896358543 0.0028011204481792713 0.0028011204481792713 0.02801120448179271 0.016806722689075626 0.016806722689075626 0.005602240896358543 0.019607843137254898 0.014005602240896356 0.008403361344537813 0.0028011204481792713 0.019607843137254898 0.005602240896358543 0.008403361344537813 0.014005602240896356 0.011204481792717085 0.02521008403361344 0.005602240896358543 0.008403361344537813 0.02801120448179271 0.016806722689075626 0.02521008403361344 0.008403361344537813 0.008403361344537813 0.005602240896358543 0.02801120448179271 0.0028011204481792713 0.011204481792717085 0.011204481792717085 0.02521008403361344 0.019607843137254898 0.014005602240896356 0.019607843137254898 0.02521008403361344 0.008403361344537813 0.016806722689075626 0.02240896358543417 0.019607843137254898 0.005602240896358543 0.008403361344537813 0.02240896358543417 0.011204481792717085 0.02521008403361344 0.014005602240896356 0.02240896358543417 0.016806722689075626 0.02240896358543417 0.019607843137254898 0.016806722689075626 0.02521008403361344 0.016806722689075626 0.008403361344537813 0.011204481792717085 0.016806722689075626 0.0 
0.02173913043478261 0.012422360248447206 0.009316770186335406 0.006211180124223603 0.02484472049689441 0.02484472049689441 0.012422360248447206 0.01863354037267081 0.006211180124223603 0.012422360248447206 0.015527950310559008 0.02173913043478261 0.012422360248447206 0.027950310559006215 0.009316770186335406 0.009316770186335406 0.006211180124223603 0.0031055900621118015 0.01863354037267081 0.02173913043478261 0.02484472049689441 0.012422360248447206 0.0031055900621118015 0.009316770186335406 0.0031055900621118015 0.012422360248447206 0.0031055900621118015 0.006211180124223603 0.015527950310559008 0.0031055900621118015 0.015527950310559008 0.027950310559006215 0.031055900621118016 0.012422360248447206 0.015527950310559008 0.0031055900621118015 0.0031055900621118015 0.02484472049689441 0.009316770186335406 0.02484472049689441 0.031055900621118016 0.02484472049689441 0.027950310559006215 0.02484472049689441 0.031055900621118016 0.0031055900621118015 0.02173913043478261 0.01863354037267081 0.02173913043478261 0.027950310559006215 0.02484472049689441 0.02484472049689441 0.031055900621118016 0.012422360248447206 0.0031055900621118015 0.009316770186335406 0.0031055900621118015 0.01863354037267081 0.012422360248447206 0.006211180124223603 0.027950310559006215 0.009316770186335406 0.0031055900621118015 0.006211180124223603 0.01863354037267081 0.0 
0.0125 0.009375 0.0125 0.015625 0.00625 0.009375 0.015625 0.021875 0.00625 0.009375 0.021875 0.015625 0.015625 0.0125 0.021875 0.015625 0.009375 0.015625 0.028125 0.021875 0.003125 0.021875 0.0125 0.028125 0.015625 0.028125 0.009375 0.03125 0.00625 0.01875 0.015625 0.009375 0.03125 0.025 0.01875 0.021875 0.021875 0.00625 0.015625 0.01875 0.00625 0.01875 0.01875 0.00625 0.009375 0.003125 0.025 0.015625 0.021875 0.015625 0.03125 0.01875 0.0125 0.003125 0.00625 0.028125 0.003125 0.00625 0.00625 0.0125 0.0125 0.015625 0.009375 0.025 0.0125 0.0 
0.023598820058997053 0.011799410029498527 0.023598820058997053 0.029498525073746316 0.011799410029498527 0.020648967551622422 0.014749262536873158 0.023598820058997053 0.023598820058997053 0.011799410029498527 0.014749262536873158 0.029498525073746316 0.023598820058997053 0.011799410029498527 0.005899705014749263 0.008849557522123895 0.005899705014749263 0.023598820058997053 0.020648967551622422 0.020648967551622422 0.029498525073746316 0.020648967551622422 0.005899705014749263 0.005899705014749263 0.005899705014749263 0.0029498525073746317 0.0029498525073746317 0.005899705014749263 0.020648967551622422 0.008849557522123895 0.023598820058997053 0.011799410029498527 0.01769911504424779 0.005899705014749263 0.023598820058997053 0.005899705014749263 0.014749262536873158 0.020648967551622422 0.011799410029498527 0.014749262536873158 0.005899705014749263 0.008849557522123895 0.020648967551622422 0.0029498525073746317 0.014749262536873158 0.026548672566371685 0.008849557522123895 0.005899705014749263 0.008849557522123895 0.020648967551622422 0.020648967551622422 0.029498525073746316 0.005899705014749263 0.020648967551622422 0.008849557522123895 0.020648967551622422 0.014749262536873158 0.008849557522123895 0.026548672566371685 0.011799410029498527 0.005899705014749263 0.029498525073746316 0.011799410029498527 0.026548672566371685 0.014749262536873158 0.0 
0.005319148936170214 0.010638297872340429 0.01861702127659575 0.002659574468085107 0.010638297872340429 0.002659574468085107 0.013297872340425537 0.026595744680851074 0.013297872340425537 0.01861702127659575 0.005319148936170214 0.021276595744680857 0.005319148936170214 0.013297872340425537 0.013297872340425537 0.002659574468085107 0.013297872340425537 0.021276595744680857 0.013297872340425537 0.023936170212765964 0.023936170212765964 0.010638297872340429 0.023936170212765964 0.021276595744680857 0.015957446808510644 0.023936170212765964 0.005319148936170214 0.01861702127659575 0.01861702127659575 0.023936170212765964 0.023936170212765964 0.002659574468085107 0.023936170212765964 0.010638297872340429 0.01861702127659575 0.01861702127659575 0.021276595744680857 0.026595744680851074 0.005319148936170214 0.007978723404255322 0.026595744680851074 0.023936170212765964 0.015957446808510644 0.005319148936170214 0.01861702127659575 0.005319148936170214 0.002659574468085107 0.026595744680851074 0.01861702127659575 0.007978723404255322 0.010638297872340429 0.015957446808510644 0.007978723404255322 0.007978723404255322 0.013297872340425537 0.026595744680851074 0.026595744680851074 0.023936170212765964 0.021276595744680857 0.021276595744680857 0.015957446808510644 0.015957446808510644 0.015957446808510644 0.010638297872340429 0.013297872340425537 0.0 
0.0027548209366391172 0.008264462809917352 0.019283746556473823 0.0055096418732782345 0.016528925619834704 0.022038567493112938 0.008264462809917352 0.024793388429752056 0.0055096418732782345 0.019283746556473823 0.024793388429752056 0.016528925619834704 0.024793388429752056 0.011019283746556469 0.024793388429752056 0.0027548209366391172 0.016528925619834704 0.0055096418732782345 0.024793388429752056 0.024793388429752056 0.011019283746556469 0.022038567493112938 0.02754820936639117 0.02754820936639117 0.022038567493112938 0.024793388429752056 0.0027548209366391172 0.02754820936639117 0.011019283746556469 0.024793388429752056 0.011019283746556469 0.02754820936639117 0.0027548209366391172 0.013774104683195586 0.0027548209366391172 0.011019283746556469 0.02754820936639117 0.013774104683195586 0.0055096418732782345 0.019283746556473823 0.02754820936639117 0.011019283746556469 0.024793388429752056 0.0027548209366391172 0.013774104683195586 0.019283746556473823 0.0055096418732782345 0.011019283746556469 0.008264462809917352 0.0027548209366391172 0.02754820936639117 0.011019283746556469 0.008264462809917352 0.0055096418732782345 0.022038567493112938 0.0027548209366391172 0.0027548209366391172 0.02754820936639117 0.016528925619834704 0.02754820936639117 0.011019283746556469 0.022038567493112938 0.024793388429752056 0.008264462809917352 0.011019283746556469 0.0 
0.01623376623376624 0.012987012987012991 0.006493506493506496 0.003246753246753248 0.01623376623376624 0.022727272727272735 0.022727272727272735 0.012987012987012991 0.02922077922077923 0.022727272727272735 0.025974025974025983 0.006493506493506496 0.022727272727272735 0.01623376623376624 0.012987012987012991 0.022727272727272735 0.03246753246753248 0.03246753246753248 0.012987012987012991 0.012987012987012991 0.009740259740259744 0.003246753246753248 0.006493506493506496 0.003246753246753248 0.022727272727272735 0.006493506493506496 0.009740259740259744 0.01623376623376624 0.003246753246753248 0.009740259740259744 0.012987012987012991 0.019480519480519487 0.019480519480519487 0.02922077922077923 0.012987012987012991 0.012987012987012991 0.012987012987012991 0.01623376623376624 0.02922077922077923 0.019480519480519487 0.006493506493506496 0.019480519480519487 0.006493506493506496 0.025974025974025983 0.012987012987012991 0.006493506493506496 0.003246753246753248 0.03246753246753248 0.012987012987012991 0.01623376623376624 0.003246753246753248 0.02922077922077923 0.003246753246753248 0.025974025974025983 0.012987012987012991 0.012987012987012991 0.006493506493506496 0.009740259740259744 0.03246753246753248 0.006493506493506496 0.03246753246753248 0.003246753246753248 0.022727272727272735 0.012987012987012991 0.003246753246753248 0.0 
0.025352112676056356 0.025352112676056356 0.019718309859154945 0.011267605633802824 0.011267605633802824 0.01408450704225353 0.002816901408450706 0.019718309859154945 0.019718309859154945 0.02816901408450706 0.02816901408450706 0.002816901408450706 0.011267605633802824 0.016901408450704234 0.01408450704225353 0.019718309859154945 0.005633802816901412 0.025352112676056356 0.025352112676056356 0.008450704225352117 0.002816901408450706 0.016901408450704234 0.005633802816901412 0.025352112676056356 0.005633802816901412 0.005633802816901412 0.02816901408450706 0.01408450704225353 0.011267605633802824 0.005633802816901412 0.016901408450704234 0.025352112676056356 0.02253521126760565 0.019718309859154945 0.016901408450704234 0.011267605633802824 0.02253521126760565 0.011267605633802824 0.025352112676056356 0.005633802816901412 0.019718309859154945 0.025352112676056356 0.005633802816901412 0.02253521126760565 0.005633802816901412 0.016901408450704234 0.005633802816901412 0.011267605633802824 0.02253521126760565 0.011267605633802824 0.011267605633802824 0.008450704225352117 0.01408450704225353 0.008450704225352117 0.02253521126760565 0.008450704225352117 0.011267605633802824 0.005633802816901412 0.025352112676056356 0.02816901408450706 0.011267605633802824 0.01408450704225353 0.019718309859154945 0.002816901408450706 0.02816901408450706 0.0 
0.02821316614420062 0.018808777429467082 0.02821316614420062 0.003134796238244513 0.025078369905956105 0.015673981191222566 0.021943573667711595 0.021943573667711595 0.009404388714733541 0.015673981191222566 0.009404388714733541 0.009404388714733541 0.025078369905956105 0.006269592476489026 0.02821316614420062 0.015673981191222566 0.003134796238244513 0.003134796238244513 0.006269592476489026 0.015673981191222566 0.009404388714733541 0.018808777429467082 0.006269592476489026 0.006269592476489026 0.006269592476489026 0.009404388714733541 0.003134796238244513 0.015673981191222566 0.003134796238244513 0.012539184952978052 0.006269592476489026 0.003134796238244513 0.025078369905956105 0.009404388714733541 0.012539184952978052 0.018808777429467082 0.009404388714733541 0.02821316614420062 0.025078369905956105 0.021943573667711595 0.018808777429467082 0.018808777429467082 0.025078369905956105 0.025078369905956105 0.003134796238244513 0.02821316614420062 0.006269592476489026 0.012539184952978052 0.021943573667711595 0.021943573667711595 0.003134796238244513 0.009404388714733541 0.03134796238244513 0.02821316614420062 0.015673981191222566 0.021943573667711595 0.03134796238244513 0.003134796238244513 0.02821316614420062 0.009404388714733541 0.009404388714733541 0.003134796238244513 0.012539184952978052 0.02821316614420062 0.021943573667711595 0.0 
0.016129032258064526 0.021505376344086037 0.016129032258064526 0.005376344086021509 0.026881720430107545 0.016129032258064526 0.026881720430107545 0.016129032258064526 0.005376344086021509 0.0026881720430107546 0.016129032258064526 0.02419354838709679 0.008064516129032263 0.02419354838709679 0.005376344086021509 0.021505376344086037 0.02419354838709679 0.013440860215053772 0.010752688172043019 0.016129032258064526 0.018817204301075283 0.016129032258064526 0.018817204301075283 0.010752688172043019 0.016129032258064526 0.008064516129032263 0.010752688172043019 0.018817204301075283 0.005376344086021509 0.0026881720430107546 0.013440860215053772 0.016129032258064526 0.021505376344086037 0.02419354838709679 0.005376344086021509 0.005376344086021509 0.013440860215053772 0.010752688172043019 0.026881720430107545 0.005376344086021509 0.021505376344086037 0.018817204301075283 0.026881720430107545 0.016129032258064526 0.016129032258064526 0.016129032258064526 0.005376344086021509 0.008064516129032263 0.021505376344086037 0.008064516129032263 0.005376344086021509 0.016129032258064526 0.008064516129032263 0.008064516129032263 0.013440860215053772 0.021505376344086037 0.026881720430107545 0.02419354838709679 0.018817204301075283 0.008064516129032263 0.026881720430107545 0.02419354838709679 0.005376344086021509 0.021505376344086037 0.026881720430107545 0.0 
0.021276595744680864 0.006079027355623105 0.02431610942249242 0.015197568389057762 0.006079027355623105 0.02735562310030397 0.01215805471124621 0.0030395136778115523 0.02735562310030397 0.009118541033434657 0.0030395136778115523 0.006079027355623105 0.021276595744680864 0.02431610942249242 0.015197568389057762 0.009118541033434657 0.030395136778115523 0.006079027355623105 0.021276595744680864 0.015197568389057762 0.015197568389057762 0.021276595744680864 0.015197568389057762 0.0030395136778115523 0.018237082066869314 0.01215805471124621 0.02431610942249242 0.021276595744680864 0.02735562310030397 0.006079027355623105 0.021276595744680864 0.030395136778115523 0.0030395136778115523 0.009118541033434657 0.021276595744680864 0.015197568389057762 0.018237082066869314 0.006079027355623105 0.0030395136778115523 0.015197568389057762 0.02431610942249242 0.021276595744680864 0.021276595744680864 0.006079027355623105 0.0030395136778115523 0.021276595744680864 0.030395136778115523 0.0030395136778115523 0.015197568389057762 0.0030395136778115523 0.0030395136778115523 0.01215805471124621 0.01215805471124621 0.02431610942249242 0.02431610942249242 0.015197568389057762 0.02431610942249242 0.006079027355623105 0.006079027355623105 0.02735562310030397 0.02431610942249242 0.01215805471124621 0.02431610942249242 0.021276595744680864 0.0030395136778115523 0.0 
0.012269938650306754 0.009202453987730065 0.0030674846625766885 0.006134969325153377 0.01840490797546013 0.02147239263803682 0.024539877300613508 0.006134969325153377 0.030674846625766885 0.027607361963190198 0.02147239263803682 0.0030674846625766885 0.0030674846625766885 0.015337423312883442 0.030674846625766885 0.027607361963190198 0.015337423312883442 0.012269938650306754 0.02147239263803682 0.02147239263803682 0.024539877300613508 0.024539877300613508 0.02147239263803682 0.02147239263803682 0.02147239263803682 0.015337423312883442 0.01840490797546013 0.0030674846625766885 0.01840490797546013 0.015337423312883442 0.024539877300613508 0.027607361963190198 0.012269938650306754 0.009202453987730065 0.0030674846625766885 0.015337423312883442 0.01840490797546013 0.009202453987730065 0.009202453987730065 0.012269938650306754 0.01840490797546013 0.012269938650306754 0.006134969325153377 0.009202453987730065 0.006134969325153377 0.030674846625766885 0.02147239263803682 0.01840490797546013 0.01840490797546013 0.030674846625766885 0.0030674846625766885 0.015337423312883442 0.006134969325153377 0.009202453987730065 0.009202453987730065 0.01840490797546013 0.024539877300613508 0.006134969325153377 0.024539877300613508 0.0030674846625766885 0.01840490797546013 0.0030674846625766885 0.015337423312883442 0.006134969325153377 0.009202453987730065 0.0 
0.002976190476190476 0.011904761904761904 0.002976190476190476 0.017857142857142856 0.002976190476190476 0.020833333333333332 0.02976190476190476 0.002976190476190476 0.005952380952380952 0.008928571428571428 0.002976190476190476 0.020833333333333332 0.023809523809523808 0.023809523809523808 0.005952380952380952 0.005952380952380952 0.01488095238095238 0.01488095238095238 0.008928571428571428 0.020833333333333332 0.011904761904761904 0.011904761904761904 0.002976190476190476 0.005952380952380952 0.011904761904761904 0.020833333333333332 0.026785714285714284 0.008928571428571428 0.017857142857142856 0.02976190476190476 0.02976190476190476 0.020833333333333332 0.002976190476190476 0.011904761904761904 0.011904761904761904 0.026785714285714284 0.002976190476190476 0.026785714285714284 0.017857142857142856 0.017857142857142856 0.023809523809523808 0.02976190476190476 0.011904761904761904 0.02976190476190476 0.005952380952380952 0.008928571428571428 0.01488095238095238 0.020833333333333332 0.023809523809523808 0.02976190476190476 0.017857142857142856 0.026785714285714284 0.020833333333333332 0.01488095238095238 0.011904761904761904 0.01488095238095238 0.002976190476190476 0.023809523809523808 0.005952380952380952 0.002976190476190476 0.002976190476190476 0.02976190476190476 0.01488095238095238 0.017857142857142856 0.023809523809523808 0.0 
0.01308900523560209 0.023560209424083763 0.005235602094240837 0.01308900523560209 0.02617801047120418 0.018324607329842927 0.007853403141361254 0.01570680628272251 0.02094240837696335 0.023560209424083763 0.02617801047120418 0.005235602094240837 0.010471204188481674 0.023560209424083763 0.01308900523560209 0.01308900523560209 0.02094240837696335 0.01570680628272251 0.02094240837696335 0.02617801047120418 0.018324607329842927 0.005235602094240837 0.01308900523560209 0.010471204188481674 0.010471204188481674 0.0026178010471204186 0.005235602094240837 0.023560209424083763 0.018324607329842927 0.01308900523560209 0.023560209424083763 0.007853403141361254 0.02617801047120418 0.023560209424083763 0.023560209424083763 0.007853403141361254 0.018324607329842927 0.02094240837696335 0.0026178010471204186 0.023560209424083763 0.023560209424083763 0.01308900523560209 0.02094240837696335 0.02617801047120418 0.005235602094240837 0.02617801047120418 0.018324607329842927 0.02094240837696335 0.01308900523560209 0.005235602094240837 0.018324607329842927 0.018324607329842927 0.02617801047120418 0.007853403141361254 0.02094240837696335 0.007853403141361254 0.01308900523560209 0.0026178010471204186 0.023560209424083763 0.007853403141361254 0.01308900523560209 0.007853403141361254 0.007853403141361254 0.005235602094240837 0.005235602094240837 0.0 
0.002724795640326976 0.021798365122615806 0.024523160762942784 0.027247956403269758 0.016348773841961855 0.010899182561307903 0.024523160762942784 0.021798365122615806 0.010899182561307903 0.024523160762942784 0.016348773841961855 0.019073569482288832 0.013623978201634879 0.019073569482288832 0.021798365122615806 0.024523160762942784 0.027247956403269758 0.010899182561307903 0.027247956403269758 0.013623978201634879 0.005449591280653952 0.002724795640326976 0.021798365122615806 0.024523160762942784 0.010899182561307903 0.024523160762942784 0.019073569482288832 0.019073569482288832 0.021798365122615806 0.024523160762942784 0.024523160762942784 0.019073569482288832 0.016348773841961855 0.013623978201634879 0.005449591280653952 0.013623978201634879 0.021798365122615806 0.016348773841961855 0.027247956403269758 0.019073569482288832 0.002724795640326976 0.016348773841961855 0.002724795640326976 0.024523160762942784 0.002724795640326976 0.021798365122615806 0.005449591280653952 0.010899182561307903 0.013623978201634879 0.005449591280653952 0.002724795640326976 0.002724795640326976 0.019073569482288832 0.019073569482288832 0.016348773841961855 0.016348773841961855 0.027247956403269758 0.013623978201634879 0.002724795640326976 0.005449591280653952 0.013623978201634879 0.005449591280653952 0.002724795640326976 0.002724795640326976 0.013623978201634879 0.0 
0.011299435028248586 0.014124293785310731 0.02259887005649717 0.019774011299435026 0.02259887005649717 0.019774011299435026 0.0028248587570621464 0.008474576271186439 0.019774011299435026 0.02259887005649717 0.005649717514124293 0.008474576271186439 0.005649717514124293 0.014124293785310731 0.019774011299435026 0.011299435028248586 0.011299435028248586 0.014124293785310731 0.011299435028248586 0.0028248587570621464 0.02259887005649717 0.016949152542372878 0.025423728813559317 0.005649717514124293 0.02259887005649717 0.019774011299435026 0.028248587570621462 0.02259887005649717 0.014124293785310731 0.005649717514124293 0.014124293785310731 0.008474576271186439 0.0028248587570621464 0.025423728813559317 0.011299435028248586 0.008474576271186439 0.019774011299435026 0.028248587570621462 0.025423728813559317 0.0028248587570621464 0.0028248587570621464 0.0028248587570621464 0.02259887005649717 0.02259887005649717 0.014124293785310731 0.011299435028248586 0.008474576271186439 0.005649717514124293 0.016949152542372878 0.025423728813559317 0.02259887005649717 0.019774011299435026 0.014124293785310731 0.016949152542372878 0.014124293785310731 0.014124293785310731 0.025423728813559317 0.028248587570621462 0.014124293785310731 0.02259887005649717 0.014124293785310731 0.005649717514124293 0.011299435028248586 0.016949152542372878 0.028248587570621462 0.0 
0.005449591280653952 0.027247956403269758 0.013623978201634879 0.005449591280653952 0.005449591280653952 0.005449591280653952 0.016348773841961855 0.021798365122615806 0.008174386920980927 0.008174386920980927 0.005449591280653952 0.021798365122615806 0.008174386920980927 0.027247956403269758 0.019073569482288832 0.005449591280653952 0.010899182561307903 0.016348773841961855 0.021798365122615806 0.016348773841961855 0.021798365122615806 0.021798365122615806 0.008174386920980927 0.019073569482288832 0.002724795640326976 0.008174386920980927 0.021798365122615806 0.005449591280653952 0.019073569482288832 0.027247956403269758 0.016348773841961855 0.019073569482288832 0.002724795640326976 0.002724795640326976 0.013623978201634879 0.027247956403269758 0.024523160762942784 0.005449591280653952 0.016348773841961855 0.027247956403269758 0.024523160762942784 0.010899182561307903 0.005449591280653952 0.005449591280653952 0.019073569482288832 0.027247956403269758 0.002724795640326976 0.016348773841961855 0.027247956403269758 0.016348773841961855 0.016348773841961855 0.027247956403269758 0.019073569482288832 0.024523160762942784 0.005449591280653952 0.024523160762942784 0.027247956403269758 0.008174386920980927 0.013623978201634879 0.008174386920980927 0.024523160762942784 0.002724795640326976 0.010899182561307903 0.027247956403269758 0.024523160762942784 0.0 
0.02259887005649718 0.01129943502824859 0.005649717514124295 0.019774011299435033 0.01129943502824859 0.01129943502824859 0.005649717514124295 0.028248587570621476 0.02542372881355933 0.02542372881355933 0.01129943502824859 0.02542372881355933 0.008474576271186442 0.019774011299435033 0.019774011299435033 0.01129943502824859 0.019774011299435033 0.016949152542372885 0.02542372881355933 0.016949152542372885 0.008474576271186442 0.028248587570621476 0.01129943502824859 0.019774011299435033 0.0028248587570621473 0.005649717514124295 0.01129943502824859 0.02542372881355933 0.008474576271186442 0.02542372881355933 0.02259887005649718 0.02542372881355933 0.02259887005649718 0.016949152542372885 0.016949152542372885 0.005649717514124295 0.02259887005649718 0.02259887005649718 0.0028248587570621473 0.005649717514124295 0.008474576271186442 0.02542372881355933 0.005649717514124295 0.0028248587570621473 0.005649717514124295 0.0028248587570621473 0.005649717514124295 0.008474576271186442 0.014124293785310738 0.016949152542372885 0.019774011299435033 0.01129943502824859 0.016949152542372885 0.02542372881355933 0.016949152542372885 0.02259887005649718 0.02542372881355933 0.02542372881355933 0.02542372881355933 0.01129943502824859 0.008474576271186442 0.01129943502824859 0.0028248587570621473 0.016949152542372885 0.01129943502824859 0.0 
0.02461538461538461 0.00923076923076923 0.015384615384615382 0.02461538461538461 0.030769230769230764 0.021538461538461534 0.006153846153846152 0.030769230769230764 0.02461538461538461 0.006153846153846152 0.006153846153846152 0.01846153846153846 0.015384615384615382 0.015384615384615382 0.01846153846153846 0.003076923076923076 0.02461538461538461 0.003076923076923076 0.006153846153846152 0.021538461538461534 0.003076923076923076 0.030769230769230764 0.01846153846153846 0.015384615384615382 0.012307692307692304 0.012307692307692304 0.027692307692307686 0.003076923076923076 0.006153846153846152 0.006153846153846152 0.00923076923076923 0.01846153846153846 0.015384615384615382 0.030769230769230764 0.027692307692307686 0.02461538461538461 0.00923076923076923 0.02461538461538461 0.01846153846153846 0.01846153846153846 0.003076923076923076 0.027692307692307686 0.012307692307692304 0.015384615384615382 0.012307692307692304 0.00923076923076923 0.012307692307692304 0.006153846153846152 0.015384615384615382 0.003076923076923076 0.00923076923076923 0.00923076923076923 0.006153846153846152 0.01846153846153846 0.012307692307692304 0.02461538461538461 0.02461538461538461 0.012307692307692304 0.01846153846153846 0.01846153846153846 0.00923076923076923 0.027692307692307686 0.02461538461538461 0.003076923076923076 0.006153846153846152 0.0 
0.0055096418732782345 0.011019283746556469 0.0027548209366391172 0.024793388429752056 0.019283746556473823 0.008264462809917352 0.022038567493112938 0.008264462809917352 0.024793388429752056 0.016528925619834704 0.024793388429752056 0.0027548209366391172 0.02754820936639117 0.011019283746556469 0.022038567493112938 0.0055096418732782345 0.016528925619834704 0.022038567493112938 0.024793388429752056 0.0055096418732782345 0.011019283746556469 0.019283746556473823 0.008264462809917352 0.013774104683195586 0.02754820936639117 0.02754820936639117 0.024793388429752056 0.016528925619834704 0.022038567493112938 0.011019283746556469 0.022038567493112938 0.02754820936639117 0.011019283746556469 0.0027548209366391172 0.019283746556473823 0.013774104683195586 0.0055096418732782345 0.013774104683195586 0.022038567493112938 0.02754820936639117 0.0055096418732782345 0.022038567493112938 0.013774104683195586 0.022038567493112938 0.022038567493112938 0.016528925619834704 0.011019283746556469 0.0027548209366391172 0.016528925619834704 0.019283746556473823 0.024793388429752056 0.0027548209366391172 0.011019283746556469 0.008264462809917352 0.024793388429752056 0.011019283746556469 0.0027548209366391172 0.013774104683195586 0.0055096418732782345 0.013774104683195586 0.011019283746556469 0.022038567493112938 0.0027548209366391172 0.022038567493112938 0.019283746556473823 0.0 
0.012195121951219504 0.018292682926829253 0.018292682926829253 0.01524390243902438 0.009146341463414627 0.021341463414634134 0.009146341463414627 0.018292682926829253 0.006097560975609752 0.006097560975609752 0.018292682926829253 0.009146341463414627 0.003048780487804876 0.012195121951219504 0.03048780487804876 0.012195121951219504 0.012195121951219504 0.003048780487804876 0.018292682926829253 0.018292682926829253 0.01524390243902438 0.018292682926829253 0.009146341463414627 0.018292682926829253 0.021341463414634134 0.009146341463414627 0.003048780487804876 0.012195121951219504 0.021341463414634134 0.027439024390243885 0.018292682926829253 0.021341463414634134 0.003048780487804876 0.003048780487804876 0.01524390243902438 0.027439024390243885 0.024390243902439008 0.018292682926829253 0.03048780487804876 0.01524390243902438 0.03048780487804876 0.009146341463414627 0.009146341463414627 0.027439024390243885 0.012195121951219504 0.024390243902439008 0.018292682926829253 0.003048780487804876 0.027439024390243885 0.009146341463414627 0.006097560975609752 0.012195121951219504 0.009146341463414627 0.018292682926829253 0.012195121951219504 0.006097560975609752 0.027439024390243885 0.009146341463414627 0.03048780487804876 0.024390243902439008 0.027439024390243885 0.006097560975609752 0.009146341463414627 0.003048780487804876 0.024390243902439008 0.0 
0.010256410256410255 0.017948717948717944 0.015384615384615382 0.017948717948717944 0.015384615384615382 0.0025641025641025637 0.017948717948717944 0.017948717948717944 0.025641025641025633 0.015384615384615382 0.007692307692307691 0.005128205128205127 0.015384615384615382 0.023076923076923075 0.023076923076923075 0.007692307692307691 0.023076923076923075 0.005128205128205127 0.0025641025641025637 0.015384615384615382 0.015384615384615382 0.007692307692307691 0.010256410256410255 0.017948717948717944 0.012820512820512817 0.02051282051282051 0.007692307692307691 0.010256410256410255 0.010256410256410255 0.023076923076923075 0.025641025641025633 0.02051282051282051 0.012820512820512817 0.017948717948717944 0.02051282051282051 0.023076923076923075 0.023076923076923075 0.017948717948717944 0.012820512820512817 0.010256410256410255 0.015384615384615382 0.0025641025641025637 0.010256410256410255 0.025641025641025633 0.023076923076923075 0.025641025641025633 0.017948717948717944 0.023076923076923075 0.012820512820512817 0.025641025641025633 0.005128205128205127 0.005128205128205127 0.007692307692307691 0.025641025641025633 0.007692307692307691 0.023076923076923075 0.017948717948717944 0.005128205128205127 0.012820512820512817 0.025641025641025633 0.023076923076923075 0.0025641025641025637 0.017948717948717944 0.023076923076923075 0.010256410256410255 0.0 
0.010723860589812327 0.008042895442359246 0.010723860589812327 0.01340482573726541 0.005361930294906164 0.018766756032171573 0.018766756032171573 0.016085790884718492 0.02680965147453082 0.016085790884718492 0.021447721179624655 0.016085790884718492 0.021447721179624655 0.02680965147453082 0.02680965147453082 0.008042895442359246 0.018766756032171573 0.002680965147453082 0.01340482573726541 0.021447721179624655 0.008042895442359246 0.01340482573726541 0.002680965147453082 0.024128686327077736 0.005361930294906164 0.021447721179624655 0.010723860589812327 0.005361930294906164 0.008042895442359246 0.018766756032171573 0.01340482573726541 0.01340482573726541 0.024128686327077736 0.024128686327077736 0.018766756032171573 0.01340482573726541 0.01340482573726541 0.018766756032171573 0.018766756032171573 0.024128686327077736 0.024128686327077736 0.008042895442359246 0.018766756032171573 0.018766756032171573 0.005361930294906164 0.002680965147453082 0.008042895442359246 0.01340482573726541 0.002680965147453082 0.021447721179624655 0.005361930294906164 0.02680965147453082 0.01340482573726541 0.024128686327077736 0.01340482573726541 0.024128686327077736 0.010723860589812327 0.005361930294906164 0.02680965147453082 0.024128686327077736 0.002680965147453082 0.018766756032171573 0.02680965147453082 0.024128686327077736 0.008042895442359246 0.0 
0.009584664536741214 0.003194888178913738 0.006389776357827476 0.006389776357827476 0.019169329073482427 0.022364217252396165 0.019169329073482427 0.012779552715654952 0.022364217252396165 0.006389776357827476 0.006389776357827476 0.019169329073482427 0.03194888178913738 0.01597444089456869 0.025559105431309903 0.019169329073482427 0.03194888178913738 0.006389776357827476 0.019169329073482427 0.006389776357827476 0.01597444089456869 0.003194888178913738 0.012779552715654952 0.02875399361022364 0.012779552715654952 0.01597444089456869 0.006389776357827476 0.006389776357827476 0.009584664536741214 0.022364217252396165 0.03194888178913738 0.022364217252396165 0.009584664536741214 0.012779552715654952 0.019169329073482427 0.006389776357827476 0.012779552715654952 0.03194888178913738 0.003194888178913738 0.02875399361022364 0.02875399361022364 0.03194888178913738 0.012779552715654952 0.019169329073482427 0.003194888178913738 0.003194888178913738 0.03194888178913738 0.022364217252396165 0.019169329073482427 0.012779552715654952 0.003194888178913738 0.006389776357827476 0.025559105431309903 0.012779552715654952 0.01597444089456869 0.025559105431309903 0.003194888178913738 0.01597444089456869 0.012779552715654952 0.012779552715654952 0.02875399361022364 0.012779552715654952 0.006389776357827476 0.006389776357827476 0.003194888178913738 0.0 
0.017094017094017096 0.014245014245014245 0.002849002849002849 0.014245014245014245 0.014245014245014245 0.02564102564102564 0.02564102564102564 0.014245014245014245 0.017094017094017096 0.019943019943019943 0.011396011396011397 0.002849002849002849 0.011396011396011397 0.022792022792022793 0.008547008547008548 0.019943019943019943 0.008547008547008548 0.008547008547008548 0.008547008547008548 0.002849002849002849 0.002849002849002849 0.002849002849002849 0.011396011396011397 0.008547008547008548 0.022792022792022793 0.019943019943019943 0.011396011396011397 0.017094017094017096 0.014245014245014245 0.005698005698005698 0.02564102564102564 0.011396011396011397 0.014245014245014245 0.022792022792022793 0.022792022792022793 0.019943019943019943 0.019943019943019943 0.002849002849002849 0.022792022792022793 0.011396011396011397 0.002849002849002849 0.017094017094017096 0.02564102564102564 0.019943019943019943 0.011396011396011397 0.011396011396011397 0.017094017094017096 0.017094017094017096 0.02849002849002849 0.008547008547008548 0.019943019943019943 0.008547008547008548 0.022792022792022793 0.002849002849002849 0.02849002849002849 0.02849002849002849 0.019943019943019943 0.019943019943019943 0.014245014245014245 0.02849002849002849 0.008547008547008548 0.019943019943019943 0.022792022792022793 0.017094017094017096 0.017094017094017096 0.0 
0.0028248587570621473 0.016949152542372885 0.019774011299435033 0.01129943502824859 0.02542372881355933 0.02542372881355933 0.016949152542372885 0.019774011299435033 0.01129943502824859 0.0028248587570621473 0.005649717514124295 0.016949152542372885 0.028248587570621476 0.02259887005649718 0.014124293785310738 0.02259887005649718 0.0028248587570621473 0.0028248587570621473 0.008474576271186442 0.0028248587570621473 0.028248587570621476 0.005649717514124295 0.02259887005649718 0.028248587570621476 0.02542372881355933 0.019774011299435033 0.005649717514124295 0.019774011299435033 0.005649717514124295 0.028248587570621476 0.0028248587570621473 0.02542372881355933 0.016949152542372885 0.01129943502824859 0.01129943502824859 0.028248587570621476 0.028248587570621476 0.008474576271186442 0.008474576271186442 0.019774011299435033 0.0028248587570621473 0.019774011299435033 0.0028248587570621473 0.02542372881355933 0.016949152542372885 0.028248587570621476 0.028248587570621476 0.0028248587570621473 0.0028248587570621473 0.01129943502824859 0.014124293785310738 0.0028248587570621473 0.019774011299435033 0.02259887005649718 0.005649717514124295 0.0028248587570621473 0.02259887005649718 0.005649717514124295 0.019774011299435033 0.02259887005649718 0.02542372881355933 0.016949152542372885 0.016949152542372885 0.0028248587570621473 0.028248587570621476 0.0 
0.009646302250803861 0.016077170418006433 0.02893890675241158 0.016077170418006433 0.03215434083601287 0.003215434083601287 0.016077170418006433 0.016077170418006433 0.016077170418006433 0.02893890675241158 0.03215434083601287 0.016077170418006433 0.025723472668810296 0.03215434083601287 0.006430868167202574 0.012861736334405148 0.006430868167202574 0.009646302250803861 0.019292604501607722 0.025723472668810296 0.02893890675241158 0.009646302250803861 0.022508038585209007 0.003215434083601287 0.009646302250803861 0.003215434083601287 0.009646302250803861 0.012861736334405148 0.016077170418006433 0.012861736334405148 0.003215434083601287 0.025723472668810296 0.025723472668810296 0.012861736334405148 0.003215434083601287 0.03215434083601287 0.006430868167202574 0.019292604501607722 0.003215434083601287 0.006430868167202574 0.003215434083601287 0.016077170418006433 0.03215434083601287 0.009646302250803861 0.009646302250803861 0.012861736334405148 0.012861736334405148 0.003215434083601287 0.03215434083601287 0.003215434083601287 0.025723472668810296 0.03215434083601287 0.012861736334405148 0.02893890675241158 0.003215434083601287 0.02893890675241158 0.016077170418006433 0.003215434083601287 0.009646302250803861 0.016077170418006433 0.019292604501607722 0.003215434083601287 0.012861736334405148 0.003215434083601287 0.012861736334405148 0.0 
0.005714285714285714 0.014285714285714285 0.002857142857142857 0.014285714285714285 0.025714285714285714 0.011428571428571429 0.022857142857142857 0.005714285714285714 0.025714285714285714 0.002857142857142857 0.014285714285714285 0.025714285714285714 0.02 0.017142857142857144 0.002857142857142857 0.008571428571428572 0.02857142857142857 0.02857142857142857 0.008571428571428572 0.02857142857142857 0.02 0.022857142857142857 0.02 0.017142857142857144 0.008571428571428572 0.002857142857142857 0.025714285714285714 0.011428571428571429 0.002857142857142857 0.022857142857142857 0.002857142857142857 0.014285714285714285 0.02 0.005714285714285714 0.008571428571428572 0.008571428571428572 0.008571428571428572 0.02 0.02 0.02 0.002857142857142857 0.005714285714285714 0.005714285714285714 0.011428571428571429 0.017142857142857144 0.02 0.022857142857142857 0.022857142857142857 0.02 0.017142857142857144 0.002857142857142857 0.005714285714285714 0.005714285714285714 0.022857142857142857 0.02857142857142857 0.017142857142857144 0.025714285714285714 0.02857142857142857 0.02857142857142857 0.014285714285714285 0.002857142857142857 0.02857142857142857 0.02857142857142857 0.014285714285714285 0.002857142857142857 0.0 
0.021739130434782598 0.021739130434782598 0.010869565217391299 0.01630434782608695 0.0027173913043478247 0.021739130434782598 0.019021739130434777 0.024456521739130425 0.0027173913043478247 0.024456521739130425 0.005434782608695649 0.0027173913043478247 0.02717391304347825 0.01630434782608695 0.024456521739130425 0.008152173913043475 0.008152173913043475 0.013586956521739125 0.010869565217391299 0.021739130434782598 0.013586956521739125 0.005434782608695649 0.021739130434782598 0.013586956521739125 0.019021739130434777 0.02717391304347825 0.021739130434782598 0.01630434782608695 0.01630434782608695 0.02717391304347825 0.02717391304347825 0.01630434782608695 0.010869565217391299 0.019021739130434777 0.021739130434782598 0.010869565217391299 0.0027173913043478247 0.021739130434782598 0.013586956521739125 0.024456521739130425 0.005434782608695649 0.0027173913043478247 0.024456521739130425 0.024456521739130425 0.01630434782608695 0.008152173913043475 0.0027173913043478247 0.010869565217391299 0.01630434782608695 0.0027173913043478247 0.008152173913043475 0.024456521739130425 0.008152173913043475 0.024456521739130425 0.010869565217391299 0.005434782608695649 0.010869565217391299 0.02717391304347825 0.021739130434782598 0.010869565217391299 0.019021739130434777 0.010869565217391299 0.019021739130434777 0.02717391304347825 0.0027173913043478247 0.0 
0.021857923497267746 0.01639344262295081 0.008196721311475405 0.021857923497267746 0.01639344262295081 0.02732240437158468 0.01639344262295081 0.021857923497267746 0.02732240437158468 0.01366120218579234 0.008196721311475405 0.02459016393442621 0.002732240437158468 0.01366120218579234 0.01366120218579234 0.005464480874316936 0.021857923497267746 0.021857923497267746 0.005464480874316936 0.008196721311475405 0.01639344262295081 0.01366120218579234 0.021857923497267746 0.021857923497267746 0.002732240437158468 0.021857923497267746 0.01366120218579234 0.01639344262295081 0.01639344262295081 0.008196721311475405 0.02732240437158468 0.019125683060109276 0.010928961748633873 0.01366120218579234 0.010928961748633873 0.02732240437158468 0.021857923497267746 0.02732240437158468 0.01639344262295081 0.019125683060109276 0.01366120218579234 0.02459016393442621 0.01639344262295081 0.021857923497267746 0.008196721311475405 0.021857923497267746 0.019125683060109276 0.019125683060109276 0.005464480874316936 0.002732240437158468 0.010928961748633873 0.008196721311475405 0.010928961748633873 0.019125683060109276 0.02459016393442621 0.002732240437158468 0.01366120218579234 0.005464480874316936 0.01639344262295081 0.010928961748633873 0.005464480874316936 0.02459016393442621 0.008196721311475405 0.002732240437158468 0.019125683060109276 0.0 
0.0034602076124567466 0.0034602076124567466 0.006920415224913493 0.006920415224913493 0.01038062283737024 0.006920415224913493 0.017301038062283735 0.02076124567474048 0.017301038062283735 0.01038062283737024 0.017301038062283735 0.013840830449826987 0.006920415224913493 0.024221453287197225 0.017301038062283735 0.0034602076124567466 0.006920415224913493 0.027681660899653973 0.013840830449826987 0.031141868512110718 0.017301038062283735 0.013840830449826987 0.03460207612456747 0.031141868512110718 0.013840830449826987 0.01038062283737024 0.024221453287197225 0.031141868512110718 0.02076124567474048 0.0034602076124567466 0.0034602076124567466 0.017301038062283735 0.01038062283737024 0.006920415224913493 0.024221453287197225 0.01038062283737024 0.017301038062283735 0.006920415224913493 0.027681660899653973 0.0034602076124567466 0.006920415224913493 0.027681660899653973 0.024221453287197225 0.03460207612456747 0.03460207612456747 0.0034602076124567466 0.01038062283737024 0.0034602076124567466 0.006920415224913493 0.02076124567474048 0.017301038062283735 0.027681660899653973 0.013840830449826987 0.013840830449826987 0.006920415224913493 0.031141868512110718 0.017301038062283735 0.006920415224913493 0.006920415224913493 0.017301038062283735 0.013840830449826987 0.013840830449826987 0.03460207612456747 0.0034602076124567466 0.006920415224913493 0.0 
0.011869436201780418 0.005934718100890209 0.0029673590504451044 0.0029673590504451044 0.017804154302670627 0.005934718100890209 0.026706231454005937 0.023738872403560835 0.008902077151335314 0.02077151335311573 0.02077151335311573 0.02077151335311573 0.02077151335311573 0.0029673590504451044 0.02077151335311573 0.0029673590504451044 0.02077151335311573 0.0029673590504451044 0.008902077151335314 0.0029673590504451044 0.014836795252225522 0.011869436201780418 0.0029673590504451044 0.0029673590504451044 0.029673590504451043 0.014836795252225522 0.026706231454005937 0.014836795252225522 0.02077151335311573 0.023738872403560835 0.017804154302670627 0.0029673590504451044 0.0029673590504451044 0.011869436201780418 0.026706231454005937 0.014836795252225522 0.005934718100890209 0.017804154302670627 0.014836795252225522 0.026706231454005937 0.026706231454005937 0.029673590504451043 0.023738872403560835 0.02077151335311573 0.014836795252225522 0.011869436201780418 0.017804154302670627 0.011869436201780418 0.017804154302670627 0.02077151335311573 0.017804154302670627 0.023738872403560835 0.023738872403560835 0.014836795252225522 0.005934718100890209 0.017804154302670627 0.011869436201780418 0.023738872403560835 0.011869436201780418 0.008902077151335314 0.02077151335311573 0.029673590504451043 0.023738872403560835 0.008902077151335314 0.0029673590504451044 0.0 
1.0 0.0 0.0 0.0 0.0 0.0 0.0 0.0 0.0 0.0 0.0 0.0 0.0 0.0 0.0 0.0 0.0 0.0 0.0 0.0 0.0 0.0 0.0 0.0 0.0 0.0 0.0 0.0 0.0 0.0 0.0 0.0 0.0 0.0 0.0 0.0 0.0 0.0 0.0 0.0 0.0 0.0 0.0 0.0 0.0 0.0 0.0 0.0 0.0 0.0 0.0 0.0 0.0 0.0 0.0 0.0 0.0 0.0 0.0 0.0 0.0 0.0 0.0 0.0 0.0 0.0 

emissions
1 1 1 1 1 1 1 1 1 1 1 1 1 1 1 1 1 1 1 1 1 1 1 1 1 1 1 1 1 1 1 1 1 1 1 1 1 1 1 1 1 1 1 1 1 1 1 1 1 1 1 1 1 1 1 1 1 1 1 1 1 1 1 1 1 0 
0 0 0 0 0 0 0 0 0 0 0 0 0 0 0 0 0 0 0 0 0 0 0 0 0 0 0 0 0 0 0 0 0 0 0 0 0 0 0 0 0 0 0 0 0 0 0 0 0 0 0 0 0 0 0 0 0 0 0 0 0 0 0 0 0 1 
