states
0 1 2 3 4 5 6 7 8 9 10 11 12 13 14 15 16 17 18 19 20 21 22 23 24 25 26 27 28 29 30 31 32 33 34 35 36 37 38 39 40 41 42 43 44 45 46 47 48 49 50 51 52 53 54 55 56 57 58 59 60 61 62 63 64 65 
labels
empty init 
initial
0.0 0.0 0.0 0.0 0.0 0.0 0.0 0.0 0.0 0.0 0.0 0.0 0.0 0.0 0.0 0.0 0.0 0.0 0.0 0.0 0.0 0.0 0.0 0.0 0.0 0.0 0.0 0.0 0.0 0.0 0.0 0.0 0.0 0.0 0.0 0.0 0.0 0.0 0.0 0.0 0.0 0.0 0.0 0.0 0.0 0.0 0.0 0.0 0.0 0.0 0.0 0.0 0.0 0.0 0.0 0.0 0.0 0.0 0.0 0.0 0.0 0.0 0.0 0.0 0.0 1.0
transitions
0.026470588235294117 0.029411764705882353 0.011764705882352941 0.026470588235294117 0.026470588235294117 0.0029411764705882353 0.01764705882352941 0.011764705882352941 0.029411764705882353 0.029411764705882353 0.01764705882352941 0.023529411764705882 0.020588235294117647 0.0029411764705882353 0.014705882352941176 0.023529411764705882 0.026470588235294117 0.0058823529411764705 0.020588235294117647 0.008823529411764706 0.008823529411764706 0.0058823529411764705 0.011764705882352941 0.01764705882352941 0.026470588235294117 0.0058823529411764705 0.026470588235294117 0.023529411764705882 0.026470588235294117 0.0058823529411764705 0.0029411764705882353 0.01764705882352941 0.014705882352941176 0.0058823529411764705 0.01764705882352941 0.014705882352941176 0.023529411764705882 0.020588235294117647 0.0029411764705882353 0.0029411764705882353 0.029411764705882353 0.008823529411764706 0.014705882352941176 0.01764705882352941 0.026470588235294117 0.026470588235294117 0.023529411764705882 0.01764705882352941 0.0058823529411764705 0.0058823529411764705 0.0058823529411764705 0.01764705882352941 0.01764705882352941 0.023529411764705882 0.014705882352941176 0.011764705882352941 0.0029411764705882353 0.0029411764705882353 0.0029411764705882353 0.0029411764705882353 0.008823529411764706 0.008823529411764706 0.023529411764705882 0.0029411764705882353 0.01764705882352941 0.0 
0.003144654088050315 0.00628930817610063 0.015723270440251576 0.00628930817610063 0.009433962264150945 0.009433962264150945 0.015723270440251576 0.028301886792452834 0.003144654088050315 0.022012578616352203 0.003144654088050315 0.015723270440251576 0.00628930817610063 0.01886792452830189 0.00628930817610063 0.028301886792452834 0.028301886792452834 0.02515723270440252 0.003144654088050315 0.003144654088050315 0.03144654088050315 0.00628930817610063 0.02515723270440252 0.028301886792452834 0.02515723270440252 0.015723270440251576 0.003144654088050315 0.003144654088050315 0.015723270440251576 0.01257861635220126 0.003144654088050315 0.028301886792452834 0.009433962264150945 0.02515723270440252 0.009433962264150945 0.00628930817610063 0.01257861635220126 0.009433962264150945 0.015723270440251576 0.00628930817610063 0.009433962264150945 0.009433962264150945 0.02515723270440252 0.01257861635220126 0.015723270440251576 0.00628930817610063 0.022012578616352203 0.02515723270440252 0.03144654088050315 0.00628930817610063 0.003144654088050315 0.003144654088050315 0.01886792452830189 0.028301886792452834 0.015723270440251576 0.028301886792452834 0.028301886792452834 0.01257861635220126 0.015723270440251576 0.03144654088050315 0.009433962264150945 0.01886792452830189 0.015723270440251576 0.02515723270440252 0.03144654088050315 0.0 
0.00505050505050505 0.025252525252525245 0.002525252525252525 0.0202020202020202 0.012626262626262623 0.022727272727272724 0.022727272727272724 0.012626262626262623 0.00505050505050505 0.012626262626262623 0.002525252525252525 0.015151515151515148 0.017676767676767673 0.0202020202020202 0.002525252525252525 0.0202020202020202 0.022727272727272724 0.00505050505050505 0.015151515151515148 0.0101010101010101 0.017676767676767673 0.025252525252525245 0.00505050505050505 0.0101010101010101 0.0202020202020202 0.012626262626262623 0.025252525252525245 0.002525252525252525 0.022727272727272724 0.012626262626262623 0.0202020202020202 0.022727272727272724 0.015151515151515148 0.017676767676767673 0.0202020202020202 0.0101010101010101 0.015151515151515148 0.00505050505050505 0.022727272727272724 0.025252525252525245 0.007575757575757574 0.025252525252525245 0.022727272727272724 0.025252525252525245 0.012626262626262623 0.015151515151515148 0.002525252525252525 0.022727272727272724 0.0202020202020202 0.00505050505050505 0.007575757575757574 0.015151515151515148 0.007575757575757574 0.0202020202020202 0.017676767676767673 0.0202020202020202 0.025252525252525245 0.00505050505050505 0.015151515151515148 0.0202020202020202 0.015151515151515148 0.025252525252525245 0.0202020202020202 0.007575757575757574 0.017676767676767673 0.0 
0.01396648044692737 0.025139664804469268 0.01396648044692737 0.02793296089385474 0.011173184357541898 0.025139664804469268 0.016759776536312845 0.01955307262569832 0.011173184357541898 0.025139664804469268 0.01396648044692737 0.008379888268156423 0.022346368715083796 0.022346368715083796 0.008379888268156423 0.008379888268156423 0.0027932960893854745 0.022346368715083796 0.016759776536312845 0.0027932960893854745 0.011173184357541898 0.011173184357541898 0.016759776536312845 0.016759776536312845 0.01396648044692737 0.022346368715083796 0.008379888268156423 0.008379888268156423 0.01955307262569832 0.01955307262569832 0.011173184357541898 0.01955307262569832 0.022346368715083796 0.022346368715083796 0.0027932960893854745 0.025139664804469268 0.02793296089385474 0.01396648044692737 0.016759776536312845 0.01396648044692737 0.016759776536312845 0.0027932960893854745 0.011173184357541898 0.016759776536312845 0.01396648044692737 0.008379888268156423 0.016759776536312845 0.005586592178770949 0.022346368715083796 0.02793296089385474 0.01955307262569832 0.0027932960893854745 0.005586592178770949 0.022346368715083796 0.0027932960893854745 0.011173184357541898 0.022346368715083796 0.02793296089385474 0.011173184357541898 0.016759776536312845 0.01955307262569832 0.005586592178770949 0.016759776536312845 0.011173184357541898 0.01955307262569832 0.0 
0.02760736196319019 0.018404907975460127 0.021472392638036814 0.024539877300613504 0.003067484662576688 0.009202453987730064 0.006134969325153376 0.021472392638036814 0.009202453987730064 0.009202453987730064 0.018404907975460127 0.024539877300613504 0.006134969325153376 0.015337423312883439 0.024539877300613504 0.030674846625766878 0.012269938650306752 0.006134969325153376 0.009202453987730064 0.012269938650306752 0.006134969325153376 0.018404907975460127 0.015337423312883439 0.018404907975460127 0.009202453987730064 0.015337423312883439 0.006134969325153376 0.012269938650306752 0.009202453987730064 0.006134969325153376 0.015337423312883439 0.018404907975460127 0.02760736196319019 0.012269938650306752 0.006134969325153376 0.009202453987730064 0.021472392638036814 0.018404907975460127 0.024539877300613504 0.006134969325153376 0.012269938650306752 0.030674846625766878 0.012269938650306752 0.018404907975460127 0.003067484662576688 0.024539877300613504 0.009202453987730064 0.021472392638036814 0.003067484662576688 0.006134969325153376 0.003067484662576688 0.015337423312883439 0.021472392638036814 0.018404907975460127 0.021472392638036814 0.015337423312883439 0.030674846625766878 0.024539877300613504 0.003067484662576688 0.015337423312883439 0.009202453987730064 0.02760736196319019 0.030674846625766878 0.02760736196319019 0.009202453987730064 0.0 
0.025862068965517244 0.025862068965517244 0.014367816091954025 0.025862068965517244 0.002873563218390805 0.014367816091954025 0.02298850574712644 0.02873563218390805 0.01724137931034483 0.02873563218390805 0.020114942528735635 0.014367816091954025 0.020114942528735635 0.01149425287356322 0.002873563218390805 0.020114942528735635 0.01149425287356322 0.00574712643678161 0.014367816091954025 0.00574712643678161 0.01724137931034483 0.00574712643678161 0.025862068965517244 0.02873563218390805 0.01149425287356322 0.002873563218390805 0.00574712643678161 0.014367816091954025 0.025862068965517244 0.01724137931034483 0.014367816091954025 0.01149425287356322 0.01724137931034483 0.002873563218390805 0.025862068965517244 0.02298850574712644 0.014367816091954025 0.01149425287356322 0.01149425287356322 0.020114942528735635 0.00574712643678161 0.02298850574712644 0.02873563218390805 0.00574712643678161 0.008620689655172415 0.002873563218390805 0.02298850574712644 0.00574712643678161 0.01724137931034483 0.008620689655172415 0.008620689655172415 0.00574712643678161 0.01149425287356322 0.014367816091954025 0.01149425287356322 0.025862068965517244 0.002873563218390805 0.020114942528735635 0.025862068965517244 0.01149425287356322 0.02873563218390805 0.02298850574712644 0.00574712643678161 0.025862068965517244 0.008620689655172415 0.0 
0.025714285714285714 0.002857142857142857 0.014285714285714285 0.025714285714285714 0.025714285714285714 0.02 0.014285714285714285 0.011428571428571429 0.002857142857142857 0.014285714285714285 0.002857142857142857 0.017142857142857144 0.008571428571428572 0.008571428571428572 0.02 0.008571428571428572 0.002857142857142857 0.014285714285714285 0.005714285714285714 0.017142857142857144 0.017142857142857144 0.02 0.017142857142857144 0.02857142857142857 0.017142857142857144 0.014285714285714285 0.02857142857142857 0.02 0.008571428571428572 0.005714285714285714 0.005714285714285714 0.014285714285714285 0.025714285714285714 0.025714285714285714 0.022857142857142857 0.017142857142857144 0.025714285714285714 0.022857142857142857 0.005714285714285714 0.02857142857142857 0.014285714285714285 0.02 0.011428571428571429 0.02 0.005714285714285714 0.02 0.025714285714285714 0.002857142857142857 0.02 0.005714285714285714 0.014285714285714285 0.014285714285714285 0.025714285714285714 0.022857142857142857 0.025714285714285714 0.002857142857142857 0.008571428571428572 0.02 0.002857142857142857 0.011428571428571429 0.025714285714285714 0.002857142857142857 0.011428571428571429 0.025714285714285714 0.005714285714285714 0.0 
0.017964071856287425 0.008982035928143712 0.02694610778443114 0.011976047904191617 0.011976047904191617 0.017964071856287425 0.008982035928143712 0.020958083832335328 0.029940119760479042 0.008982035928143712 0.005988023952095809 0.014970059880239521 0.008982035928143712 0.029940119760479042 0.029940119760479042 0.0029940119760479044 0.02694610778443114 0.011976047904191617 0.005988023952095809 0.008982035928143712 0.008982035928143712 0.005988023952095809 0.017964071856287425 0.02694610778443114 0.011976047904191617 0.014970059880239521 0.011976047904191617 0.014970059880239521 0.020958083832335328 0.008982035928143712 0.020958083832335328 0.014970059880239521 0.014970059880239521 0.005988023952095809 0.023952095808383235 0.005988023952095809 0.0029940119760479044 0.011976047904191617 0.029940119760479042 0.020958083832335328 0.0029940119760479044 0.029940119760479042 0.020958083832335328 0.005988023952095809 0.0029940119760479044 0.008982035928143712 0.0029940119760479044 0.005988023952095809 0.02694610778443114 0.014970059880239521 0.014970059880239521 0.029940119760479042 0.029940119760479042 0.020958083832335328 0.014970059880239521 0.005988023952095809 0.005988023952095809 0.017964071856287425 0.017964071856287425 0.005988023952095809 0.020958083832335328 0.020958083832335328 0.014970059880239521 0.023952095808383235 0.023952095808383235 0.0 
0.02639296187683286 0.008797653958944288 0.017595307917888575 0.017595307917888575 0.011730205278592382 0.029325513196480957 0.02639296187683286 0.02639296187683286 0.0029325513196480956 0.008797653958944288 0.023460410557184765 0.023460410557184765 0.020527859237536666 0.005865102639296191 0.011730205278592382 0.014662756598240479 0.008797653958944288 0.0029325513196480956 0.005865102639296191 0.017595307917888575 0.005865102639296191 0.005865102639296191 0.011730205278592382 0.02639296187683286 0.005865102639296191 0.020527859237536666 0.014662756598240479 0.0029325513196480956 0.014662756598240479 0.020527859237536666 0.029325513196480957 0.008797653958944288 0.029325513196480957 0.005865102639296191 0.005865102639296191 0.005865102639296191 0.020527859237536666 0.02639296187683286 0.011730205278592382 0.008797653958944288 0.029325513196480957 0.017595307917888575 0.029325513196480957 0.011730205278592382 0.008797653958944288 0.020527859237536666 0.005865102639296191 0.011730205278592382 0.008797653958944288 0.029325513196480957 0.029325513196480957 0.011730205278592382 0.011730205278592382 0.023460410557184765 0.005865102639296191 0.011730205278592382 0.023460410557184765 0.011730205278592382 0.020527859237536666 0.02639296187683286 0.017595307917888575 0.0029325513196480956 0.0029325513196480956 0.017595307917888575 0.017595307917888575 0.0 
0.014880952380952382 0.026785714285714288 0.02380952380952381 0.020833333333333336 0.005952380952380953 0.014880952380952382 0.01785714285714286 0.005952380952380953 0.020833333333333336 0.020833333333333336 0.005952380952380953 0.020833333333333336 0.01785714285714286 0.011904761904761906 0.00892857142857143 0.011904761904761906 0.014880952380952382 0.026785714285714288 0.014880952380952382 0.00892857142857143 0.020833333333333336 0.0029761904761904765 0.00892857142857143 0.029761904761904764 0.0029761904761904765 0.026785714285714288 0.005952380952380953 0.02380952380952381 0.00892857142857143 0.020833333333333336 0.005952380952380953 0.01785714285714286 0.0029761904761904765 0.020833333333333336 0.020833333333333336 0.01785714285714286 0.02380952380952381 0.0029761904761904765 0.020833333333333336 0.011904761904761906 0.029761904761904764 0.005952380952380953 0.02380952380952381 0.020833333333333336 0.00892857142857143 0.01785714285714286 0.011904761904761906 0.029761904761904764 0.020833333333333336 0.00892857142857143 0.005952380952380953 0.005952380952380953 0.011904761904761906 0.020833333333333336 0.01785714285714286 0.0029761904761904765 0.02380952380952381 0.00892857142857143 0.00892857142857143 0.029761904761904764 0.020833333333333336 0.00892857142857143 0.014880952380952382 0.011904761904761906 0.014880952380952382 0.0 
0.008042895442359246 0.008042895442359246 0.016085790884718492 0.010723860589812327 0.01340482573726541 0.010723860589812327 0.018766756032171573 0.005361930294906164 0.021447721179624655 0.005361930294906164 0.01340482573726541 0.018766756032171573 0.018766756032171573 0.02680965147453082 0.018766756032171573 0.02680965147453082 0.008042895442359246 0.01340482573726541 0.024128686327077736 0.016085790884718492 0.02680965147453082 0.01340482573726541 0.016085790884718492 0.021447721179624655 0.010723860589812327 0.024128686327077736 0.024128686327077736 0.02680965147453082 0.010723860589812327 0.018766756032171573 0.018766756032171573 0.021447721179624655 0.010723860589812327 0.005361930294906164 0.016085790884718492 0.002680965147453082 0.016085790884718492 0.018766756032171573 0.02680965147453082 0.024128686327077736 0.018766756032171573 0.010723860589812327 0.02680965147453082 0.01340482573726541 0.021447721179624655 0.008042895442359246 0.02680965147453082 0.01340482573726541 0.002680965147453082 0.002680965147453082 0.02680965147453082 0.002680965147453082 0.02680965147453082 0.005361930294906164 0.008042895442359246 0.01340482573726541 0.008042895442359246 0.018766756032171573 0.002680965147453082 0.024128686327077736 0.005361930294906164 0.01340482573726541 0.01340482573726541 0.02680965147453082 0.002680965147453082 0.0 
0.01408450704225353 0.01971830985915494 0.02253521126760565 0.01408450704225353 0.016901408450704234 0.005633802816901412 0.005633802816901412 0.01971830985915494 0.016901408450704234 0.016901408450704234 0.01971830985915494 0.005633802816901412 0.002816901408450706 0.01408450704225353 0.02816901408450706 0.01408450704225353 0.02816901408450706 0.02816901408450706 0.002816901408450706 0.02816901408450706 0.016901408450704234 0.011267605633802824 0.02253521126760565 0.008450704225352117 0.01971830985915494 0.005633802816901412 0.016901408450704234 0.025352112676056353 0.01971830985915494 0.025352112676056353 0.02816901408450706 0.016901408450704234 0.008450704225352117 0.005633802816901412 0.011267605633802824 0.025352112676056353 0.011267605633802824 0.02253521126760565 0.02253521126760565 0.01971830985915494 0.008450704225352117 0.016901408450704234 0.016901408450704234 0.025352112676056353 0.01408450704225353 0.005633802816901412 0.005633802816901412 0.005633802816901412 0.011267605633802824 0.008450704225352117 0.01408450704225353 0.02253521126760565 0.016901408450704234 0.01971830985915494 0.011267605633802824 0.011267605633802824 0.025352112676056353 0.002816901408450706 0.002816901408450706 0.016901408450704234 0.01971830985915494 0.01408450704225353 0.008450704225352117 0.005633802816901412 0.02253521126760565 0.0 
0.015189873417721511 0.017721518987341766 0.022784810126582268 0.017721518987341766 0.02531645569620252 0.002531645569620252 0.02531645569620252 0.017721518987341766 0.020253164556962015 0.005063291139240504 0.017721518987341766 0.020253164556962015 0.020253164556962015 0.022784810126582268 0.002531645569620252 0.020253164556962015 0.015189873417721511 0.007594936708860756 0.02531645569620252 0.01265822784810126 0.005063291139240504 0.017721518987341766 0.015189873417721511 0.005063291139240504 0.02531645569620252 0.017721518987341766 0.007594936708860756 0.020253164556962015 0.02531645569620252 0.010126582278481008 0.002531645569620252 0.010126582278481008 0.002531645569620252 0.022784810126582268 0.02531645569620252 0.017721518987341766 0.002531645569620252 0.007594936708860756 0.020253164556962015 0.020253164556962015 0.020253164556962015 0.022784810126582268 0.002531645569620252 0.005063291139240504 0.022784810126582268 0.007594936708860756 0.010126582278481008 0.002531645569620252 0.020253164556962015 0.002531645569620252 0.020253164556962015 0.007594936708860756 0.002531645569620252 0.020253164556962015 0.022784810126582268 0.017721518987341766 0.017721518987341766 0.02531645569620252 0.02531645569620252 0.017721518987341766 0.02531645569620252 0.020253164556962015 0.005063291139240504 0.022784810126582268 0.017721518987341766 0.0 
0.01257861635220126 0.003144654088050315 0.028301886792452834 0.00628930817610063 0.02515723270440252 0.03144654088050315 0.009433962264150945 0.01886792452830189 0.02515723270440252 0.00628930817610063 0.015723270440251576 0.00628930817610063 0.015723270440251576 0.01886792452830189 0.02515723270440252 0.02515723270440252 0.022012578616352203 0.028301886792452834 0.003144654088050315 0.03144654088050315 0.003144654088050315 0.003144654088050315 0.009433962264150945 0.01257861635220126 0.015723270440251576 0.01257861635220126 0.01257861635220126 0.00628930817610063 0.009433962264150945 0.022012578616352203 0.03144654088050315 0.03144654088050315 0.022012578616352203 0.01257861635220126 0.009433962264150945 0.00628930817610063 0.015723270440251576 0.009433962264150945 0.01257861635220126 0.003144654088050315 0.00628930817610063 0.00628930817610063 0.009433962264150945 0.02515723270440252 0.003144654088050315 0.022012578616352203 0.01257861635220126 0.015723270440251576 0.02515723270440252 0.01257861635220126 0.03144654088050315 0.015723270440251576 0.028301886792452834 0.003144654088050315 0.003144654088050315 0.028301886792452834 0.00628930817610063 0.00628930817610063 0.00628930817610063 0.028301886792452834 0.01886792452830189 0.003144654088050315 0.022012578616352203 0.01886792452830189 0.022012578616352203 0.0 
0.005449591280653951 0.005449591280653951 0.0027247956403269754 0.01907356948228883 0.010899182561307902 0.008174386920980926 0.01907356948228883 0.008174386920980926 0.008174386920980926 0.008174386920980926 0.005449591280653951 0.021798365122615803 0.01634877384196185 0.013623978201634877 0.01907356948228883 0.008174386920980926 0.021798365122615803 0.0027247956403269754 0.013623978201634877 0.02452316076294278 0.02452316076294278 0.010899182561307902 0.01634877384196185 0.013623978201634877 0.02452316076294278 0.027247956403269755 0.008174386920980926 0.005449591280653951 0.027247956403269755 0.01634877384196185 0.027247956403269755 0.021798365122615803 0.02452316076294278 0.027247956403269755 0.008174386920980926 0.02452316076294278 0.027247956403269755 0.027247956403269755 0.0027247956403269754 0.008174386920980926 0.01907356948228883 0.005449591280653951 0.021798365122615803 0.010899182561307902 0.027247956403269755 0.01634877384196185 0.02452316076294278 0.01907356948228883 0.01907356948228883 0.021798365122615803 0.010899182561307902 0.013623978201634877 0.005449591280653951 0.02452316076294278 0.005449591280653951 0.02452316076294278 0.01907356948228883 0.021798365122615803 0.008174386920980926 0.0027247956403269754 0.021798365122615803 0.008174386920980926 0.008174386920980926 0.010899182561307902 0.013623978201634877 0.0 
0.014836795252225523 0.02077151335311573 0.014836795252225523 0.029673590504451047 0.01186943620178042 0.008902077151335314 0.014836795252225523 0.01186943620178042 0.01186943620178042 0.014836795252225523 0.02373887240356084 0.008902077151335314 0.01186943620178042 0.014836795252225523 0.02077151335311573 0.01186943620178042 0.02373887240356084 0.002967359050445105 0.008902077151335314 0.008902077151335314 0.017804154302670627 0.02670623145400594 0.014836795252225523 0.017804154302670627 0.02373887240356084 0.02373887240356084 0.029673590504451047 0.017804154302670627 0.008902077151335314 0.029673590504451047 0.014836795252225523 0.02077151335311573 0.02373887240356084 0.002967359050445105 0.002967359050445105 0.02373887240356084 0.01186943620178042 0.00593471810089021 0.02077151335311573 0.017804154302670627 0.002967359050445105 0.02670623145400594 0.00593471810089021 0.01186943620178042 0.014836795252225523 0.01186943620178042 0.029673590504451047 0.002967359050445105 0.02670623145400594 0.002967359050445105 0.01186943620178042 0.014836795252225523 0.008902077151335314 0.008902077151335314 0.02670623145400594 0.017804154302670627 0.00593471810089021 0.008902077151335314 0.008902077151335314 0.00593471810089021 0.02670623145400594 0.017804154302670627 0.02077151335311573 0.02373887240356084 0.008902077151335314 0.0 
0.020172910662824207 0.023054755043227664 0.025936599423631124 0.008645533141210375 0.008645533141210375 0.002881844380403458 0.01729106628242075 0.01729106628242075 0.01440922190201729 0.02881844380403458 0.008645533141210375 0.008645533141210375 0.005763688760806916 0.002881844380403458 0.01729106628242075 0.008645533141210375 0.008645533141210375 0.020172910662824207 0.02881844380403458 0.008645533141210375 0.01729106628242075 0.011527377521613832 0.023054755043227664 0.023054755043227664 0.005763688760806916 0.008645533141210375 0.02881844380403458 0.020172910662824207 0.01729106628242075 0.025936599423631124 0.002881844380403458 0.025936599423631124 0.025936599423631124 0.002881844380403458 0.002881844380403458 0.011527377521613832 0.020172910662824207 0.002881844380403458 0.023054755043227664 0.005763688760806916 0.01440922190201729 0.002881844380403458 0.02881844380403458 0.02881844380403458 0.02881844380403458 0.023054755043227664 0.011527377521613832 0.005763688760806916 0.02881844380403458 0.01440922190201729 0.01729106628242075 0.025936599423631124 0.020172910662824207 0.005763688760806916 0.020172910662824207 0.011527377521613832 0.008645533141210375 0.008645533141210375 0.02881844380403458 0.011527377521613832 0.01729106628242075 0.020172910662824207 0.01440922190201729 0.002881844380403458 0.008645533141210375 0.0 
0.023076923076923078 0.010256410256410256 0.002564102564102564 0.02564102564102564 0.02564102564102564 0.017948717948717947 0.010256410256410256 0.023076923076923078 0.02564102564102564 0.023076923076923078 0.015384615384615385 0.023076923076923078 0.002564102564102564 0.020512820512820513 0.002564102564102564 0.02564102564102564 0.017948717948717947 0.017948717948717947 0.002564102564102564 0.015384615384615385 0.010256410256410256 0.015384615384615385 0.015384615384615385 0.010256410256410256 0.020512820512820513 0.002564102564102564 0.007692307692307693 0.015384615384615385 0.02564102564102564 0.017948717948717947 0.017948717948717947 0.005128205128205128 0.023076923076923078 0.015384615384615385 0.02564102564102564 0.023076923076923078 0.020512820512820513 0.023076923076923078 0.007692307692307693 0.01282051282051282 0.002564102564102564 0.005128205128205128 0.017948717948717947 0.005128205128205128 0.017948717948717947 0.015384615384615385 0.01282051282051282 0.010256410256410256 0.023076923076923078 0.010256410256410256 0.020512820512820513 0.023076923076923078 0.017948717948717947 0.002564102564102564 0.020512820512820513 0.020512820512820513 0.010256410256410256 0.023076923076923078 0.023076923076923078 0.023076923076923078 0.010256410256410256 0.005128205128205128 0.005128205128205128 0.02564102564102564 0.002564102564102564 0.0 
0.01049868766404199 0.02099737532808398 0.007874015748031492 0.007874015748031492 0.026246719160104976 0.005249343832020995 0.023622047244094477 0.005249343832020995 0.005249343832020995 0.015748031496062985 0.0026246719160104974 0.01049868766404199 0.005249343832020995 0.0026246719160104974 0.007874015748031492 0.023622047244094477 0.023622047244094477 0.0026246719160104974 0.015748031496062985 0.013123359580052488 0.023622047244094477 0.007874015748031492 0.01049868766404199 0.02099737532808398 0.018372703412073484 0.026246719160104976 0.01049868766404199 0.023622047244094477 0.02099737532808398 0.007874015748031492 0.018372703412073484 0.013123359580052488 0.026246719160104976 0.018372703412073484 0.02099737532808398 0.005249343832020995 0.013123359580052488 0.023622047244094477 0.023622047244094477 0.018372703412073484 0.007874015748031492 0.026246719160104976 0.018372703412073484 0.01049868766404199 0.005249343832020995 0.013123359580052488 0.018372703412073484 0.01049868766404199 0.02099737532808398 0.007874015748031492 0.026246719160104976 0.005249343832020995 0.026246719160104976 0.015748031496062985 0.026246719160104976 0.01049868766404199 0.018372703412073484 0.02099737532808398 0.01049868766404199 0.018372703412073484 0.01049868766404199 0.023622047244094477 0.026246719160104976 0.023622047244094477 0.01049868766404199 0.0 
0.008595988538681956 0.00573065902578797 0.025787965616045867 0.00573065902578797 0.00573065902578797 0.01719197707736391 0.02292263610315188 0.02292263610315188 0.002865329512893985 0.01719197707736391 0.002865329512893985 0.008595988538681956 0.020057306590257895 0.02865329512893985 0.01146131805157594 0.014326647564469925 0.025787965616045867 0.01719197707736391 0.00573065902578797 0.002865329512893985 0.020057306590257895 0.00573065902578797 0.01719197707736391 0.008595988538681956 0.01719197707736391 0.008595988538681956 0.002865329512893985 0.014326647564469925 0.014326647564469925 0.025787965616045867 0.02865329512893985 0.01146131805157594 0.002865329512893985 0.02865329512893985 0.00573065902578797 0.020057306590257895 0.020057306590257895 0.02292263610315188 0.00573065902578797 0.00573065902578797 0.01146131805157594 0.014326647564469925 0.02865329512893985 0.02292263610315188 0.01719197707736391 0.025787965616045867 0.01146131805157594 0.02292263610315188 0.020057306590257895 0.008595988538681956 0.02292263610315188 0.025787965616045867 0.02865329512893985 0.008595988538681956 0.025787965616045867 0.002865329512893985 0.014326647564469925 0.014326647564469925 0.020057306590257895 0.008595988538681956 0.008595988538681956 0.01146131805157594 0.020057306590257895 0.020057306590257895 0.025787965616045867 0.0 
0.002659574468085105 0.02127659574468084 0.02127659574468084 0.002659574468085105 0.01063829787234042 0.013297872340425527 0.02127659574468084 0.026595744680851054 0.023936170212765947 0.026595744680851054 0.026595744680851054 0.00531914893617021 0.026595744680851054 0.026595744680851054 0.01595744680851063 0.00531914893617021 0.002659574468085105 0.026595744680851054 0.026595744680851054 0.018617021276595737 0.013297872340425527 0.007978723404255315 0.018617021276595737 0.018617021276595737 0.026595744680851054 0.01063829787234042 0.02127659574468084 0.018617021276595737 0.007978723404255315 0.018617021276595737 0.02127659574468084 0.002659574468085105 0.023936170212765947 0.013297872340425527 0.02127659574468084 0.00531914893617021 0.02127659574468084 0.00531914893617021 0.00531914893617021 0.02127659574468084 0.023936170212765947 0.00531914893617021 0.002659574468085105 0.023936170212765947 0.013297872340425527 0.018617021276595737 0.013297872340425527 0.00531914893617021 0.00531914893617021 0.02127659574468084 0.002659574468085105 0.023936170212765947 0.023936170212765947 0.00531914893617021 0.02127659574468084 0.023936170212765947 0.00531914893617021 0.018617021276595737 0.02127659574468084 0.002659574468085105 0.007978723404255315 0.013297872340425527 0.026595744680851054 0.00531914893617021 0.01063829787234042 0.0 
0.008196721311475405 0.01639344262295081 0.01366120218579234 0.002732240437158468 0.02732240437158468 0.002732240437158468 0.01639344262295081 0.008196721311475405 0.002732240437158468 0.002732240437158468 0.008196721311475405 0.02732240437158468 0.010928961748633873 0.01366120218579234 0.010928961748633873 0.019125683060109276 0.008196721311475405 0.02732240437158468 0.010928961748633873 0.002732240437158468 0.021857923497267746 0.008196721311475405 0.02459016393442621 0.01639344262295081 0.02732240437158468 0.01639344262295081 0.02732240437158468 0.010928961748633873 0.02732240437158468 0.019125683060109276 0.01366120218579234 0.008196721311475405 0.01366120218579234 0.01366120218579234 0.01639344262295081 0.01639344262295081 0.02459016393442621 0.021857923497267746 0.021857923497267746 0.01639344262295081 0.002732240437158468 0.008196721311475405 0.01366120218579234 0.005464480874316936 0.01366120218579234 0.02732240437158468 0.008196721311475405 0.02459016393442621 0.01366120218579234 0.01366120218579234 0.021857923497267746 0.005464480874316936 0.010928961748633873 0.02459016393442621 0.02732240437158468 0.01366120218579234 0.010928961748633873 0.002732240437158468 0.021857923497267746 0.010928961748633873 0.02732240437158468 0.02459016393442621 0.021857923497267746 0.02732240437158468 0.010928961748633873 0.0 
0.019718309859154945 0.01408450704225353 0.01408450704225353 0.02816901408450706 0.02253521126760565 0.016901408450704234 0.005633802816901412 0.016901408450704234 0.002816901408450706 0.019718309859154945 0.019718309859154945 0.02816901408450706 0.011267605633802824 0.002816901408450706 0.02816901408450706 0.011267605633802824 0.005633802816901412 0.011267605633802824 0.025352112676056356 0.01408450704225353 0.016901408450704234 0.025352112676056356 0.019718309859154945 0.005633802816901412 0.02253521126760565 0.02816901408450706 0.02253521126760565 0.02253521126760565 0.008450704225352117 0.019718309859154945 0.016901408450704234 0.019718309859154945 0.008450704225352117 0.005633802816901412 0.008450704225352117 0.02253521126760565 0.002816901408450706 0.016901408450704234 0.02816901408450706 0.005633802816901412 0.016901408450704234 0.011267605633802824 0.016901408450704234 0.02816901408450706 0.005633802816901412 0.008450704225352117 0.005633802816901412 0.019718309859154945 0.011267605633802824 0.008450704225352117 0.02253521126760565 0.005633802816901412 0.025352112676056356 0.02816901408450706 0.019718309859154945 0.011267605633802824 0.005633802816901412 0.002816901408450706 0.011267605633802824 0.02816901408450706 0.002816901408450706 0.008450704225352117 0.011267605633802824 0.02816901408450706 0.011267605633802824 0.0 
0.016759776536312845 0.011173184357541898 0.01396648044692737 0.005586592178770949 0.01396648044692737 0.016759776536312845 0.025139664804469268 0.02793296089385474 0.01955307262569832 0.02793296089385474 0.005586592178770949 0.01955307262569832 0.025139664804469268 0.0027932960893854745 0.022346368715083796 0.016759776536312845 0.022346368715083796 0.01955307262569832 0.011173184357541898 0.011173184357541898 0.005586592178770949 0.016759776536312845 0.022346368715083796 0.0027932960893854745 0.0027932960893854745 0.008379888268156423 0.01396648044692737 0.005586592178770949 0.011173184357541898 0.01396648044692737 0.016759776536312845 0.01955307262569832 0.02793296089385474 0.016759776536312845 0.01955307262569832 0.01396648044692737 0.01955307262569832 0.005586592178770949 0.02793296089385474 0.01955307262569832 0.005586592178770949 0.0027932960893854745 0.005586592178770949 0.025139664804469268 0.022346368715083796 0.02793296089385474 0.005586592178770949 0.0027932960893854745 0.008379888268156423 0.011173184357541898 0.022346368715083796 0.005586592178770949 0.025139664804469268 0.016759776536312845 0.022346368715083796 0.0027932960893854745 0.011173184357541898 0.02793296089385474 0.005586592178770949 0.011173184357541898 0.025139664804469268 0.02793296089385474 0.02793296089385474 0.016759776536312845 0.008379888268156423 0.0 
0.009677419354838712 0.03225806451612904 0.006451612903225808 0.025806451612903233 0.009677419354838712 0.019354838709677424 0.012903225806451616 0.003225806451612904 0.019354838709677424 0.003225806451612904 0.009677419354838712 0.025806451612903233 0.019354838709677424 0.003225806451612904 0.006451612903225808 0.022580645161290325 0.012903225806451616 0.019354838709677424 0.006451612903225808 0.01612903225806452 0.006451612903225808 0.009677419354838712 0.012903225806451616 0.01612903225806452 0.009677419354838712 0.029032258064516137 0.012903225806451616 0.025806451612903233 0.01612903225806452 0.022580645161290325 0.022580645161290325 0.029032258064516137 0.022580645161290325 0.03225806451612904 0.012903225806451616 0.006451612903225808 0.009677419354838712 0.019354838709677424 0.012903225806451616 0.03225806451612904 0.009677419354838712 0.006451612903225808 0.009677419354838712 0.025806451612903233 0.025806451612903233 0.012903225806451616 0.003225806451612904 0.022580645161290325 0.01612903225806452 0.01612903225806452 0.009677419354838712 0.003225806451612904 0.025806451612903233 0.012903225806451616 0.009677419354838712 0.003225806451612904 0.025806451612903233 0.006451612903225808 0.003225806451612904 0.003225806451612904 0.019354838709677424 0.012903225806451616 0.019354838709677424 0.019354838709677424 0.03225806451612904 0.0 
0.0031250000000000006 0.006250000000000001 0.028125000000000004 0.018750000000000003 0.028125000000000004 0.009375000000000001 0.015625000000000003 0.025000000000000005 0.006250000000000001 0.009375000000000001 0.009375000000000001 0.009375000000000001 0.015625000000000003 0.006250000000000001 0.012500000000000002 0.009375000000000001 0.0031250000000000006 0.006250000000000001 0.0031250000000000006 0.028125000000000004 0.009375000000000001 0.028125000000000004 0.028125000000000004 0.012500000000000002 0.028125000000000004 0.0031250000000000006 0.0031250000000000006 0.018750000000000003 0.018750000000000003 0.03125000000000001 0.012500000000000002 0.018750000000000003 0.03125000000000001 0.012500000000000002 0.028125000000000004 0.015625000000000003 0.021875000000000002 0.021875000000000002 0.009375000000000001 0.009375000000000001 0.0031250000000000006 0.0031250000000000006 0.009375000000000001 0.015625000000000003 0.028125000000000004 0.012500000000000002 0.006250000000000001 0.015625000000000003 0.015625000000000003 0.012500000000000002 0.028125000000000004 0.018750000000000003 0.0031250000000000006 0.012500000000000002 0.015625000000000003 0.021875000000000002 0.021875000000000002 0.012500000000000002 0.021875000000000002 0.021875000000000002 0.018750000000000003 0.009375000000000001 0.009375000000000001 0.015625000000000003 0.03125000000000001 0.0 
0.002873563218390804 0.025862068965517234 0.025862068965517234 0.008620689655172412 0.02873563218390804 0.02873563218390804 0.002873563218390804 0.01436781609195402 0.005747126436781608 0.025862068965517234 0.008620689655172412 0.002873563218390804 0.011494252873563216 0.022988505747126433 0.022988505747126433 0.02873563218390804 0.002873563218390804 0.01436781609195402 0.025862068965517234 0.025862068965517234 0.01436781609195402 0.01436781609195402 0.02011494252873563 0.002873563218390804 0.011494252873563216 0.008620689655172412 0.01436781609195402 0.02011494252873563 0.01436781609195402 0.02011494252873563 0.02873563218390804 0.008620689655172412 0.025862068965517234 0.008620689655172412 0.002873563218390804 0.005747126436781608 0.02873563218390804 0.005747126436781608 0.01436781609195402 0.01436781609195402 0.02011494252873563 0.002873563218390804 0.022988505747126433 0.02011494252873563 0.002873563218390804 0.005747126436781608 0.002873563218390804 0.017241379310344824 0.01436781609195402 0.017241379310344824 0.008620689655172412 0.002873563218390804 0.008620689655172412 0.025862068965517234 0.02011494252873563 0.02873563218390804 0.02873563218390804 0.022988505747126433 0.025862068965517234 0.02873563218390804 0.002873563218390804 0.017241379310344824 0.005747126436781608 0.008620689655172412 0.017241379310344824 0.0 
0.023952095808383235 0.0029940119760479044 0.014970059880239521 0.008982035928143712 0.0029940119760479044 0.008982035928143712 0.005988023952095809 0.014970059880239521 0.023952095808383235 0.011976047904191617 0.008982035928143712 0.011976047904191617 0.014970059880239521 0.008982035928143712 0.017964071856287425 0.014970059880239521 0.023952095808383235 0.017964071856287425 0.02694610778443114 0.017964071856287425 0.02694610778443114 0.020958083832335328 0.011976047904191617 0.017964071856287425 0.014970059880239521 0.008982035928143712 0.0029940119760479044 0.0029940119760479044 0.017964071856287425 0.014970059880239521 0.008982035928143712 0.011976047904191617 0.023952095808383235 0.02694610778443114 0.005988023952095809 0.014970059880239521 0.029940119760479042 0.017964071856287425 0.0029940119760479044 0.014970059880239521 0.023952095808383235 0.023952095808383235 0.023952095808383235 0.011976047904191617 0.02694610778443114 0.02694610778443114 0.023952095808383235 0.014970059880239521 0.011976047904191617 0.011976047904191617 0.02694610778443114 0.017964071856287425 0.008982035928143712 0.005988023952095809 0.005988023952095809 0.020958083832335328 0.020958083832335328 0.005988023952095809 0.020958083832335328 0.005988023952095809 0.008982035928143712 0.020958083832335328 0.023952095808383235 0.005988023952095809 0.014970059880239521 0.0 
0.0028571428571428576 0.028571428571428574 0.01142857142857143 0.025714285714285717 0.014285714285714287 0.02285714285714286 0.005714285714285715 0.008571428571428574 0.028571428571428574 0.005714285714285715 0.025714285714285717 0.008571428571428574 0.020000000000000004 0.01142857142857143 0.005714285714285715 0.008571428571428574 0.014285714285714287 0.008571428571428574 0.028571428571428574 0.020000000000000004 0.020000000000000004 0.025714285714285717 0.008571428571428574 0.005714285714285715 0.005714285714285715 0.025714285714285717 0.014285714285714287 0.017142857142857147 0.005714285714285715 0.020000000000000004 0.008571428571428574 0.0028571428571428576 0.028571428571428574 0.025714285714285717 0.025714285714285717 0.020000000000000004 0.005714285714285715 0.017142857142857147 0.028571428571428574 0.017142857142857147 0.028571428571428574 0.025714285714285717 0.01142857142857143 0.020000000000000004 0.0028571428571428576 0.01142857142857143 0.017142857142857147 0.005714285714285715 0.020000000000000004 0.005714285714285715 0.028571428571428574 0.01142857142857143 0.014285714285714287 0.017142857142857147 0.025714285714285717 0.008571428571428574 0.0028571428571428576 0.028571428571428574 0.0028571428571428576 0.005714285714285715 0.0028571428571428576 0.028571428571428574 0.017142857142857147 0.017142857142857147 0.005714285714285715 0.0 
0.02222222222222222 0.02222222222222222 0.02777777777777777 0.016666666666666663 0.02222222222222222 0.016666666666666663 0.016666666666666663 0.016666666666666663 0.005555555555555555 0.01944444444444444 0.016666666666666663 0.02222222222222222 0.005555555555555555 0.0027777777777777775 0.005555555555555555 0.01111111111111111 0.02222222222222222 0.005555555555555555 0.0027777777777777775 0.024999999999999994 0.024999999999999994 0.01944444444444444 0.02777777777777777 0.008333333333333331 0.008333333333333331 0.0027777777777777775 0.005555555555555555 0.02222222222222222 0.008333333333333331 0.005555555555555555 0.0027777777777777775 0.005555555555555555 0.016666666666666663 0.013888888888888885 0.02222222222222222 0.016666666666666663 0.01944444444444444 0.024999999999999994 0.016666666666666663 0.005555555555555555 0.02777777777777777 0.024999999999999994 0.013888888888888885 0.016666666666666663 0.013888888888888885 0.008333333333333331 0.024999999999999994 0.016666666666666663 0.024999999999999994 0.008333333333333331 0.02222222222222222 0.016666666666666663 0.005555555555555555 0.016666666666666663 0.01111111111111111 0.01944444444444444 0.024999999999999994 0.02222222222222222 0.024999999999999994 0.02222222222222222 0.005555555555555555 0.008333333333333331 0.005555555555555555 0.024999999999999994 0.005555555555555555 0.0 
0.0027548209366391185 0.024793388429752067 0.008264462809917356 0.01928374655647383 0.01652892561983471 0.02203856749311295 0.027548209366391185 0.008264462809917356 0.008264462809917356 0.027548209366391185 0.01928374655647383 0.005509641873278237 0.01652892561983471 0.024793388429752067 0.0027548209366391185 0.01928374655647383 0.013774104683195593 0.005509641873278237 0.005509641873278237 0.01652892561983471 0.027548209366391185 0.008264462809917356 0.0027548209366391185 0.02203856749311295 0.024793388429752067 0.011019283746556474 0.005509641873278237 0.024793388429752067 0.013774104683195593 0.01652892561983471 0.005509641873278237 0.027548209366391185 0.01652892561983471 0.02203856749311295 0.011019283746556474 0.01652892561983471 0.005509641873278237 0.011019283746556474 0.011019283746556474 0.024793388429752067 0.011019283746556474 0.01652892561983471 0.024793388429752067 0.0027548209366391185 0.011019283746556474 0.011019283746556474 0.0027548209366391185 0.005509641873278237 0.0027548209366391185 0.01928374655647383 0.02203856749311295 0.0027548209366391185 0.027548209366391185 0.01652892561983471 0.027548209366391185 0.011019283746556474 0.027548209366391185 0.027548209366391185 0.024793388429752067 0.005509641873278237 0.024793388429752067 0.027548209366391185 0.01652892561983471 0.02203856749311295 0.005509641873278237 0.0 
0.018766756032171573 0.002680965147453082 0.002680965147453082 0.002680965147453082 0.021447721179624655 0.002680965147453082 0.021447721179624655 0.02680965147453082 0.002680965147453082 0.018766756032171573 0.021447721179624655 0.021447721179624655 0.016085790884718492 0.02680965147453082 0.016085790884718492 0.010723860589812327 0.01340482573726541 0.008042895442359246 0.024128686327077736 0.018766756032171573 0.008042895442359246 0.01340482573726541 0.02680965147453082 0.010723860589812327 0.008042895442359246 0.021447721179624655 0.010723860589812327 0.021447721179624655 0.021447721179624655 0.016085790884718492 0.021447721179624655 0.01340482573726541 0.008042895442359246 0.002680965147453082 0.016085790884718492 0.008042895442359246 0.024128686327077736 0.010723860589812327 0.02680965147453082 0.018766756032171573 0.021447721179624655 0.021447721179624655 0.018766756032171573 0.02680965147453082 0.021447721179624655 0.02680965147453082 0.008042895442359246 0.02680965147453082 0.01340482573726541 0.008042895442359246 0.018766756032171573 0.021447721179624655 0.02680965147453082 0.002680965147453082 0.008042895442359246 0.005361930294906164 0.010723860589812327 0.002680965147453082 0.010723860589812327 0.02680965147453082 0.005361930294906164 0.010723860589812327 0.002680965147453082 0.024128686327077736 0.024128686327077736 0.0 
0.020887728459530023 0.002610966057441253 0.010443864229765011 0.015665796344647515 0.020887728459530023 0.026109660574412524 0.005221932114882506 0.005221932114882506 0.013054830287206262 0.026109660574412524 0.023498694516971272 0.01827676240208877 0.005221932114882506 0.020887728459530023 0.007832898172323757 0.013054830287206262 0.020887728459530023 0.015665796344647515 0.010443864229765011 0.01827676240208877 0.007832898172323757 0.023498694516971272 0.015665796344647515 0.023498694516971272 0.020887728459530023 0.026109660574412524 0.002610966057441253 0.005221932114882506 0.010443864229765011 0.01827676240208877 0.010443864229765011 0.01827676240208877 0.020887728459530023 0.002610966057441253 0.005221932114882506 0.01827676240208877 0.013054830287206262 0.026109660574412524 0.015665796344647515 0.013054830287206262 0.01827676240208877 0.007832898172323757 0.013054830287206262 0.026109660574412524 0.005221932114882506 0.01827676240208877 0.01827676240208877 0.026109660574412524 0.010443864229765011 0.005221932114882506 0.010443864229765011 0.013054830287206262 0.007832898172323757 0.01827676240208877 0.020887728459530023 0.026109660574412524 0.023498694516971272 0.020887728459530023 0.01827676240208877 0.007832898172323757 0.010443864229765011 0.015665796344647515 0.010443864229765011 0.023498694516971272 0.026109660574412524 0.0 
0.002801120448179272 0.016806722689075633 0.005602240896358544 0.005602240896358544 0.016806722689075633 0.016806722689075633 0.022408963585434177 0.016806722689075633 0.002801120448179272 0.011204481792717089 0.011204481792717089 0.002801120448179272 0.022408963585434177 0.019607843137254905 0.02521008403361345 0.005602240896358544 0.02521008403361345 0.011204481792717089 0.02521008403361345 0.011204481792717089 0.01400560224089636 0.002801120448179272 0.01400560224089636 0.022408963585434177 0.02801120448179272 0.011204481792717089 0.02801120448179272 0.016806722689075633 0.02801120448179272 0.011204481792717089 0.02801120448179272 0.01400560224089636 0.022408963585434177 0.022408963585434177 0.02801120448179272 0.005602240896358544 0.016806722689075633 0.01400560224089636 0.002801120448179272 0.002801120448179272 0.005602240896358544 0.01400560224089636 0.008403361344537816 0.016806722689075633 0.011204481792717089 0.011204481792717089 0.02801120448179272 0.01400560224089636 0.008403361344537816 0.005602240896358544 0.022408963585434177 0.02521008403361345 0.02521008403361345 0.008403361344537816 0.011204481792717089 0.008403361344537816 0.02801120448179272 0.019607843137254905 0.02521008403361345 0.011204481792717089 0.002801120448179272 0.02521008403361345 0.02521008403361345 0.022408963585434177 0.005602240896358544 0.0 
0.02380952380952381 0.014880952380952382 0.00892857142857143 0.0029761904761904765 0.0029761904761904765 0.02380952380952381 0.011904761904761906 0.026785714285714288 0.029761904761904764 0.0029761904761904765 0.02380952380952381 0.02380952380952381 0.014880952380952382 0.01785714285714286 0.02380952380952381 0.026785714285714288 0.014880952380952382 0.00892857142857143 0.0029761904761904765 0.02380952380952381 0.005952380952380953 0.01785714285714286 0.0029761904761904765 0.026785714285714288 0.0029761904761904765 0.011904761904761906 0.020833333333333336 0.005952380952380953 0.011904761904761906 0.02380952380952381 0.00892857142857143 0.0029761904761904765 0.01785714285714286 0.02380952380952381 0.020833333333333336 0.014880952380952382 0.02380952380952381 0.00892857142857143 0.014880952380952382 0.00892857142857143 0.029761904761904764 0.005952380952380953 0.02380952380952381 0.026785714285714288 0.020833333333333336 0.01785714285714286 0.00892857142857143 0.00892857142857143 0.020833333333333336 0.014880952380952382 0.014880952380952382 0.029761904761904764 0.02380952380952381 0.014880952380952382 0.020833333333333336 0.0029761904761904765 0.0029761904761904765 0.026785714285714288 0.02380952380952381 0.005952380952380953 0.029761904761904764 0.0029761904761904765 0.0029761904761904765 0.00892857142857143 0.0029761904761904765 0.0 
0.014409221902017287 0.01152737752161383 0.025936599423631117 0.0028818443804034576 0.005763688760806915 0.020172910662824204 0.017291066282420747 0.008645533141210374 0.028818443804034574 0.02305475504322766 0.0028818443804034576 0.005763688760806915 0.01152737752161383 0.025936599423631117 0.025936599423631117 0.020172910662824204 0.028818443804034574 0.01152737752161383 0.0028818443804034576 0.025936599423631117 0.0028818443804034576 0.025936599423631117 0.014409221902017287 0.008645533141210374 0.028818443804034574 0.028818443804034574 0.008645533141210374 0.017291066282420747 0.028818443804034574 0.017291066282420747 0.005763688760806915 0.014409221902017287 0.028818443804034574 0.0028818443804034576 0.020172910662824204 0.01152737752161383 0.0028818443804034576 0.02305475504322766 0.020172910662824204 0.008645533141210374 0.017291066282420747 0.014409221902017287 0.008645533141210374 0.014409221902017287 0.008645533141210374 0.014409221902017287 0.0028818443804034576 0.0028818443804034576 0.02305475504322766 0.017291066282420747 0.014409221902017287 0.017291066282420747 0.008645533141210374 0.02305475504322766 0.0028818443804034576 0.02305475504322766 0.0028818443804034576 0.01152737752161383 0.005763688760806915 0.028818443804034574 0.014409221902017287 0.014409221902017287 0.028818443804034574 0.028818443804034574 0.01152737752161383 0.0 
0.01977401129943503 0.011299435028248588 0.014124293785310734 0.011299435028248588 0.01694915254237288 0.011299435028248588 0.02824858757062147 0.022598870056497175 0.025423728813559324 0.01694915254237288 0.025423728813559324 0.014124293785310734 0.022598870056497175 0.00847457627118644 0.005649717514124294 0.01694915254237288 0.002824858757062147 0.02824858757062147 0.025423728813559324 0.002824858757062147 0.025423728813559324 0.011299435028248588 0.011299435028248588 0.01694915254237288 0.00847457627118644 0.00847457627118644 0.02824858757062147 0.01694915254237288 0.005649717514124294 0.005649717514124294 0.00847457627118644 0.02824858757062147 0.002824858757062147 0.02824858757062147 0.00847457627118644 0.002824858757062147 0.005649717514124294 0.02824858757062147 0.011299435028248588 0.025423728813559324 0.002824858757062147 0.011299435028248588 0.01694915254237288 0.01977401129943503 0.011299435028248588 0.002824858757062147 0.022598870056497175 0.014124293785310734 0.02824858757062147 0.00847457627118644 0.025423728813559324 0.022598870056497175 0.014124293785310734 0.002824858757062147 0.014124293785310734 0.01977401129943503 0.01977401129943503 0.022598870056497175 0.022598870056497175 0.00847457627118644 0.014124293785310734 0.002824858757062147 0.005649717514124294 0.01977401129943503 0.02824858757062147 0.0 
0.019718309859154945 0.008450704225352117 0.019718309859154945 0.025352112676056356 0.011267605633802824 0.02816901408450706 0.02253521126760565 0.01408450704225353 0.01408450704225353 0.01408450704225353 0.002816901408450706 0.002816901408450706 0.016901408450704234 0.01408450704225353 0.008450704225352117 0.02816901408450706 0.005633802816901412 0.016901408450704234 0.02816901408450706 0.02816901408450706 0.025352112676056356 0.002816901408450706 0.002816901408450706 0.025352112676056356 0.002816901408450706 0.01408450704225353 0.011267605633802824 0.01408450704225353 0.005633802816901412 0.016901408450704234 0.011267605633802824 0.025352112676056356 0.025352112676056356 0.005633802816901412 0.002816901408450706 0.005633802816901412 0.005633802816901412 0.008450704225352117 0.008450704225352117 0.01408450704225353 0.025352112676056356 0.02816901408450706 0.019718309859154945 0.016901408450704234 0.019718309859154945 0.011267605633802824 0.011267605633802824 0.019718309859154945 0.025352112676056356 0.011267605633802824 0.002816901408450706 0.01408450704225353 0.025352112676056356 0.002816901408450706 0.011267605633802824 0.019718309859154945 0.019718309859154945 0.016901408450704234 0.019718309859154945 0.016901408450704234 0.019718309859154945 0.01408450704225353 0.02816901408450706 0.01408450704225353 0.02253521126760565 0.0 
0.0238095238095238 0.02116402116402116 0.01587301587301587 0.02116402116402116 0.01058201058201058 0.013227513227513223 0.013227513227513223 0.007936507936507934 0.01587301587301587 0.02116402116402116 0.007936507936507934 0.013227513227513223 0.026455026455026447 0.0238095238095238 0.002645502645502645 0.018518518518518514 0.00529100529100529 0.002645502645502645 0.00529100529100529 0.026455026455026447 0.018518518518518514 0.01058201058201058 0.026455026455026447 0.007936507936507934 0.026455026455026447 0.026455026455026447 0.0238095238095238 0.013227513227513223 0.002645502645502645 0.01587301587301587 0.01587301587301587 0.00529100529100529 0.00529100529100529 0.018518518518518514 0.0238095238095238 0.013227513227513223 0.01587301587301587 0.01058201058201058 0.018518518518518514 0.018518518518518514 0.0238095238095238 0.0238095238095238 0.0238095238095238 0.007936507936507934 0.01058201058201058 0.0238095238095238 0.018518518518518514 0.018518518518518514 0.026455026455026447 0.01058201058201058 0.01587301587301587 0.00529100529100529 0.026455026455026447 0.0238095238095238 0.02116402116402116 0.0238095238095238 0.007936507936507934 0.01587301587301587 0.01587301587301587 0.013227513227513223 0.002645502645502645 0.002645502645502645 0.007936507936507934 0.007936507936507934 0.007936507936507934 0.0 
0.024324324324324333 0.024324324324324333 0.018918918918918923 0.024324324324324333 0.0027027027027027033 0.013513513513513518 0.013513513513513518 0.024324324324324333 0.021621621621621626 0.021621621621621626 0.013513513513513518 0.024324324324324333 0.021621621621621626 0.027027027027027035 0.0027027027027027033 0.021621621621621626 0.018918918918918923 0.018918918918918923 0.024324324324324333 0.010810810810810813 0.01621621621621622 0.010810810810810813 0.021621621621621626 0.027027027027027035 0.01621621621621622 0.005405405405405407 0.013513513513513518 0.005405405405405407 0.010810810810810813 0.0027027027027027033 0.013513513513513518 0.0027027027027027033 0.00810810810810811 0.005405405405405407 0.024324324324324333 0.018918918918918923 0.005405405405405407 0.018918918918918923 0.027027027027027035 0.010810810810810813 0.013513513513513518 0.01621621621621622 0.027027027027027035 0.0027027027027027033 0.024324324324324333 0.013513513513513518 0.018918918918918923 0.0027027027027027033 0.027027027027027035 0.01621621621621622 0.01621621621621622 0.00810810810810811 0.0027027027027027033 0.013513513513513518 0.024324324324324333 0.00810810810810811 0.018918918918918923 0.0027027027027027033 0.00810810810810811 0.018918918918918923 0.010810810810810813 0.01621621621621622 0.018918918918918923 0.027027027027027035 0.005405405405405407 0.0 
0.02279202279202279 0.005698005698005697 0.01994301994301994 0.01994301994301994 0.025641025641025633 0.011396011396011395 0.0028490028490028487 0.028490028490028484 0.028490028490028484 0.02279202279202279 0.008547008547008546 0.008547008547008546 0.028490028490028484 0.017094017094017092 0.0028490028490028487 0.025641025641025633 0.028490028490028484 0.025641025641025633 0.025641025641025633 0.025641025641025633 0.025641025641025633 0.0028490028490028487 0.0028490028490028487 0.008547008547008546 0.011396011396011395 0.01994301994301994 0.0028490028490028487 0.01994301994301994 0.0028490028490028487 0.017094017094017092 0.011396011396011395 0.011396011396011395 0.008547008547008546 0.011396011396011395 0.01994301994301994 0.005698005698005697 0.014245014245014242 0.0028490028490028487 0.01994301994301994 0.011396011396011395 0.028490028490028484 0.025641025641025633 0.028490028490028484 0.005698005698005697 0.017094017094017092 0.01994301994301994 0.0028490028490028487 0.008547008547008546 0.008547008547008546 0.01994301994301994 0.028490028490028484 0.014245014245014242 0.017094017094017092 0.017094017094017092 0.017094017094017092 0.011396011396011395 0.017094017094017092 0.0028490028490028487 0.017094017094017092 0.0028490028490028487 0.008547008547008546 0.011396011396011395 0.005698005698005697 0.025641025641025633 0.02279202279202279 0.0 
0.012437810945273632 0.022388059701492536 0.012437810945273632 0.024875621890547265 0.017412935323383085 0.024875621890547265 0.014925373134328358 0.024875621890547265 0.0024875621890547263 0.0024875621890547263 0.004975124378109453 0.017412935323383085 0.007462686567164179 0.024875621890547265 0.004975124378109453 0.009950248756218905 0.024875621890547265 0.022388059701492536 0.014925373134328358 0.024875621890547265 0.009950248756218905 0.014925373134328358 0.012437810945273632 0.007462686567164179 0.009950248756218905 0.022388059701492536 0.009950248756218905 0.01990049751243781 0.024875621890547265 0.007462686567164179 0.004975124378109453 0.01990049751243781 0.0024875621890547263 0.017412935323383085 0.014925373134328358 0.022388059701492536 0.01990049751243781 0.009950248756218905 0.01990049751243781 0.007462686567164179 0.017412935323383085 0.024875621890547265 0.01990049751243781 0.012437810945273632 0.012437810945273632 0.014925373134328358 0.024875621890547265 0.009950248756218905 0.022388059701492536 0.004975124378109453 0.024875621890547265 0.007462686567164179 0.012437810945273632 0.022388059701492536 0.012437810945273632 0.022388059701492536 0.024875621890547265 0.007462686567164179 0.009950248756218905 0.0024875621890547263 0.014925373134328358 0.024875621890547265 0.022388059701492536 0.024875621890547265 0.007462686567164179 0.0 
0.012012012012012014 0.027027027027027032 0.021021021021021026 0.015015015015015017 0.030030030030030033 0.0030030030030030034 0.027027027027027032 0.006006006006006007 0.021021021021021026 0.01801801801801802 0.00900900900900901 0.030030030030030033 0.021021021021021026 0.0030030030030030034 0.021021021021021026 0.021021021021021026 0.0030030030030030034 0.006006006006006007 0.0030030030030030034 0.006006006006006007 0.030030030030030033 0.030030030030030033 0.021021021021021026 0.024024024024024027 0.012012012012012014 0.006006006006006007 0.024024024024024027 0.00900900900900901 0.01801801801801802 0.01801801801801802 0.012012012012012014 0.0030030030030030034 0.01801801801801802 0.0030030030030030034 0.0030030030030030034 0.021021021021021026 0.024024024024024027 0.012012012012012014 0.021021021021021026 0.006006006006006007 0.021021021021021026 0.012012012012012014 0.030030030030030033 0.027027027027027032 0.012012012012012014 0.024024024024024027 0.006006006006006007 0.00900900900900901 0.027027027027027032 0.01801801801801802 0.027027027027027032 0.0030030030030030034 0.012012012012012014 0.01801801801801802 0.012012012012012014 0.006006006006006007 0.012012012012012014 0.0030030030030030034 0.00900900900900901 0.00900900900900901 0.0030030030030030034 0.030030030030030033 0.024024024024024027 0.0030030030030030034 0.024024024024024027 0.0 
0.017500000000000005 0.017500000000000005 0.0075000000000000015 0.0075000000000000015 0.012500000000000004 0.02500000000000001 0.017500000000000005 0.022500000000000003 0.017500000000000005 0.02500000000000001 0.020000000000000004 0.012500000000000004 0.015000000000000003 0.005000000000000001 0.02500000000000001 0.012500000000000004 0.02500000000000001 0.0075000000000000015 0.02500000000000001 0.015000000000000003 0.0025000000000000005 0.010000000000000002 0.010000000000000002 0.02500000000000001 0.02500000000000001 0.010000000000000002 0.0075000000000000015 0.02500000000000001 0.022500000000000003 0.020000000000000004 0.010000000000000002 0.017500000000000005 0.015000000000000003 0.012500000000000004 0.012500000000000004 0.0025000000000000005 0.0025000000000000005 0.005000000000000001 0.02500000000000001 0.02500000000000001 0.022500000000000003 0.012500000000000004 0.012500000000000004 0.0075000000000000015 0.02500000000000001 0.02500000000000001 0.015000000000000003 0.020000000000000004 0.0075000000000000015 0.02500000000000001 0.005000000000000001 0.012500000000000004 0.022500000000000003 0.005000000000000001 0.017500000000000005 0.0075000000000000015 0.010000000000000002 0.020000000000000004 0.015000000000000003 0.010000000000000002 0.02500000000000001 0.015000000000000003 0.015000000000000003 0.012500000000000004 0.017500000000000005 0.0 
0.024657534246575342 0.021917808219178082 0.00821917808219178 0.019178082191780823 0.00821917808219178 0.01643835616438356 0.021917808219178082 0.0273972602739726 0.0027397260273972603 0.0273972602739726 0.010958904109589041 0.019178082191780823 0.0273972602739726 0.010958904109589041 0.01643835616438356 0.00821917808219178 0.005479452054794521 0.0027397260273972603 0.0027397260273972603 0.00821917808219178 0.0027397260273972603 0.019178082191780823 0.01643835616438356 0.019178082191780823 0.0273972602739726 0.0136986301369863 0.021917808219178082 0.0136986301369863 0.010958904109589041 0.0027397260273972603 0.005479452054794521 0.010958904109589041 0.019178082191780823 0.0136986301369863 0.0273972602739726 0.0273972602739726 0.0027397260273972603 0.021917808219178082 0.0136986301369863 0.021917808219178082 0.0273972602739726 0.0273972602739726 0.010958904109589041 0.01643835616438356 0.024657534246575342 0.00821917808219178 0.0027397260273972603 0.0136986301369863 0.005479452054794521 0.0273972602739726 0.019178082191780823 0.021917808219178082 0.005479452054794521 0.0027397260273972603 0.010958904109589041 0.021917808219178082 0.01643835616438356 0.019178082191780823 0.019178082191780823 0.0273972602739726 0.021917808219178082 0.005479452054794521 0.019178082191780823 0.019178082191780823 0.0027397260273972603 0.0 
0.022988505747126426 0.0057471264367816065 0.0028735632183908033 0.022988505747126426 0.02873563218390803 0.011494252873563213 0.02011494252873562 0.0028735632183908033 0.00862068965517241 0.022988505747126426 0.02586206896551723 0.0057471264367816065 0.02011494252873562 0.02873563218390803 0.022988505747126426 0.00862068965517241 0.02873563218390803 0.014367816091954016 0.02011494252873562 0.014367816091954016 0.02873563218390803 0.0057471264367816065 0.00862068965517241 0.01724137931034482 0.01724137931034482 0.0028735632183908033 0.00862068965517241 0.02873563218390803 0.02873563218390803 0.00862068965517241 0.01724137931034482 0.011494252873563213 0.022988505747126426 0.0028735632183908033 0.02586206896551723 0.011494252873563213 0.022988505747126426 0.02873563218390803 0.01724137931034482 0.0057471264367816065 0.00862068965517241 0.02586206896551723 0.0057471264367816065 0.00862068965517241 0.022988505747126426 0.01724137931034482 0.0057471264367816065 0.014367816091954016 0.0057471264367816065 0.014367816091954016 0.02011494252873562 0.014367816091954016 0.00862068965517241 0.01724137931034482 0.01724137931034482 0.014367816091954016 0.00862068965517241 0.0028735632183908033 0.0057471264367816065 0.02011494252873562 0.02586206896551723 0.0057471264367816065 0.01724137931034482 0.0057471264367816065 0.02586206896551723 0.0 
0.017857142857142863 0.002976190476190477 0.002976190476190477 0.008928571428571432 0.02083333333333334 0.005952380952380954 0.017857142857142863 0.011904761904761908 0.011904761904761908 0.02976190476190477 0.011904761904761908 0.008928571428571432 0.011904761904761908 0.023809523809523815 0.011904761904761908 0.026785714285714295 0.008928571428571432 0.014880952380952385 0.026785714285714295 0.011904761904761908 0.011904761904761908 0.023809523809523815 0.02083333333333334 0.014880952380952385 0.017857142857142863 0.023809523809523815 0.005952380952380954 0.011904761904761908 0.008928571428571432 0.023809523809523815 0.011904761904761908 0.02976190476190477 0.014880952380952385 0.008928571428571432 0.017857142857142863 0.026785714285714295 0.008928571428571432 0.02083333333333334 0.008928571428571432 0.026785714285714295 0.008928571428571432 0.005952380952380954 0.008928571428571432 0.011904761904761908 0.023809523809523815 0.02083333333333334 0.002976190476190477 0.011904761904761908 0.011904761904761908 0.008928571428571432 0.02976190476190477 0.02083333333333334 0.014880952380952385 0.014880952380952385 0.02976190476190477 0.002976190476190477 0.02083333333333334 0.014880952380952385 0.02976190476190477 0.02083333333333334 0.008928571428571432 0.005952380952380954 0.014880952380952385 0.008928571428571432 0.017857142857142863 0.0 
0.016000000000000004 0.024000000000000004 0.016000000000000004 0.016000000000000004 0.002666666666666667 0.010666666666666668 0.002666666666666667 0.013333333333333336 0.021333333333333336 0.010666666666666668 0.026666666666666672 0.010666666666666668 0.021333333333333336 0.013333333333333336 0.016000000000000004 0.026666666666666672 0.013333333333333336 0.008000000000000002 0.005333333333333334 0.021333333333333336 0.016000000000000004 0.013333333333333336 0.002666666666666667 0.008000000000000002 0.013333333333333336 0.016000000000000004 0.002666666666666667 0.021333333333333336 0.008000000000000002 0.013333333333333336 0.024000000000000004 0.026666666666666672 0.024000000000000004 0.008000000000000002 0.002666666666666667 0.013333333333333336 0.002666666666666667 0.005333333333333334 0.01866666666666667 0.013333333333333336 0.005333333333333334 0.026666666666666672 0.01866666666666667 0.008000000000000002 0.002666666666666667 0.026666666666666672 0.01866666666666667 0.010666666666666668 0.024000000000000004 0.026666666666666672 0.002666666666666667 0.026666666666666672 0.021333333333333336 0.021333333333333336 0.016000000000000004 0.026666666666666672 0.002666666666666667 0.013333333333333336 0.013333333333333336 0.016000000000000004 0.021333333333333336 0.024000000000000004 0.024000000000000004 0.026666666666666672 0.026666666666666672 0.0 
0.01461988304093568 0.002923976608187136 0.011695906432748544 0.02923976608187136 0.02046783625730995 0.02339181286549709 0.02339181286549709 0.017543859649122816 0.011695906432748544 0.02339181286549709 0.026315789473684223 0.008771929824561408 0.026315789473684223 0.008771929824561408 0.02046783625730995 0.008771929824561408 0.026315789473684223 0.002923976608187136 0.01461988304093568 0.02923976608187136 0.026315789473684223 0.026315789473684223 0.002923976608187136 0.02339181286549709 0.008771929824561408 0.011695906432748544 0.026315789473684223 0.008771929824561408 0.011695906432748544 0.011695906432748544 0.02923976608187136 0.002923976608187136 0.02046783625730995 0.011695906432748544 0.02339181286549709 0.02339181286549709 0.008771929824561408 0.011695906432748544 0.002923976608187136 0.017543859649122816 0.002923976608187136 0.017543859649122816 0.008771929824561408 0.026315789473684223 0.017543859649122816 0.005847953216374272 0.005847953216374272 0.008771929824561408 0.02923976608187136 0.02046783625730995 0.002923976608187136 0.008771929824561408 0.008771929824561408 0.005847953216374272 0.02339181286549709 0.005847953216374272 0.005847953216374272 0.008771929824561408 0.02339181286549709 0.02923976608187136 0.011695906432748544 0.002923976608187136 0.02923976608187136 0.017543859649122816 0.011695906432748544 0.0 
0.018918918918918927 0.010810810810810817 0.008108108108108112 0.02702702702702704 0.005405405405405408 0.016216216216216224 0.018918918918918927 0.02702702702702704 0.008108108108108112 0.024324324324324336 0.021621621621621633 0.016216216216216224 0.024324324324324336 0.021621621621621633 0.002702702702702704 0.018918918918918927 0.021621621621621633 0.018918918918918927 0.021621621621621633 0.021621621621621633 0.02702702702702704 0.02702702702702704 0.01351351351351352 0.010810810810810817 0.008108108108108112 0.002702702702702704 0.021621621621621633 0.02702702702702704 0.018918918918918927 0.010810810810810817 0.005405405405405408 0.002702702702702704 0.018918918918918927 0.005405405405405408 0.010810810810810817 0.018918918918918927 0.002702702702702704 0.024324324324324336 0.02702702702702704 0.021621621621621633 0.02702702702702704 0.010810810810810817 0.016216216216216224 0.002702702702702704 0.005405405405405408 0.024324324324324336 0.005405405405405408 0.010810810810810817 0.002702702702702704 0.010810810810810817 0.021621621621621633 0.002702702702702704 0.008108108108108112 0.024324324324324336 0.02702702702702704 0.002702702702702704 0.002702702702702704 0.02702702702702704 0.010810810810810817 0.008108108108108112 0.024324324324324336 0.016216216216216224 0.01351351351351352 0.024324324324324336 0.010810810810810817 0.0 
0.005730659025787969 0.011461318051575938 0.022922636103151876 0.008595988538681954 0.0028653295128939845 0.011461318051575938 0.014326647564469924 0.028653295128939847 0.005730659025787969 0.011461318051575938 0.02005730659025789 0.017191977077363908 0.02005730659025789 0.028653295128939847 0.02578796561604586 0.028653295128939847 0.011461318051575938 0.0028653295128939845 0.028653295128939847 0.011461318051575938 0.008595988538681954 0.008595988538681954 0.005730659025787969 0.022922636103151876 0.0028653295128939845 0.014326647564469924 0.017191977077363908 0.017191977077363908 0.014326647564469924 0.014326647564469924 0.022922636103151876 0.028653295128939847 0.022922636103151876 0.005730659025787969 0.005730659025787969 0.0028653295128939845 0.028653295128939847 0.022922636103151876 0.022922636103151876 0.0028653295128939845 0.005730659025787969 0.028653295128939847 0.02005730659025789 0.017191977077363908 0.022922636103151876 0.005730659025787969 0.028653295128939847 0.028653295128939847 0.017191977077363908 0.011461318051575938 0.011461318051575938 0.02005730659025789 0.02578796561604586 0.005730659025787969 0.017191977077363908 0.022922636103151876 0.022922636103151876 0.02005730659025789 0.0028653295128939845 0.005730659025787969 0.0028653295128939845 0.011461318051575938 0.005730659025787969 0.014326647564469924 0.014326647564469924 0.0 
0.005025125628140706 0.010050251256281412 0.020100502512562825 0.010050251256281412 0.02512562814070353 0.02512562814070353 0.022613065326633177 0.020100502512562825 0.02512562814070353 0.002512562814070353 0.012562814070351765 0.022613065326633177 0.012562814070351765 0.012562814070351765 0.007537688442211058 0.02512562814070353 0.020100502512562825 0.012562814070351765 0.010050251256281412 0.020100502512562825 0.010050251256281412 0.022613065326633177 0.007537688442211058 0.02512562814070353 0.02512562814070353 0.002512562814070353 0.015075376884422117 0.007537688442211058 0.01758793969849247 0.020100502512562825 0.015075376884422117 0.01758793969849247 0.007537688442211058 0.015075376884422117 0.01758793969849247 0.022613065326633177 0.022613065326633177 0.005025125628140706 0.002512562814070353 0.020100502512562825 0.02512562814070353 0.015075376884422117 0.020100502512562825 0.005025125628140706 0.020100502512562825 0.012562814070351765 0.02512562814070353 0.002512562814070353 0.02512562814070353 0.007537688442211058 0.012562814070351765 0.010050251256281412 0.020100502512562825 0.020100502512562825 0.020100502512562825 0.015075376884422117 0.01758793969849247 0.010050251256281412 0.022613065326633177 0.002512562814070353 0.015075376884422117 0.015075376884422117 0.01758793969849247 0.015075376884422117 0.007537688442211058 0.0 
0.020356234096692117 0.02290076335877863 0.010178117048346058 0.015267175572519085 0.0076335877862595426 0.0025445292620865146 0.015267175572519085 0.010178117048346058 0.010178117048346058 0.0076335877862595426 0.015267175572519085 0.0076335877862595426 0.02290076335877863 0.025445292620865142 0.012722646310432571 0.0076335877862595426 0.02290076335877863 0.02290076335877863 0.0076335877862595426 0.020356234096692117 0.020356234096692117 0.020356234096692117 0.0076335877862595426 0.0025445292620865146 0.020356234096692117 0.0178117048346056 0.012722646310432571 0.020356234096692117 0.020356234096692117 0.025445292620865142 0.020356234096692117 0.020356234096692117 0.0076335877862595426 0.010178117048346058 0.020356234096692117 0.02290076335877863 0.020356234096692117 0.025445292620865142 0.02290076335877863 0.020356234096692117 0.005089058524173029 0.020356234096692117 0.0025445292620865146 0.025445292620865142 0.0178117048346056 0.015267175572519085 0.0025445292620865146 0.020356234096692117 0.0025445292620865146 0.010178117048346058 0.0025445292620865146 0.02290076335877863 0.0025445292620865146 0.015267175572519085 0.015267175572519085 0.0076335877862595426 0.025445292620865142 0.012722646310432571 0.02290076335877863 0.0178117048346056 0.012722646310432571 0.020356234096692117 0.0025445292620865146 0.025445292620865142 0.025445292620865142 0.0 
0.019125683060109276 0.02732240437158468 0.021857923497267746 0.021857923497267746 0.021857923497267746 0.02732240437158468 0.005464480874316936 0.02732240437158468 0.019125683060109276 0.008196721311475405 0.02732240437158468 0.019125683060109276 0.010928961748633873 0.01639344262295081 0.02732240437158468 0.01366120218579234 0.010928961748633873 0.02732240437158468 0.01639344262295081 0.019125683060109276 0.008196721311475405 0.002732240437158468 0.021857923497267746 0.021857923497267746 0.021857923497267746 0.005464480874316936 0.005464480874316936 0.02732240437158468 0.01366120218579234 0.021857923497267746 0.019125683060109276 0.01366120218579234 0.019125683060109276 0.008196721311475405 0.01639344262295081 0.002732240437158468 0.02459016393442621 0.002732240437158468 0.02732240437158468 0.019125683060109276 0.01639344262295081 0.002732240437158468 0.010928961748633873 0.010928961748633873 0.002732240437158468 0.01639344262295081 0.010928961748633873 0.008196721311475405 0.01366120218579234 0.002732240437158468 0.02459016393442621 0.02732240437158468 0.005464480874316936 0.01639344262295081 0.005464480874316936 0.008196721311475405 0.008196721311475405 0.005464480874316936 0.02459016393442621 0.02732240437158468 0.01639344262295081 0.005464480874316936 0.019125683060109276 0.002732240437158468 0.01639344262295081 0.0 
0.021943573667711595 0.009404388714733541 0.021943573667711595 0.018808777429467082 0.009404388714733541 0.025078369905956105 0.003134796238244513 0.018808777429467082 0.015673981191222566 0.003134796238244513 0.015673981191222566 0.018808777429467082 0.018808777429467082 0.018808777429467082 0.009404388714733541 0.009404388714733541 0.009404388714733541 0.018808777429467082 0.02821316614420062 0.006269592476489026 0.006269592476489026 0.009404388714733541 0.025078369905956105 0.025078369905956105 0.015673981191222566 0.015673981191222566 0.009404388714733541 0.018808777429467082 0.02821316614420062 0.03134796238244513 0.015673981191222566 0.012539184952978052 0.025078369905956105 0.003134796238244513 0.03134796238244513 0.009404388714733541 0.025078369905956105 0.003134796238244513 0.009404388714733541 0.003134796238244513 0.009404388714733541 0.003134796238244513 0.025078369905956105 0.009404388714733541 0.018808777429467082 0.021943573667711595 0.021943573667711595 0.012539184952978052 0.009404388714733541 0.003134796238244513 0.009404388714733541 0.012539184952978052 0.015673981191222566 0.021943573667711595 0.009404388714733541 0.012539184952978052 0.006269592476489026 0.025078369905956105 0.021943573667711595 0.018808777429467082 0.018808777429467082 0.021943573667711595 0.006269592476489026 0.009404388714733541 0.03134796238244513 0.0 
0.005305039787798407 0.02387267904509283 0.018567639257294426 0.013262599469496018 0.013262599469496018 0.010610079575596815 0.005305039787798407 0.018567639257294426 0.010610079575596815 0.015915119363395222 0.0026525198938992037 0.013262599469496018 0.018567639257294426 0.02387267904509283 0.02387267904509283 0.018567639257294426 0.005305039787798407 0.018567639257294426 0.005305039787798407 0.02387267904509283 0.013262599469496018 0.007957559681697611 0.0026525198938992037 0.018567639257294426 0.013262599469496018 0.02387267904509283 0.007957559681697611 0.026525198938992037 0.015915119363395222 0.02387267904509283 0.0026525198938992037 0.026525198938992037 0.02387267904509283 0.007957559681697611 0.018567639257294426 0.013262599469496018 0.02122015915119363 0.005305039787798407 0.026525198938992037 0.013262599469496018 0.02122015915119363 0.026525198938992037 0.015915119363395222 0.010610079575596815 0.02387267904509283 0.026525198938992037 0.010610079575596815 0.010610079575596815 0.015915119363395222 0.0026525198938992037 0.026525198938992037 0.026525198938992037 0.013262599469496018 0.010610079575596815 0.013262599469496018 0.010610079575596815 0.02122015915119363 0.018567639257294426 0.0026525198938992037 0.007957559681697611 0.010610079575596815 0.010610079575596815 0.010610079575596815 0.026525198938992037 0.02387267904509283 0.0 
0.005291005291005291 0.015873015873015872 0.021164021164021163 0.015873015873015872 0.007936507936507936 0.018518518518518517 0.007936507936507936 0.005291005291005291 0.0026455026455026454 0.013227513227513227 0.010582010582010581 0.023809523809523808 0.010582010582010581 0.005291005291005291 0.021164021164021163 0.023809523809523808 0.023809523809523808 0.018518518518518517 0.007936507936507936 0.005291005291005291 0.0026455026455026454 0.015873015873015872 0.010582010582010581 0.023809523809523808 0.026455026455026454 0.013227513227513227 0.021164021164021163 0.015873015873015872 0.023809523809523808 0.023809523809523808 0.015873015873015872 0.005291005291005291 0.026455026455026454 0.026455026455026454 0.023809523809523808 0.010582010582010581 0.023809523809523808 0.018518518518518517 0.015873015873015872 0.007936507936507936 0.010582010582010581 0.013227513227513227 0.005291005291005291 0.018518518518518517 0.005291005291005291 0.005291005291005291 0.021164021164021163 0.023809523809523808 0.023809523809523808 0.010582010582010581 0.021164021164021163 0.010582010582010581 0.021164021164021163 0.026455026455026454 0.007936507936507936 0.007936507936507936 0.026455026455026454 0.005291005291005291 0.026455026455026454 0.026455026455026454 0.007936507936507936 0.026455026455026454 0.007936507936507936 0.010582010582010581 0.013227513227513227 0.0 
0.013888888888888888 0.005555555555555556 0.027777777777777776 0.011111111111111112 0.013888888888888888 0.016666666666666666 0.016666666666666666 0.027777777777777776 0.013888888888888888 0.027777777777777776 0.025 0.025 0.022222222222222223 0.008333333333333333 0.002777777777777778 0.008333333333333333 0.019444444444444445 0.005555555555555556 0.025 0.025 0.019444444444444445 0.005555555555555556 0.011111111111111112 0.011111111111111112 0.008333333333333333 0.008333333333333333 0.005555555555555556 0.005555555555555556 0.008333333333333333 0.019444444444444445 0.013888888888888888 0.019444444444444445 0.008333333333333333 0.002777777777777778 0.025 0.025 0.013888888888888888 0.005555555555555556 0.019444444444444445 0.002777777777777778 0.005555555555555556 0.025 0.019444444444444445 0.025 0.027777777777777776 0.025 0.013888888888888888 0.027777777777777776 0.019444444444444445 0.011111111111111112 0.011111111111111112 0.013888888888888888 0.002777777777777778 0.025 0.011111111111111112 0.008333333333333333 0.013888888888888888 0.013888888888888888 0.022222222222222223 0.019444444444444445 0.013888888888888888 0.008333333333333333 0.019444444444444445 0.016666666666666666 0.019444444444444445 0.0 
0.0030581039755351674 0.0030581039755351674 0.02446483180428134 0.021406727828746173 0.015290519877675837 0.02446483180428134 0.021406727828746173 0.0030581039755351674 0.009174311926605503 0.015290519877675837 0.018348623853211007 0.01223241590214067 0.021406727828746173 0.006116207951070335 0.018348623853211007 0.018348623853211007 0.018348623853211007 0.02752293577981651 0.01223241590214067 0.0030581039755351674 0.02752293577981651 0.006116207951070335 0.030581039755351674 0.0030581039755351674 0.02752293577981651 0.0030581039755351674 0.018348623853211007 0.030581039755351674 0.009174311926605503 0.030581039755351674 0.018348623853211007 0.015290519877675837 0.030581039755351674 0.0030581039755351674 0.030581039755351674 0.01223241590214067 0.01223241590214067 0.0030581039755351674 0.015290519877675837 0.009174311926605503 0.02446483180428134 0.02752293577981651 0.015290519877675837 0.006116207951070335 0.021406727828746173 0.018348623853211007 0.006116207951070335 0.02752293577981651 0.015290519877675837 0.018348623853211007 0.015290519877675837 0.015290519877675837 0.0030581039755351674 0.006116207951070335 0.0030581039755351674 0.021406727828746173 0.006116207951070335 0.02446483180428134 0.006116207951070335 0.02752293577981651 0.021406727828746173 0.009174311926605503 0.006116207951070335 0.018348623853211007 0.0030581039755351674 0.0 
0.024793388429752056 0.019283746556473823 0.013774104683195586 0.0055096418732782345 0.008264462809917352 0.011019283746556469 0.008264462809917352 0.024793388429752056 0.016528925619834704 0.022038567493112938 0.008264462809917352 0.02754820936639117 0.013774104683195586 0.0027548209366391172 0.008264462809917352 0.02754820936639117 0.011019283746556469 0.016528925619834704 0.02754820936639117 0.024793388429752056 0.016528925619834704 0.008264462809917352 0.024793388429752056 0.024793388429752056 0.008264462809917352 0.019283746556473823 0.0055096418732782345 0.013774104683195586 0.013774104683195586 0.011019283746556469 0.016528925619834704 0.0055096418732782345 0.02754820936639117 0.024793388429752056 0.016528925619834704 0.022038567493112938 0.016528925619834704 0.011019283746556469 0.016528925619834704 0.008264462809917352 0.02754820936639117 0.016528925619834704 0.0055096418732782345 0.022038567493112938 0.016528925619834704 0.024793388429752056 0.024793388429752056 0.013774104683195586 0.013774104683195586 0.013774104683195586 0.0027548209366391172 0.016528925619834704 0.0027548209366391172 0.02754820936639117 0.008264462809917352 0.0055096418732782345 0.0027548209366391172 0.0055096418732782345 0.008264462809917352 0.024793388429752056 0.02754820936639117 0.019283746556473823 0.0027548209366391172 0.011019283746556469 0.022038567493112938 0.0 
0.0059347181008902105 0.026706231454005944 0.0029673590504451053 0.011869436201780421 0.020771513353115736 0.026706231454005944 0.026706231454005944 0.014836795252225527 0.014836795252225527 0.01780415430267063 0.023738872403560842 0.026706231454005944 0.023738872403560842 0.020771513353115736 0.0059347181008902105 0.0029673590504451053 0.01780415430267063 0.014836795252225527 0.008902077151335315 0.023738872403560842 0.01780415430267063 0.011869436201780421 0.008902077151335315 0.01780415430267063 0.029673590504451054 0.01780415430267063 0.011869436201780421 0.008902077151335315 0.01780415430267063 0.0059347181008902105 0.008902077151335315 0.020771513353115736 0.01780415430267063 0.0059347181008902105 0.01780415430267063 0.014836795252225527 0.01780415430267063 0.008902077151335315 0.011869436201780421 0.0059347181008902105 0.023738872403560842 0.029673590504451054 0.014836795252225527 0.01780415430267063 0.008902077151335315 0.0059347181008902105 0.0029673590504451053 0.01780415430267063 0.0029673590504451053 0.008902077151335315 0.026706231454005944 0.023738872403560842 0.01780415430267063 0.0059347181008902105 0.014836795252225527 0.0029673590504451053 0.011869436201780421 0.020771513353115736 0.008902077151335315 0.0029673590504451053 0.023738872403560842 0.011869436201780421 0.029673590504451054 0.029673590504451054 0.01780415430267063 0.0 
0.02542372881355933 0.02542372881355933 0.019774011299435033 0.008474576271186442 0.028248587570621476 0.005649717514124295 0.02542372881355933 0.0028248587570621473 0.02259887005649718 0.014124293785310738 0.02259887005649718 0.008474576271186442 0.005649717514124295 0.02259887005649718 0.01129943502824859 0.008474576271186442 0.02259887005649718 0.014124293785310738 0.0028248587570621473 0.02542372881355933 0.008474576271186442 0.02542372881355933 0.016949152542372885 0.02259887005649718 0.005649717514124295 0.02542372881355933 0.016949152542372885 0.005649717514124295 0.005649717514124295 0.0028248587570621473 0.0028248587570621473 0.01129943502824859 0.02259887005649718 0.028248587570621476 0.01129943502824859 0.014124293785310738 0.008474576271186442 0.02259887005649718 0.005649717514124295 0.028248587570621476 0.01129943502824859 0.005649717514124295 0.02542372881355933 0.019774011299435033 0.01129943502824859 0.0028248587570621473 0.02259887005649718 0.008474576271186442 0.02542372881355933 0.028248587570621476 0.019774011299435033 0.016949152542372885 0.02542372881355933 0.008474576271186442 0.01129943502824859 0.016949152542372885 0.008474576271186442 0.008474576271186442 0.008474576271186442 0.0028248587570621473 0.014124293785310738 0.019774011299435033 0.02259887005649718 0.019774011299435033 0.02259887005649718 0.0 
0.027100271002710022 0.027100271002710022 0.0027100271002710023 0.0027100271002710023 0.013550135501355011 0.0027100271002710023 0.018970189701897015 0.013550135501355011 0.02439024390243902 0.010840108401084009 0.021680216802168018 0.016260162601626015 0.02439024390243902 0.010840108401084009 0.02439024390243902 0.016260162601626015 0.018970189701897015 0.0027100271002710023 0.0054200542005420045 0.027100271002710022 0.016260162601626015 0.0027100271002710023 0.0054200542005420045 0.02439024390243902 0.013550135501355011 0.008130081300813007 0.021680216802168018 0.021680216802168018 0.021680216802168018 0.008130081300813007 0.010840108401084009 0.0027100271002710023 0.02439024390243902 0.013550135501355011 0.013550135501355011 0.013550135501355011 0.0027100271002710023 0.0027100271002710023 0.027100271002710022 0.016260162601626015 0.021680216802168018 0.027100271002710022 0.0027100271002710023 0.0027100271002710023 0.027100271002710022 0.021680216802168018 0.018970189701897015 0.016260162601626015 0.010840108401084009 0.010840108401084009 0.02439024390243902 0.027100271002710022 0.008130081300813007 0.027100271002710022 0.02439024390243902 0.027100271002710022 0.0054200542005420045 0.021680216802168018 0.02439024390243902 0.016260162601626015 0.016260162601626015 0.0027100271002710023 0.0027100271002710023 0.016260162601626015 0.013550135501355011 0.0 
0.008403361344537816 0.005602240896358544 0.01400560224089636 0.016806722689075633 0.02801120448179272 0.022408963585434177 0.019607843137254905 0.02521008403361345 0.011204481792717089 0.005602240896358544 0.022408963585434177 0.01400560224089636 0.02801120448179272 0.019607843137254905 0.008403361344537816 0.011204481792717089 0.022408963585434177 0.008403361344537816 0.02521008403361345 0.002801120448179272 0.002801120448179272 0.01400560224089636 0.005602240896358544 0.02521008403361345 0.016806722689075633 0.002801120448179272 0.019607843137254905 0.011204481792717089 0.02521008403361345 0.011204481792717089 0.02521008403361345 0.016806722689075633 0.011204481792717089 0.011204481792717089 0.016806722689075633 0.02801120448179272 0.016806722689075633 0.01400560224089636 0.02801120448179272 0.002801120448179272 0.002801120448179272 0.011204481792717089 0.008403361344537816 0.005602240896358544 0.016806722689075633 0.01400560224089636 0.01400560224089636 0.022408963585434177 0.02801120448179272 0.011204481792717089 0.019607843137254905 0.022408963585434177 0.011204481792717089 0.008403361344537816 0.02801120448179272 0.019607843137254905 0.005602240896358544 0.016806722689075633 0.019607843137254905 0.01400560224089636 0.01400560224089636 0.01400560224089636 0.01400560224089636 0.005602240896358544 0.02801120448179272 0.0 
0.005181347150259067 0.025906735751295328 0.015544041450777198 0.005181347150259067 0.0025906735751295333 0.010362694300518133 0.0233160621761658 0.015544041450777198 0.012953367875647664 0.0025906735751295333 0.007772020725388599 0.010362694300518133 0.012953367875647664 0.025906735751295328 0.0233160621761658 0.025906735751295328 0.025906735751295328 0.025906735751295328 0.015544041450777198 0.015544041450777198 0.01813471502590673 0.0233160621761658 0.020725388601036267 0.0025906735751295333 0.005181347150259067 0.007772020725388599 0.007772020725388599 0.015544041450777198 0.005181347150259067 0.020725388601036267 0.025906735751295328 0.015544041450777198 0.015544041450777198 0.012953367875647664 0.01813471502590673 0.010362694300518133 0.012953367875647664 0.020725388601036267 0.010362694300518133 0.007772020725388599 0.010362694300518133 0.0233160621761658 0.025906735751295328 0.0233160621761658 0.015544041450777198 0.012953367875647664 0.010362694300518133 0.025906735751295328 0.007772020725388599 0.0233160621761658 0.0025906735751295333 0.025906735751295328 0.010362694300518133 0.01813471502590673 0.025906735751295328 0.005181347150259067 0.007772020725388599 0.025906735751295328 0.012953367875647664 0.0233160621761658 0.005181347150259067 0.025906735751295328 0.012953367875647664 0.0233160621761658 0.010362694300518133 0.0 
1.0 0.0 0.0 0.0 0.0 0.0 0.0 0.0 0.0 0.0 0.0 0.0 0.0 0.0 0.0 0.0 0.0 0.0 0.0 0.0 0.0 0.0 0.0 0.0 0.0 0.0 0.0 0.0 0.0 0.0 0.0 0.0 0.0 0.0 0.0 0.0 0.0 0.0 0.0 0.0 0.0 0.0 0.0 0.0 0.0 0.0 0.0 0.0 0.0 0.0 0.0 0.0 0.0 0.0 0.0 0.0 0.0 0.0 0.0 0.0 0.0 0.0 0.0 0.0 0.0 0.0 

emissions
1 1 1 1 1 1 1 1 1 1 1 1 1 1 1 1 1 1 1 1 1 1 1 1 1 1 1 1 1 1 1 1 1 1 1 1 1 1 1 1 1 1 1 1 1 1 1 1 1 1 1 1 1 1 1 1 1 1 1 1 1 1 1 1 1 0 
0 0 0 0 0 0 0 0 0 0 0 0 0 0 0 0 0 0 0 0 0 0 0 0 0 0 0 0 0 0 0 0 0 0 0 0 0 0 0 0 0 0 0 0 0 0 0 0 0 0 0 0 0 0 0 0 0 0 0 0 0 0 0 0 0 1 
