states
0 1 2 3 4 5 6 7 8 9 10 11 12 13 14 15 16 17 18 19 20 21 22 23 24 25 26 27 28 29 30 31 32 33 34 35 36 37 38 39 40 41 42 43 44 45 46 47 48 49 50 51 52 53 54 55 56 57 58 59 60 61 62 63 64 65 
labels
empty init 
initial
0.0 0.0 0.0 0.0 0.0 0.0 0.0 0.0 0.0 0.0 0.0 0.0 0.0 0.0 0.0 0.0 0.0 0.0 0.0 0.0 0.0 0.0 0.0 0.0 0.0 0.0 0.0 0.0 0.0 0.0 0.0 0.0 0.0 0.0 0.0 0.0 0.0 0.0 0.0 0.0 0.0 0.0 0.0 0.0 0.0 0.0 0.0 0.0 0.0 0.0 0.0 0.0 0.0 0.0 0.0 0.0 0.0 0.0 0.0 0.0 0.0 0.0 0.0 0.0 0.0 1.0
transitions
0.016806722689075633 0.002801120448179272 0.011204481792717089 0.011204481792717089 0.022408963585434177 0.028011204481792725 0.011204481792717089 0.016806722689075633 0.008403361344537816 0.014005602240896363 0.022408963585434177 0.019607843137254905 0.025210084033613453 0.025210084033613453 0.005602240896358544 0.019607843137254905 0.022408963585434177 0.022408963585434177 0.025210084033613453 0.005602240896358544 0.016806722689075633 0.028011204481792725 0.025210084033613453 0.028011204481792725 0.014005602240896363 0.011204481792717089 0.002801120448179272 0.011204481792717089 0.016806722689075633 0.002801120448179272 0.008403361344537816 0.011204481792717089 0.025210084033613453 0.005602240896358544 0.011204481792717089 0.011204481792717089 0.011204481792717089 0.022408963585434177 0.002801120448179272 0.005602240896358544 0.028011204481792725 0.028011204481792725 0.002801120448179272 0.014005602240896363 0.022408963585434177 0.011204481792717089 0.008403361344537816 0.022408963585434177 0.008403361344537816 0.002801120448179272 0.002801120448179272 0.014005602240896363 0.016806722689075633 0.016806722689075633 0.019607843137254905 0.025210084033613453 0.014005602240896363 0.005602240896358544 0.014005602240896363 0.028011204481792725 0.025210084033613453 0.005602240896358544 0.005602240896358544 0.022408963585434177 0.028011204481792725 0.0 
0.03215434083601287 0.012861736334405146 0.022508038585209007 0.025723472668810293 0.009646302250803861 0.0032154340836012866 0.012861736334405146 0.019292604501607722 0.03215434083601287 0.016077170418006433 0.016077170418006433 0.022508038585209007 0.016077170418006433 0.016077170418006433 0.012861736334405146 0.016077170418006433 0.016077170418006433 0.028938906752411578 0.016077170418006433 0.012861736334405146 0.025723472668810293 0.019292604501607722 0.019292604501607722 0.0032154340836012866 0.006430868167202573 0.019292604501607722 0.03215434083601287 0.012861736334405146 0.0032154340836012866 0.019292604501607722 0.0032154340836012866 0.006430868167202573 0.009646302250803861 0.016077170418006433 0.009646302250803861 0.0032154340836012866 0.012861736334405146 0.009646302250803861 0.0032154340836012866 0.025723472668810293 0.019292604501607722 0.03215434083601287 0.0032154340836012866 0.009646302250803861 0.025723472668810293 0.009646302250803861 0.03215434083601287 0.009646302250803861 0.012861736334405146 0.012861736334405146 0.009646302250803861 0.012861736334405146 0.016077170418006433 0.006430868167202573 0.009646302250803861 0.03215434083601287 0.006430868167202573 0.016077170418006433 0.022508038585209007 0.028938906752411578 0.009646302250803861 0.012861736334405146 0.0032154340836012866 0.0032154340836012866 0.022508038585209007 0.0 
0.0025445292620865138 0.017811704834605594 0.010178117048346055 0.010178117048346055 0.022900763358778622 0.022900763358778622 0.022900763358778622 0.00763358778625954 0.010178117048346055 0.00763358778625954 0.0025445292620865138 0.022900763358778622 0.022900763358778622 0.010178117048346055 0.022900763358778622 0.00763358778625954 0.022900763358778622 0.012722646310432566 0.010178117048346055 0.0025445292620865138 0.012722646310432566 0.010178117048346055 0.017811704834605594 0.02544529262086513 0.022900763358778622 0.0025445292620865138 0.022900763358778622 0.01526717557251908 0.02544529262086513 0.0025445292620865138 0.02544529262086513 0.017811704834605594 0.01526717557251908 0.010178117048346055 0.0050890585241730275 0.022900763358778622 0.0025445292620865138 0.012722646310432566 0.02544529262086513 0.017811704834605594 0.01526717557251908 0.02035623409669211 0.022900763358778622 0.022900763358778622 0.02544529262086513 0.00763358778625954 0.022900763358778622 0.017811704834605594 0.017811704834605594 0.02544529262086513 0.0050890585241730275 0.017811704834605594 0.022900763358778622 0.022900763358778622 0.010178117048346055 0.00763358778625954 0.010178117048346055 0.017811704834605594 0.010178117048346055 0.017811704834605594 0.01526717557251908 0.02035623409669211 0.0025445292620865138 0.022900763358778622 0.012722646310432566 0.0 
0.0200573065902579 0.01719197707736391 0.02578796561604587 0.008595988538681956 0.011461318051575941 0.028653295128939854 0.022922636103151883 0.01719197707736391 0.011461318051575941 0.014326647564469927 0.01719197707736391 0.011461318051575941 0.011461318051575941 0.022922636103151883 0.028653295128939854 0.028653295128939854 0.028653295128939854 0.022922636103151883 0.011461318051575941 0.008595988538681956 0.011461318051575941 0.028653295128939854 0.022922636103151883 0.022922636103151883 0.01719197707736391 0.005730659025787971 0.008595988538681956 0.008595988538681956 0.02578796561604587 0.005730659025787971 0.01719197707736391 0.02578796561604587 0.014326647564469927 0.0028653295128939853 0.008595988538681956 0.01719197707736391 0.01719197707736391 0.0028653295128939853 0.02578796561604587 0.005730659025787971 0.005730659025787971 0.0028653295128939853 0.011461318051575941 0.02578796561604587 0.02578796561604587 0.014326647564469927 0.014326647564469927 0.0028653295128939853 0.028653295128939854 0.011461318051575941 0.022922636103151883 0.011461318051575941 0.008595988538681956 0.005730659025787971 0.005730659025787971 0.008595988538681956 0.005730659025787971 0.014326647564469927 0.008595988538681956 0.01719197707736391 0.01719197707736391 0.01719197707736391 0.008595988538681956 0.01719197707736391 0.022922636103151883 0.0 
0.021978021978021983 0.019230769230769235 0.005494505494505496 0.019230769230769235 0.021978021978021983 0.008241758241758244 0.010989010989010992 0.005494505494505496 0.027472527472527476 0.016483516483516487 0.027472527472527476 0.027472527472527476 0.008241758241758244 0.002747252747252748 0.027472527472527476 0.005494505494505496 0.027472527472527476 0.002747252747252748 0.019230769230769235 0.002747252747252748 0.013736263736263738 0.024725274725274728 0.013736263736263738 0.010989010989010992 0.010989010989010992 0.024725274725274728 0.024725274725274728 0.021978021978021983 0.002747252747252748 0.010989010989010992 0.024725274725274728 0.021978021978021983 0.021978021978021983 0.005494505494505496 0.024725274725274728 0.013736263736263738 0.021978021978021983 0.002747252747252748 0.013736263736263738 0.027472527472527476 0.002747252747252748 0.019230769230769235 0.013736263736263738 0.008241758241758244 0.013736263736263738 0.019230769230769235 0.010989010989010992 0.010989010989010992 0.021978021978021983 0.024725274725274728 0.016483516483516487 0.002747252747252748 0.024725274725274728 0.016483516483516487 0.013736263736263738 0.021978021978021983 0.013736263736263738 0.005494505494505496 0.010989010989010992 0.010989010989010992 0.027472527472527476 0.008241758241758244 0.016483516483516487 0.008241758241758244 0.010989010989010992 0.0 
0.015228426395939092 0.020304568527918787 0.007614213197969546 0.020304568527918787 0.005076142131979697 0.017766497461928942 0.015228426395939092 0.0025380710659898484 0.0025380710659898484 0.010152284263959394 0.005076142131979697 0.025380710659898484 0.025380710659898484 0.017766497461928942 0.017766497461928942 0.020304568527918787 0.022842639593908635 0.022842639593908635 0.020304568527918787 0.0025380710659898484 0.022842639593908635 0.017766497461928942 0.022842639593908635 0.025380710659898484 0.022842639593908635 0.010152284263959394 0.017766497461928942 0.005076142131979697 0.020304568527918787 0.012690355329949242 0.025380710659898484 0.007614213197969546 0.0025380710659898484 0.022842639593908635 0.007614213197969546 0.020304568527918787 0.022842639593908635 0.012690355329949242 0.012690355329949242 0.005076142131979697 0.020304568527918787 0.017766497461928942 0.025380710659898484 0.012690355329949242 0.005076142131979697 0.015228426395939092 0.025380710659898484 0.020304568527918787 0.005076142131979697 0.010152284263959394 0.015228426395939092 0.020304568527918787 0.010152284263959394 0.017766497461928942 0.017766497461928942 0.020304568527918787 0.025380710659898484 0.005076142131979697 0.025380710659898484 0.017766497461928942 0.0025380710659898484 0.010152284263959394 0.022842639593908635 0.012690355329949242 0.005076142131979697 0.0 
0.014970059880239523 0.017964071856287428 0.002994011976047905 0.01197604790419162 0.00598802395209581 0.014970059880239523 0.014970059880239523 0.014970059880239523 0.002994011976047905 0.002994011976047905 0.026946107784431142 0.014970059880239523 0.02095808383233533 0.029940119760479045 0.01197604790419162 0.01197604790419162 0.008982035928143714 0.00598802395209581 0.008982035928143714 0.00598802395209581 0.01197604790419162 0.014970059880239523 0.00598802395209581 0.00598802395209581 0.002994011976047905 0.02395209580838324 0.026946107784431142 0.014970059880239523 0.01197604790419162 0.017964071856287428 0.02095808383233533 0.01197604790419162 0.008982035928143714 0.029940119760479045 0.026946107784431142 0.00598802395209581 0.014970059880239523 0.002994011976047905 0.026946107784431142 0.01197604790419162 0.029940119760479045 0.017964071856287428 0.017964071856287428 0.00598802395209581 0.02395209580838324 0.026946107784431142 0.02095808383233533 0.014970059880239523 0.02395209580838324 0.01197604790419162 0.017964071856287428 0.01197604790419162 0.02095808383233533 0.014970059880239523 0.02395209580838324 0.01197604790419162 0.002994011976047905 0.017964071856287428 0.029940119760479045 0.01197604790419162 0.02395209580838324 0.017964071856287428 0.017964071856287428 0.026946107784431142 0.002994011976047905 0.0 
0.02542372881355933 0.011299435028248591 0.019774011299435037 0.02824858757062148 0.011299435028248591 0.008474576271186444 0.022598870056497182 0.0028248587570621478 0.011299435028248591 0.0028248587570621478 0.011299435028248591 0.019774011299435037 0.0056497175141242955 0.02824858757062148 0.008474576271186444 0.02824858757062148 0.01412429378531074 0.02824858757062148 0.0056497175141242955 0.011299435028248591 0.008474576271186444 0.01412429378531074 0.02824858757062148 0.022598870056497182 0.01412429378531074 0.02824858757062148 0.01412429378531074 0.0056497175141242955 0.008474576271186444 0.022598870056497182 0.008474576271186444 0.011299435028248591 0.02824858757062148 0.022598870056497182 0.019774011299435037 0.019774011299435037 0.008474576271186444 0.011299435028248591 0.019774011299435037 0.0028248587570621478 0.02542372881355933 0.0028248587570621478 0.022598870056497182 0.019774011299435037 0.016949152542372888 0.02824858757062148 0.019774011299435037 0.016949152542372888 0.008474576271186444 0.022598870056497182 0.0056497175141242955 0.02824858757062148 0.008474576271186444 0.008474576271186444 0.016949152542372888 0.019774011299435037 0.01412429378531074 0.008474576271186444 0.008474576271186444 0.0056497175141242955 0.0028248587570621478 0.02824858757062148 0.0028248587570621478 0.008474576271186444 0.02542372881355933 0.0 
0.010666666666666665 0.002666666666666666 0.023999999999999994 0.023999999999999994 0.005333333333333332 0.002666666666666666 0.015999999999999997 0.023999999999999994 0.007999999999999998 0.010666666666666665 0.015999999999999997 0.010666666666666665 0.023999999999999994 0.018666666666666665 0.01333333333333333 0.018666666666666665 0.010666666666666665 0.018666666666666665 0.007999999999999998 0.018666666666666665 0.015999999999999997 0.015999999999999997 0.02666666666666666 0.01333333333333333 0.018666666666666665 0.015999999999999997 0.005333333333333332 0.010666666666666665 0.010666666666666665 0.023999999999999994 0.02666666666666666 0.015999999999999997 0.015999999999999997 0.018666666666666665 0.002666666666666666 0.02666666666666666 0.02133333333333333 0.015999999999999997 0.005333333333333332 0.015999999999999997 0.018666666666666665 0.018666666666666665 0.023999999999999994 0.02133333333333333 0.015999999999999997 0.010666666666666665 0.007999999999999998 0.02666666666666666 0.02666666666666666 0.010666666666666665 0.007999999999999998 0.015999999999999997 0.01333333333333333 0.005333333333333332 0.015999999999999997 0.023999999999999994 0.010666666666666665 0.015999999999999997 0.023999999999999994 0.01333333333333333 0.005333333333333332 0.02133333333333333 0.023999999999999994 0.005333333333333332 0.007999999999999998 0.0 
0.006134969325153375 0.006134969325153375 0.0245398773006135 0.018404907975460127 0.0030674846625766876 0.015337423312883437 0.006134969325153375 0.006134969325153375 0.021472392638036814 0.021472392638036814 0.0030674846625766876 0.009202453987730064 0.01226993865030675 0.0245398773006135 0.030674846625766874 0.009202453987730064 0.015337423312883437 0.030674846625766874 0.0030674846625766876 0.021472392638036814 0.030674846625766874 0.009202453987730064 0.015337423312883437 0.0245398773006135 0.01226993865030675 0.0030674846625766876 0.018404907975460127 0.015337423312883437 0.0030674846625766876 0.009202453987730064 0.01226993865030675 0.006134969325153375 0.0245398773006135 0.006134969325153375 0.01226993865030675 0.015337423312883437 0.006134969325153375 0.0245398773006135 0.015337423312883437 0.0030674846625766876 0.009202453987730064 0.0245398773006135 0.015337423312883437 0.0030674846625766876 0.009202453987730064 0.021472392638036814 0.030674846625766874 0.009202453987730064 0.015337423312883437 0.030674846625766874 0.030674846625766874 0.018404907975460127 0.015337423312883437 0.015337423312883437 0.030674846625766874 0.027607361963190188 0.006134969325153375 0.018404907975460127 0.0245398773006135 0.0030674846625766876 0.006134969325153375 0.01226993865030675 0.030674846625766874 0.009202453987730064 0.027607361963190188 0.0 
0.008287292817679558 0.013812154696132596 0.024861878453038673 0.008287292817679558 0.027624309392265192 0.024861878453038673 0.022099447513812154 0.024861878453038673 0.008287292817679558 0.011049723756906077 0.011049723756906077 0.019337016574585635 0.0027624309392265192 0.011049723756906077 0.019337016574585635 0.011049723756906077 0.027624309392265192 0.019337016574585635 0.011049723756906077 0.008287292817679558 0.008287292817679558 0.008287292817679558 0.019337016574585635 0.013812154696132596 0.019337016574585635 0.0027624309392265192 0.013812154696132596 0.027624309392265192 0.008287292817679558 0.0055248618784530384 0.019337016574585635 0.0055248618784530384 0.022099447513812154 0.016574585635359115 0.019337016574585635 0.0055248618784530384 0.019337016574585635 0.019337016574585635 0.019337016574585635 0.019337016574585635 0.008287292817679558 0.016574585635359115 0.008287292817679558 0.008287292817679558 0.011049723756906077 0.008287292817679558 0.027624309392265192 0.011049723756906077 0.024861878453038673 0.016574585635359115 0.013812154696132596 0.016574585635359115 0.0055248618784530384 0.016574585635359115 0.024861878453038673 0.008287292817679558 0.027624309392265192 0.027624309392265192 0.016574585635359115 0.019337016574585635 0.013812154696132596 0.0027624309392265192 0.024861878453038673 0.016574585635359115 0.016574585635359115 0.0 
0.018808777429467082 0.006269592476489026 0.003134796238244513 0.003134796238244513 0.003134796238244513 0.003134796238244513 0.003134796238244513 0.025078369905956105 0.021943573667711595 0.012539184952978052 0.018808777429467082 0.015673981191222566 0.012539184952978052 0.015673981191222566 0.018808777429467082 0.006269592476489026 0.012539184952978052 0.021943573667711595 0.025078369905956105 0.015673981191222566 0.003134796238244513 0.003134796238244513 0.025078369905956105 0.012539184952978052 0.012539184952978052 0.003134796238244513 0.003134796238244513 0.03134796238244513 0.015673981191222566 0.015673981191222566 0.018808777429467082 0.02821316614420062 0.02821316614420062 0.003134796238244513 0.006269592476489026 0.018808777429467082 0.03134796238244513 0.03134796238244513 0.021943573667711595 0.006269592476489026 0.015673981191222566 0.003134796238244513 0.015673981191222566 0.025078369905956105 0.025078369905956105 0.025078369905956105 0.021943573667711595 0.009404388714733541 0.021943573667711595 0.003134796238244513 0.009404388714733541 0.025078369905956105 0.025078369905956105 0.009404388714733541 0.021943573667711595 0.006269592476489026 0.012539184952978052 0.025078369905956105 0.003134796238244513 0.018808777429467082 0.015673981191222566 0.018808777429467082 0.018808777429467082 0.012539184952978052 0.02821316614420062 0.0 
0.002732240437158468 0.005464480874316936 0.01639344262295081 0.01366120218579234 0.005464480874316936 0.01639344262295081 0.002732240437158468 0.019125683060109276 0.02459016393442621 0.02459016393442621 0.019125683060109276 0.010928961748633873 0.01366120218579234 0.01366120218579234 0.010928961748633873 0.019125683060109276 0.01639344262295081 0.02732240437158468 0.02459016393442621 0.005464480874316936 0.010928961748633873 0.02459016393442621 0.005464480874316936 0.01639344262295081 0.02459016393442621 0.002732240437158468 0.010928961748633873 0.021857923497267746 0.005464480874316936 0.021857923497267746 0.02459016393442621 0.002732240437158468 0.021857923497267746 0.01639344262295081 0.02732240437158468 0.02732240437158468 0.019125683060109276 0.02459016393442621 0.021857923497267746 0.01639344262295081 0.02732240437158468 0.005464480874316936 0.002732240437158468 0.002732240437158468 0.01639344262295081 0.019125683060109276 0.010928961748633873 0.019125683060109276 0.005464480874316936 0.021857923497267746 0.021857923497267746 0.002732240437158468 0.021857923497267746 0.019125683060109276 0.002732240437158468 0.01366120218579234 0.008196721311475405 0.021857923497267746 0.01639344262295081 0.008196721311475405 0.02459016393442621 0.01639344262295081 0.019125683060109276 0.019125683060109276 0.01366120218579234 0.0 
0.005617977528089888 0.016853932584269666 0.01404494382022472 0.016853932584269666 0.016853932584269666 0.01966292134831461 0.011235955056179777 0.025280898876404497 0.005617977528089888 0.01404494382022472 0.008426966292134833 0.02808988764044944 0.022471910112359553 0.01404494382022472 0.005617977528089888 0.025280898876404497 0.008426966292134833 0.011235955056179777 0.011235955056179777 0.01404494382022472 0.005617977528089888 0.01966292134831461 0.008426966292134833 0.016853932584269666 0.01404494382022472 0.02808988764044944 0.005617977528089888 0.016853932584269666 0.02808988764044944 0.01404494382022472 0.016853932584269666 0.022471910112359553 0.01404494382022472 0.01404494382022472 0.008426966292134833 0.008426966292134833 0.005617977528089888 0.011235955056179777 0.002808988764044944 0.005617977528089888 0.02808988764044944 0.005617977528089888 0.01966292134831461 0.02808988764044944 0.025280898876404497 0.01966292134831461 0.011235955056179777 0.002808988764044944 0.022471910112359553 0.011235955056179777 0.008426966292134833 0.016853932584269666 0.02808988764044944 0.022471910112359553 0.011235955056179777 0.01404494382022472 0.022471910112359553 0.01966292134831461 0.022471910112359553 0.011235955056179777 0.01966292134831461 0.02808988764044944 0.011235955056179777 0.022471910112359553 0.005617977528089888 0.0 
0.011204481792717087 0.022408963585434174 0.025210084033613446 0.025210084033613446 0.014005602240896359 0.01680672268907563 0.011204481792717087 0.0196078431372549 0.028011204481792718 0.0196078431372549 0.008403361344537815 0.028011204481792718 0.011204481792717087 0.01680672268907563 0.022408963585434174 0.028011204481792718 0.0028011204481792717 0.022408963585434174 0.0056022408963585435 0.008403361344537815 0.01680672268907563 0.0028011204481792717 0.01680672268907563 0.025210084033613446 0.028011204481792718 0.025210084033613446 0.008403361344537815 0.01680672268907563 0.011204481792717087 0.0056022408963585435 0.022408963585434174 0.011204481792717087 0.025210084033613446 0.01680672268907563 0.01680672268907563 0.0056022408963585435 0.028011204481792718 0.022408963585434174 0.008403361344537815 0.0056022408963585435 0.0028011204481792717 0.0056022408963585435 0.0028011204481792717 0.0056022408963585435 0.0056022408963585435 0.0196078431372549 0.025210084033613446 0.025210084033613446 0.011204481792717087 0.008403361344537815 0.0028011204481792717 0.022408963585434174 0.014005602240896359 0.0196078431372549 0.0028011204481792717 0.01680672268907563 0.011204481792717087 0.011204481792717087 0.028011204481792718 0.014005602240896359 0.028011204481792718 0.0028011204481792717 0.0196078431372549 0.01680672268907563 0.011204481792717087 0.0 
0.0029498525073746317 0.0029498525073746317 0.005899705014749263 0.008849557522123895 0.0029498525073746317 0.008849557522123895 0.008849557522123895 0.029498525073746316 0.020648967551622422 0.023598820058997053 0.026548672566371685 0.029498525073746316 0.026548672566371685 0.008849557522123895 0.014749262536873158 0.023598820058997053 0.023598820058997053 0.01769911504424779 0.023598820058997053 0.008849557522123895 0.014749262536873158 0.005899705014749263 0.005899705014749263 0.005899705014749263 0.023598820058997053 0.029498525073746316 0.0029498525073746317 0.029498525073746316 0.0029498525073746317 0.008849557522123895 0.005899705014749263 0.014749262536873158 0.020648967551622422 0.0029498525073746317 0.020648967551622422 0.020648967551622422 0.008849557522123895 0.026548672566371685 0.020648967551622422 0.020648967551622422 0.01769911504424779 0.008849557522123895 0.01769911504424779 0.0029498525073746317 0.011799410029498527 0.029498525073746316 0.029498525073746316 0.023598820058997053 0.0029498525073746317 0.014749262536873158 0.005899705014749263 0.011799410029498527 0.01769911504424779 0.023598820058997053 0.020648967551622422 0.008849557522123895 0.023598820058997053 0.011799410029498527 0.014749262536873158 0.029498525073746316 0.023598820058997053 0.0029498525073746317 0.0029498525073746317 0.005899705014749263 0.026548672566371685 0.0 
0.01234567901234568 0.01851851851851852 0.00308641975308642 0.00617283950617284 0.00617283950617284 0.01234567901234568 0.02469135802469136 0.0308641975308642 0.01234567901234568 0.02469135802469136 0.00308641975308642 0.00925925925925926 0.0154320987654321 0.0154320987654321 0.02160493827160494 0.00308641975308642 0.00617283950617284 0.02469135802469136 0.02160493827160494 0.01851851851851852 0.01851851851851852 0.02469135802469136 0.01234567901234568 0.02160493827160494 0.02777777777777778 0.02777777777777778 0.00925925925925926 0.00617283950617284 0.00308641975308642 0.02777777777777778 0.02469135802469136 0.02469135802469136 0.00308641975308642 0.0154320987654321 0.02777777777777778 0.00308641975308642 0.0154320987654321 0.01851851851851852 0.02469135802469136 0.00925925925925926 0.0154320987654321 0.0308641975308642 0.02469135802469136 0.01851851851851852 0.00308641975308642 0.0154320987654321 0.0308641975308642 0.0154320987654321 0.00308641975308642 0.00925925925925926 0.01851851851851852 0.01851851851851852 0.01234567901234568 0.00308641975308642 0.00308641975308642 0.00617283950617284 0.0308641975308642 0.0308641975308642 0.00925925925925926 0.00617283950617284 0.00308641975308642 0.00617283950617284 0.02160493827160494 0.01234567901234568 0.0154320987654321 0.0 
0.013745704467353957 0.024054982817869424 0.017182130584192448 0.010309278350515467 0.013745704467353957 0.024054982817869424 0.013745704467353957 0.013745704467353957 0.030927835051546403 0.006872852233676978 0.013745704467353957 0.013745704467353957 0.006872852233676978 0.020618556701030934 0.013745704467353957 0.024054982817869424 0.017182130584192448 0.030927835051546403 0.020618556701030934 0.027491408934707914 0.006872852233676978 0.030927835051546403 0.010309278350515467 0.003436426116838489 0.003436426116838489 0.017182130584192448 0.010309278350515467 0.006872852233676978 0.010309278350515467 0.010309278350515467 0.013745704467353957 0.017182130584192448 0.027491408934707914 0.020618556701030934 0.006872852233676978 0.013745704467353957 0.006872852233676978 0.003436426116838489 0.006872852233676978 0.017182130584192448 0.003436426116838489 0.010309278350515467 0.006872852233676978 0.013745704467353957 0.006872852233676978 0.017182130584192448 0.027491408934707914 0.020618556701030934 0.024054982817869424 0.034364261168384896 0.010309278350515467 0.020618556701030934 0.010309278350515467 0.010309278350515467 0.006872852233676978 0.013745704467353957 0.030927835051546403 0.013745704467353957 0.003436426116838489 0.027491408934707914 0.013745704467353957 0.030927835051546403 0.010309278350515467 0.017182130584192448 0.013745704467353957 0.0 
0.005714285714285714 0.02 0.017142857142857144 0.025714285714285714 0.014285714285714285 0.011428571428571429 0.02 0.017142857142857144 0.011428571428571429 0.022857142857142857 0.025714285714285714 0.025714285714285714 0.011428571428571429 0.022857142857142857 0.025714285714285714 0.017142857142857144 0.022857142857142857 0.008571428571428572 0.022857142857142857 0.025714285714285714 0.002857142857142857 0.022857142857142857 0.014285714285714285 0.025714285714285714 0.014285714285714285 0.014285714285714285 0.002857142857142857 0.014285714285714285 0.025714285714285714 0.002857142857142857 0.002857142857142857 0.014285714285714285 0.022857142857142857 0.011428571428571429 0.022857142857142857 0.022857142857142857 0.008571428571428572 0.008571428571428572 0.005714285714285714 0.022857142857142857 0.002857142857142857 0.022857142857142857 0.017142857142857144 0.02857142857142857 0.022857142857142857 0.005714285714285714 0.005714285714285714 0.008571428571428572 0.014285714285714285 0.005714285714285714 0.014285714285714285 0.017142857142857144 0.025714285714285714 0.008571428571428572 0.005714285714285714 0.02 0.011428571428571429 0.002857142857142857 0.011428571428571429 0.02857142857142857 0.017142857142857144 0.005714285714285714 0.011428571428571429 0.022857142857142857 0.005714285714285714 0.0 
0.006514657980456025 0.0260586319218241 0.032573289902280124 0.016286644951140062 0.009771986970684036 0.0032573289902280123 0.01302931596091205 0.009771986970684036 0.016286644951140062 0.0032573289902280123 0.0032573289902280123 0.032573289902280124 0.01302931596091205 0.02931596091205211 0.01302931596091205 0.0032573289902280123 0.016286644951140062 0.016286644951140062 0.0032573289902280123 0.009771986970684036 0.019543973941368073 0.019543973941368073 0.02931596091205211 0.009771986970684036 0.0260586319218241 0.01302931596091205 0.022801302931596087 0.006514657980456025 0.0032573289902280123 0.009771986970684036 0.009771986970684036 0.019543973941368073 0.019543973941368073 0.006514657980456025 0.009771986970684036 0.02931596091205211 0.0260586319218241 0.01302931596091205 0.0260586319218241 0.01302931596091205 0.006514657980456025 0.0032573289902280123 0.006514657980456025 0.0032573289902280123 0.02931596091205211 0.02931596091205211 0.019543973941368073 0.01302931596091205 0.01302931596091205 0.006514657980456025 0.0032573289902280123 0.022801302931596087 0.006514657980456025 0.022801302931596087 0.032573289902280124 0.019543973941368073 0.0260586319218241 0.0032573289902280123 0.006514657980456025 0.016286644951140062 0.032573289902280124 0.019543973941368073 0.006514657980456025 0.022801302931596087 0.019543973941368073 0.0 
0.014285714285714287 0.014285714285714287 0.014285714285714287 0.02285714285714286 0.008571428571428574 0.008571428571428574 0.020000000000000004 0.017142857142857147 0.01142857142857143 0.0028571428571428576 0.025714285714285717 0.025714285714285717 0.005714285714285715 0.025714285714285717 0.02285714285714286 0.017142857142857147 0.02285714285714286 0.028571428571428574 0.014285714285714287 0.0028571428571428576 0.02285714285714286 0.008571428571428574 0.01142857142857143 0.028571428571428574 0.017142857142857147 0.014285714285714287 0.0028571428571428576 0.014285714285714287 0.017142857142857147 0.025714285714285717 0.005714285714285715 0.014285714285714287 0.025714285714285717 0.0028571428571428576 0.005714285714285715 0.005714285714285715 0.025714285714285717 0.028571428571428574 0.014285714285714287 0.028571428571428574 0.0028571428571428576 0.01142857142857143 0.0028571428571428576 0.02285714285714286 0.0028571428571428576 0.025714285714285717 0.005714285714285715 0.008571428571428574 0.025714285714285717 0.017142857142857147 0.025714285714285717 0.008571428571428574 0.005714285714285715 0.01142857142857143 0.017142857142857147 0.0028571428571428576 0.008571428571428574 0.017142857142857147 0.025714285714285717 0.020000000000000004 0.008571428571428574 0.02285714285714286 0.02285714285714286 0.005714285714285715 0.025714285714285717 0.0 
0.014124293785310736 0.028248587570621472 0.01129943502824859 0.01129943502824859 0.008474576271186442 0.028248587570621472 0.0028248587570621473 0.014124293785310736 0.019774011299435033 0.014124293785310736 0.01129943502824859 0.008474576271186442 0.01129943502824859 0.005649717514124295 0.005649717514124295 0.008474576271186442 0.02259887005649718 0.008474576271186442 0.02259887005649718 0.0028248587570621473 0.005649717514124295 0.025423728813559327 0.0028248587570621473 0.016949152542372885 0.008474576271186442 0.025423728813559327 0.0028248587570621473 0.014124293785310736 0.0028248587570621473 0.01129943502824859 0.025423728813559327 0.005649717514124295 0.019774011299435033 0.014124293785310736 0.019774011299435033 0.028248587570621472 0.019774011299435033 0.014124293785310736 0.02259887005649718 0.008474576271186442 0.028248587570621472 0.025423728813559327 0.0028248587570621473 0.025423728813559327 0.019774011299435033 0.008474576271186442 0.019774011299435033 0.028248587570621472 0.016949152542372885 0.01129943502824859 0.02259887005649718 0.025423728813559327 0.01129943502824859 0.025423728813559327 0.025423728813559327 0.028248587570621472 0.028248587570621472 0.014124293785310736 0.014124293785310736 0.005649717514124295 0.0028248587570621473 0.02259887005649718 0.019774011299435033 0.008474576271186442 0.005649717514124295 0.0 
0.002762430939226519 0.01933701657458563 0.005524861878453038 0.01933701657458563 0.02209944751381215 0.005524861878453038 0.016574585635359112 0.008287292817679556 0.002762430939226519 0.008287292817679556 0.01933701657458563 0.01933701657458563 0.011049723756906075 0.016574585635359112 0.013812154696132593 0.02209944751381215 0.011049723756906075 0.008287292817679556 0.01933701657458563 0.027624309392265185 0.005524861878453038 0.016574585635359112 0.005524861878453038 0.027624309392265185 0.011049723756906075 0.005524861878453038 0.002762430939226519 0.02209944751381215 0.011049723756906075 0.027624309392265185 0.01933701657458563 0.013812154696132593 0.013812154696132593 0.011049723756906075 0.016574585635359112 0.013812154696132593 0.013812154696132593 0.027624309392265185 0.002762430939226519 0.002762430939226519 0.027624309392265185 0.016574585635359112 0.002762430939226519 0.01933701657458563 0.011049723756906075 0.024861878453038666 0.027624309392265185 0.01933701657458563 0.008287292817679556 0.005524861878453038 0.02209944751381215 0.02209944751381215 0.01933701657458563 0.02209944751381215 0.016574585635359112 0.027624309392265185 0.024861878453038666 0.024861878453038666 0.005524861878453038 0.013812154696132593 0.01933701657458563 0.013812154696132593 0.008287292817679556 0.02209944751381215 0.024861878453038666 0.0 
0.015037593984962405 0.020050125313283207 0.02506265664160401 0.02506265664160401 0.017543859649122806 0.02506265664160401 0.02506265664160401 0.010025062656641603 0.02506265664160401 0.010025062656641603 0.020050125313283207 0.007518796992481203 0.022556390977443608 0.005012531328320802 0.010025062656641603 0.007518796992481203 0.005012531328320802 0.020050125313283207 0.022556390977443608 0.020050125313283207 0.015037593984962405 0.020050125313283207 0.020050125313283207 0.005012531328320802 0.015037593984962405 0.017543859649122806 0.015037593984962405 0.022556390977443608 0.022556390977443608 0.005012531328320802 0.015037593984962405 0.007518796992481203 0.02506265664160401 0.015037593984962405 0.005012531328320802 0.022556390977443608 0.005012531328320802 0.020050125313283207 0.022556390977443608 0.015037593984962405 0.002506265664160401 0.005012531328320802 0.02506265664160401 0.015037593984962405 0.005012531328320802 0.012531328320802004 0.02506265664160401 0.022556390977443608 0.007518796992481203 0.022556390977443608 0.010025062656641603 0.010025062656641603 0.020050125313283207 0.012531328320802004 0.022556390977443608 0.010025062656641603 0.010025062656641603 0.005012531328320802 0.020050125313283207 0.015037593984962405 0.015037593984962405 0.020050125313283207 0.020050125313283207 0.010025062656641603 0.007518796992481203 0.0 
0.005319148936170215 0.007978723404255322 0.026595744680851074 0.015957446808510644 0.023936170212765968 0.023936170212765968 0.023936170212765968 0.007978723404255322 0.007978723404255322 0.023936170212765968 0.013297872340425537 0.005319148936170215 0.005319148936170215 0.0026595744680851076 0.007978723404255322 0.005319148936170215 0.02127659574468086 0.0026595744680851076 0.007978723404255322 0.026595744680851074 0.01063829787234043 0.013297872340425537 0.026595744680851074 0.01063829787234043 0.0026595744680851076 0.0026595744680851076 0.01861702127659575 0.013297872340425537 0.01063829787234043 0.01063829787234043 0.005319148936170215 0.0026595744680851076 0.02127659574468086 0.023936170212765968 0.01861702127659575 0.007978723404255322 0.023936170212765968 0.023936170212765968 0.026595744680851074 0.01861702127659575 0.013297872340425537 0.005319148936170215 0.023936170212765968 0.015957446808510644 0.013297872340425537 0.01063829787234043 0.015957446808510644 0.02127659574468086 0.01861702127659575 0.01861702127659575 0.026595744680851074 0.01063829787234043 0.01063829787234043 0.007978723404255322 0.02127659574468086 0.01063829787234043 0.026595744680851074 0.026595744680851074 0.015957446808510644 0.026595744680851074 0.023936170212765968 0.01063829787234043 0.023936170212765968 0.015957446808510644 0.026595744680851074 0.0 
0.0030581039755351687 0.02446483180428135 0.0030581039755351687 0.006116207951070337 0.02140672782874618 0.02140672782874618 0.015290519877675842 0.018348623853211014 0.02446483180428135 0.02140672782874618 0.0030581039755351687 0.006116207951070337 0.02140672782874618 0.02140672782874618 0.015290519877675842 0.009174311926605507 0.009174311926605507 0.015290519877675842 0.015290519877675842 0.012232415902140675 0.006116207951070337 0.0030581039755351687 0.02140672782874618 0.02140672782874618 0.0030581039755351687 0.030581039755351685 0.02752293577981652 0.030581039755351685 0.018348623853211014 0.009174311926605507 0.030581039755351685 0.02752293577981652 0.015290519877675842 0.015290519877675842 0.0030581039755351687 0.009174311926605507 0.018348623853211014 0.02446483180428135 0.02446483180428135 0.006116207951070337 0.012232415902140675 0.009174311926605507 0.0030581039755351687 0.012232415902140675 0.009174311926605507 0.009174311926605507 0.009174311926605507 0.012232415902140675 0.018348623853211014 0.006116207951070337 0.02446483180428135 0.018348623853211014 0.012232415902140675 0.030581039755351685 0.012232415902140675 0.0030581039755351687 0.02140672782874618 0.012232415902140675 0.02140672782874618 0.030581039755351685 0.018348623853211014 0.006116207951070337 0.030581039755351685 0.012232415902140675 0.012232415902140675 0.0 
0.025641025641025644 0.020512820512820516 0.02307692307692308 0.012820512820512822 0.020512820512820516 0.02307692307692308 0.025641025641025644 0.012820512820512822 0.005128205128205129 0.015384615384615387 0.0025641025641025645 0.010256410256410258 0.01794871794871795 0.010256410256410258 0.0025641025641025645 0.010256410256410258 0.01794871794871795 0.025641025641025644 0.015384615384615387 0.005128205128205129 0.020512820512820516 0.010256410256410258 0.012820512820512822 0.020512820512820516 0.0025641025641025645 0.010256410256410258 0.015384615384615387 0.01794871794871795 0.01794871794871795 0.020512820512820516 0.012820512820512822 0.020512820512820516 0.007692307692307694 0.0025641025641025645 0.005128205128205129 0.01794871794871795 0.015384615384615387 0.025641025641025644 0.012820512820512822 0.02307692307692308 0.020512820512820516 0.02307692307692308 0.01794871794871795 0.005128205128205129 0.012820512820512822 0.02307692307692308 0.015384615384615387 0.005128205128205129 0.01794871794871795 0.007692307692307694 0.020512820512820516 0.015384615384615387 0.020512820512820516 0.025641025641025644 0.01794871794871795 0.01794871794871795 0.010256410256410258 0.025641025641025644 0.025641025641025644 0.010256410256410258 0.012820512820512822 0.012820512820512822 0.005128205128205129 0.010256410256410258 0.025641025641025644 0.0 
0.017142857142857147 0.005714285714285715 0.028571428571428574 0.02285714285714286 0.017142857142857147 0.014285714285714287 0.008571428571428574 0.0028571428571428576 0.025714285714285717 0.02285714285714286 0.005714285714285715 0.005714285714285715 0.005714285714285715 0.028571428571428574 0.02285714285714286 0.014285714285714287 0.025714285714285717 0.020000000000000004 0.005714285714285715 0.008571428571428574 0.025714285714285717 0.014285714285714287 0.02285714285714286 0.028571428571428574 0.025714285714285717 0.025714285714285717 0.01142857142857143 0.008571428571428574 0.017142857142857147 0.020000000000000004 0.014285714285714287 0.017142857142857147 0.02285714285714286 0.028571428571428574 0.0028571428571428576 0.01142857142857143 0.017142857142857147 0.017142857142857147 0.02285714285714286 0.025714285714285717 0.0028571428571428576 0.008571428571428574 0.020000000000000004 0.017142857142857147 0.005714285714285715 0.017142857142857147 0.005714285714285715 0.028571428571428574 0.008571428571428574 0.01142857142857143 0.0028571428571428576 0.01142857142857143 0.0028571428571428576 0.005714285714285715 0.008571428571428574 0.008571428571428574 0.01142857142857143 0.014285714285714287 0.017142857142857147 0.025714285714285717 0.017142857142857147 0.005714285714285715 0.020000000000000004 0.005714285714285715 0.028571428571428574 0.0 
0.018716577540106954 0.005347593582887701 0.016042780748663107 0.018716577540106954 0.008021390374331553 0.008021390374331553 0.026737967914438505 0.008021390374331553 0.024064171122994655 0.018716577540106954 0.010695187165775402 0.013368983957219253 0.005347593582887701 0.018716577540106954 0.018716577540106954 0.024064171122994655 0.024064171122994655 0.024064171122994655 0.016042780748663107 0.008021390374331553 0.008021390374331553 0.016042780748663107 0.026737967914438505 0.016042780748663107 0.013368983957219253 0.005347593582887701 0.005347593582887701 0.024064171122994655 0.024064171122994655 0.010695187165775402 0.0026737967914438505 0.026737967914438505 0.008021390374331553 0.026737967914438505 0.010695187165775402 0.018716577540106954 0.013368983957219253 0.021390374331550804 0.016042780748663107 0.016042780748663107 0.010695187165775402 0.024064171122994655 0.021390374331550804 0.005347593582887701 0.021390374331550804 0.016042780748663107 0.013368983957219253 0.0026737967914438505 0.016042780748663107 0.021390374331550804 0.024064171122994655 0.005347593582887701 0.018716577540106954 0.018716577540106954 0.026737967914438505 0.0026737967914438505 0.008021390374331553 0.024064171122994655 0.018716577540106954 0.018716577540106954 0.010695187165775402 0.013368983957219253 0.013368983957219253 0.013368983957219253 0.005347593582887701 0.0 
0.013774104683195586 0.011019283746556469 0.024793388429752056 0.02754820936639117 0.008264462809917352 0.0055096418732782345 0.022038567493112938 0.024793388429752056 0.011019283746556469 0.011019283746556469 0.02754820936639117 0.0027548209366391172 0.022038567493112938 0.022038567493112938 0.016528925619834704 0.011019283746556469 0.022038567493112938 0.024793388429752056 0.016528925619834704 0.016528925619834704 0.0055096418732782345 0.022038567493112938 0.019283746556473823 0.0055096418732782345 0.024793388429752056 0.0055096418732782345 0.008264462809917352 0.0027548209366391172 0.008264462809917352 0.013774104683195586 0.013774104683195586 0.024793388429752056 0.013774104683195586 0.022038567493112938 0.016528925619834704 0.008264462809917352 0.011019283746556469 0.0027548209366391172 0.022038567493112938 0.02754820936639117 0.019283746556473823 0.02754820936639117 0.024793388429752056 0.0055096418732782345 0.022038567493112938 0.019283746556473823 0.024793388429752056 0.013774104683195586 0.011019283746556469 0.016528925619834704 0.008264462809917352 0.0027548209366391172 0.0055096418732782345 0.013774104683195586 0.0027548209366391172 0.016528925619834704 0.024793388429752056 0.011019283746556469 0.02754820936639117 0.0055096418732782345 0.016528925619834704 0.02754820936639117 0.0027548209366391172 0.024793388429752056 0.0055096418732782345 0.0 
0.01799485861182519 0.025706940874035984 0.020565552699228787 0.005141388174807197 0.012853470437017992 0.025706940874035984 0.023136246786632387 0.01799485861182519 0.020565552699228787 0.01542416452442159 0.020565552699228787 0.023136246786632387 0.01542416452442159 0.005141388174807197 0.012853470437017992 0.020565552699228787 0.023136246786632387 0.020565552699228787 0.020565552699228787 0.025706940874035984 0.025706940874035984 0.0025706940874035984 0.01799485861182519 0.010282776349614393 0.020565552699228787 0.007712082262210795 0.01799485861182519 0.010282776349614393 0.01542416452442159 0.023136246786632387 0.025706940874035984 0.01542416452442159 0.0025706940874035984 0.01799485861182519 0.025706940874035984 0.005141388174807197 0.012853470437017992 0.020565552699228787 0.01542416452442159 0.007712082262210795 0.01799485861182519 0.012853470437017992 0.020565552699228787 0.010282776349614393 0.01799485861182519 0.020565552699228787 0.0025706940874035984 0.01799485861182519 0.012853470437017992 0.007712082262210795 0.010282776349614393 0.007712082262210795 0.0025706940874035984 0.025706940874035984 0.01542416452442159 0.023136246786632387 0.005141388174807197 0.0025706940874035984 0.025706940874035984 0.01542416452442159 0.025706940874035984 0.007712082262210795 0.005141388174807197 0.010282776349614393 0.0025706940874035984 0.0 
0.020408163265306124 0.002915451895043732 0.023323615160349857 0.02915451895043732 0.011661807580174929 0.02623906705539359 0.01457725947521866 0.01457725947521866 0.017492711370262395 0.005830903790087464 0.020408163265306124 0.02623906705539359 0.020408163265306124 0.005830903790087464 0.01457725947521866 0.01457725947521866 0.02915451895043732 0.02623906705539359 0.020408163265306124 0.008746355685131197 0.011661807580174929 0.02623906705539359 0.002915451895043732 0.017492711370262395 0.02623906705539359 0.023323615160349857 0.017492711370262395 0.020408163265306124 0.017492711370262395 0.023323615160349857 0.01457725947521866 0.008746355685131197 0.020408163265306124 0.020408163265306124 0.02623906705539359 0.005830903790087464 0.002915451895043732 0.017492711370262395 0.002915451895043732 0.005830903790087464 0.01457725947521866 0.005830903790087464 0.02915451895043732 0.002915451895043732 0.011661807580174929 0.02915451895043732 0.011661807580174929 0.002915451895043732 0.02623906705539359 0.008746355685131197 0.017492711370262395 0.01457725947521866 0.008746355685131197 0.01457725947521866 0.008746355685131197 0.002915451895043732 0.005830903790087464 0.017492711370262395 0.017492711370262395 0.02623906705539359 0.002915451895043732 0.002915451895043732 0.017492711370262395 0.023323615160349857 0.011661807580174929 0.0 
0.02023121387283236 0.002890173410404623 0.008670520231213869 0.002890173410404623 0.017341040462427737 0.005780346820809246 0.023121387283236983 0.011560693641618491 0.008670520231213869 0.011560693641618491 0.008670520231213869 0.011560693641618491 0.023121387283236983 0.023121387283236983 0.005780346820809246 0.014450867052023114 0.02023121387283236 0.023121387283236983 0.002890173410404623 0.002890173410404623 0.02023121387283236 0.014450867052023114 0.014450867052023114 0.017341040462427737 0.005780346820809246 0.008670520231213869 0.02023121387283236 0.02601156069364161 0.008670520231213869 0.02890173410404623 0.02890173410404623 0.017341040462427737 0.017341040462427737 0.02601156069364161 0.017341040462427737 0.02890173410404623 0.005780346820809246 0.02890173410404623 0.014450867052023114 0.02023121387283236 0.02890173410404623 0.02601156069364161 0.002890173410404623 0.017341040462427737 0.02023121387283236 0.002890173410404623 0.02023121387283236 0.002890173410404623 0.02023121387283236 0.023121387283236983 0.005780346820809246 0.005780346820809246 0.017341040462427737 0.002890173410404623 0.02023121387283236 0.014450867052023114 0.014450867052023114 0.014450867052023114 0.023121387283236983 0.008670520231213869 0.005780346820809246 0.014450867052023114 0.02890173410404623 0.02601156069364161 0.014450867052023114 0.0 
0.013123359580052493 0.02099737532808399 0.0026246719160104987 0.02099737532808399 0.023622047244094488 0.026246719160104987 0.026246719160104987 0.015748031496062992 0.007874015748031496 0.01837270341207349 0.026246719160104987 0.015748031496062992 0.01837270341207349 0.015748031496062992 0.010498687664041995 0.010498687664041995 0.0026246719160104987 0.010498687664041995 0.013123359580052493 0.005249343832020997 0.0026246719160104987 0.026246719160104987 0.026246719160104987 0.010498687664041995 0.026246719160104987 0.010498687664041995 0.013123359580052493 0.01837270341207349 0.015748031496062992 0.02099737532808399 0.005249343832020997 0.015748031496062992 0.02099737532808399 0.01837270341207349 0.01837270341207349 0.01837270341207349 0.005249343832020997 0.023622047244094488 0.013123359580052493 0.007874015748031496 0.0026246719160104987 0.007874015748031496 0.023622047244094488 0.010498687664041995 0.02099737532808399 0.007874015748031496 0.005249343832020997 0.013123359580052493 0.013123359580052493 0.013123359580052493 0.007874015748031496 0.013123359580052493 0.023622047244094488 0.02099737532808399 0.026246719160104987 0.023622047244094488 0.026246719160104987 0.015748031496062992 0.026246719160104987 0.005249343832020997 0.023622047244094488 0.023622047244094488 0.01837270341207349 0.0026246719160104987 0.0026246719160104987 0.0 
0.008670520231213869 0.011560693641618491 0.008670520231213869 0.005780346820809246 0.02890173410404623 0.017341040462427737 0.02023121387283236 0.005780346820809246 0.02601156069364161 0.023121387283236983 0.023121387283236983 0.011560693641618491 0.014450867052023114 0.02890173410404623 0.02023121387283236 0.02890173410404623 0.02023121387283236 0.014450867052023114 0.005780346820809246 0.008670520231213869 0.002890173410404623 0.002890173410404623 0.023121387283236983 0.02023121387283236 0.008670520231213869 0.02890173410404623 0.02601156069364161 0.02601156069364161 0.008670520231213869 0.005780346820809246 0.008670520231213869 0.023121387283236983 0.02023121387283236 0.02023121387283236 0.008670520231213869 0.005780346820809246 0.017341040462427737 0.02023121387283236 0.02890173410404623 0.02890173410404623 0.011560693641618491 0.02890173410404623 0.014450867052023114 0.008670520231213869 0.005780346820809246 0.02023121387283236 0.002890173410404623 0.008670520231213869 0.02023121387283236 0.011560693641618491 0.023121387283236983 0.017341040462427737 0.008670520231213869 0.02023121387283236 0.02023121387283236 0.005780346820809246 0.02890173410404623 0.002890173410404623 0.005780346820809246 0.011560693641618491 0.011560693641618491 0.005780346820809246 0.011560693641618491 0.014450867052023114 0.011560693641618491 0.0 
0.026954177897574115 0.026954177897574115 0.01617250673854447 0.01886792452830188 0.0242587601078167 0.026954177897574115 0.01617250673854447 0.01617250673854447 0.0242587601078167 0.013477088948787058 0.01617250673854447 0.0026954177897574112 0.010781671159029645 0.0053908355795148225 0.01886792452830188 0.0242587601078167 0.01886792452830188 0.010781671159029645 0.013477088948787058 0.01617250673854447 0.0242587601078167 0.008086253369272234 0.026954177897574115 0.010781671159029645 0.008086253369272234 0.026954177897574115 0.0053908355795148225 0.0053908355795148225 0.0242587601078167 0.01886792452830188 0.010781671159029645 0.008086253369272234 0.008086253369272234 0.013477088948787058 0.02156334231805929 0.008086253369272234 0.013477088948787058 0.013477088948787058 0.026954177897574115 0.0053908355795148225 0.01617250673854447 0.010781671159029645 0.02156334231805929 0.013477088948787058 0.008086253369272234 0.0026954177897574112 0.026954177897574115 0.008086253369272234 0.008086253369272234 0.026954177897574115 0.01886792452830188 0.0242587601078167 0.026954177897574115 0.0053908355795148225 0.0053908355795148225 0.0053908355795148225 0.0026954177897574112 0.0053908355795148225 0.02156334231805929 0.0026954177897574112 0.01886792452830188 0.01617250673854447 0.026954177897574115 0.0242587601078167 0.01617250673854447 0.0 
0.019073569482288825 0.024523160762942774 0.00544959128065395 0.013623978201634874 0.016348773841961848 0.027247956403269748 0.002724795640326975 0.016348773841961848 0.019073569482288825 0.027247956403269748 0.00544959128065395 0.00544959128065395 0.0108991825613079 0.00544959128065395 0.019073569482288825 0.002724795640326975 0.0217983651226158 0.019073569482288825 0.013623978201634874 0.027247956403269748 0.008174386920980924 0.0108991825613079 0.019073569482288825 0.019073569482288825 0.008174386920980924 0.00544959128065395 0.0217983651226158 0.024523160762942774 0.024523160762942774 0.013623978201634874 0.008174386920980924 0.027247956403269748 0.024523160762942774 0.002724795640326975 0.0108991825613079 0.002724795640326975 0.016348773841961848 0.0217983651226158 0.0217983651226158 0.013623978201634874 0.024523160762942774 0.008174386920980924 0.027247956403269748 0.016348773841961848 0.00544959128065395 0.0217983651226158 0.0217983651226158 0.00544959128065395 0.016348773841961848 0.002724795640326975 0.0217983651226158 0.024523160762942774 0.013623978201634874 0.016348773841961848 0.008174386920980924 0.002724795640326975 0.024523160762942774 0.019073569482288825 0.016348773841961848 0.0108991825613079 0.024523160762942774 0.027247956403269748 0.002724795640326975 0.0217983651226158 0.008174386920980924 0.0 
0.025714285714285714 0.022857142857142857 0.02 0.002857142857142857 0.017142857142857144 0.008571428571428572 0.02 0.025714285714285714 0.014285714285714285 0.002857142857142857 0.011428571428571429 0.014285714285714285 0.005714285714285714 0.025714285714285714 0.008571428571428572 0.025714285714285714 0.02857142857142857 0.025714285714285714 0.022857142857142857 0.02857142857142857 0.011428571428571429 0.02 0.011428571428571429 0.022857142857142857 0.022857142857142857 0.008571428571428572 0.022857142857142857 0.025714285714285714 0.014285714285714285 0.011428571428571429 0.002857142857142857 0.008571428571428572 0.017142857142857144 0.014285714285714285 0.008571428571428572 0.022857142857142857 0.011428571428571429 0.022857142857142857 0.011428571428571429 0.005714285714285714 0.014285714285714285 0.017142857142857144 0.011428571428571429 0.008571428571428572 0.005714285714285714 0.011428571428571429 0.014285714285714285 0.014285714285714285 0.02 0.02857142857142857 0.02857142857142857 0.011428571428571429 0.022857142857142857 0.014285714285714285 0.002857142857142857 0.002857142857142857 0.002857142857142857 0.002857142857142857 0.014285714285714285 0.017142857142857144 0.017142857142857144 0.02857142857142857 0.008571428571428572 0.002857142857142857 0.022857142857142857 0.0 
0.005633802816901413 0.028169014084507064 0.028169014084507064 0.0028169014084507065 0.022535211267605652 0.019718309859154945 0.022535211267605652 0.028169014084507064 0.0028169014084507065 0.028169014084507064 0.014084507042253532 0.02535211267605636 0.016901408450704238 0.008450704225352119 0.016901408450704238 0.014084507042253532 0.005633802816901413 0.0028169014084507065 0.008450704225352119 0.016901408450704238 0.014084507042253532 0.008450704225352119 0.022535211267605652 0.011267605633802826 0.016901408450704238 0.019718309859154945 0.014084507042253532 0.028169014084507064 0.02535211267605636 0.0028169014084507065 0.0028169014084507065 0.008450704225352119 0.019718309859154945 0.005633802816901413 0.016901408450704238 0.028169014084507064 0.016901408450704238 0.008450704225352119 0.011267605633802826 0.011267605633802826 0.011267605633802826 0.02535211267605636 0.016901408450704238 0.028169014084507064 0.016901408450704238 0.005633802816901413 0.02535211267605636 0.022535211267605652 0.022535211267605652 0.005633802816901413 0.028169014084507064 0.0028169014084507065 0.028169014084507064 0.014084507042253532 0.019718309859154945 0.0028169014084507065 0.011267605633802826 0.011267605633802826 0.014084507042253532 0.005633802816901413 0.0028169014084507065 0.014084507042253532 0.019718309859154945 0.02535211267605636 0.008450704225352119 0.0 
0.006410256410256412 0.00961538461538462 0.006410256410256412 0.003205128205128206 0.006410256410256412 0.022435897435897443 0.01602564102564103 0.01602564102564103 0.01923076923076924 0.03205128205128206 0.012820512820512824 0.022435897435897443 0.003205128205128206 0.00961538461538462 0.003205128205128206 0.025641025641025647 0.025641025641025647 0.006410256410256412 0.01602564102564103 0.03205128205128206 0.028846153846153858 0.003205128205128206 0.012820512820512824 0.01602564102564103 0.022435897435897443 0.006410256410256412 0.012820512820512824 0.012820512820512824 0.00961538461538462 0.01602564102564103 0.01602564102564103 0.01602564102564103 0.03205128205128206 0.01923076923076924 0.028846153846153858 0.012820512820512824 0.022435897435897443 0.01923076923076924 0.012820512820512824 0.012820512820512824 0.025641025641025647 0.003205128205128206 0.03205128205128206 0.025641025641025647 0.01602564102564103 0.003205128205128206 0.01923076923076924 0.012820512820512824 0.022435897435897443 0.025641025641025647 0.003205128205128206 0.012820512820512824 0.00961538461538462 0.003205128205128206 0.025641025641025647 0.003205128205128206 0.025641025641025647 0.00961538461538462 0.003205128205128206 0.00961538461538462 0.022435897435897443 0.003205128205128206 0.028846153846153858 0.012820512820512824 0.012820512820512824 0.0 
0.021276595744680868 0.021276595744680868 0.021276595744680868 0.015197568389057763 0.009118541033434657 0.018237082066869314 0.015197568389057763 0.009118541033434657 0.0030395136778115523 0.030395136778115527 0.006079027355623105 0.018237082066869314 0.030395136778115527 0.018237082066869314 0.027355623100303973 0.015197568389057763 0.030395136778115527 0.0030395136778115523 0.021276595744680868 0.006079027355623105 0.006079027355623105 0.01215805471124621 0.0030395136778115523 0.01215805471124621 0.006079027355623105 0.01215805471124621 0.006079027355623105 0.015197568389057763 0.02431610942249242 0.021276595744680868 0.015197568389057763 0.018237082066869314 0.021276595744680868 0.0030395136778115523 0.015197568389057763 0.030395136778115527 0.01215805471124621 0.02431610942249242 0.0030395136778115523 0.0030395136778115523 0.027355623100303973 0.01215805471124621 0.021276595744680868 0.018237082066869314 0.02431610942249242 0.01215805471124621 0.009118541033434657 0.027355623100303973 0.006079027355623105 0.01215805471124621 0.027355623100303973 0.01215805471124621 0.018237082066869314 0.006079027355623105 0.009118541033434657 0.021276595744680868 0.01215805471124621 0.009118541033434657 0.018237082066869314 0.01215805471124621 0.018237082066869314 0.006079027355623105 0.030395136778115527 0.006079027355623105 0.018237082066869314 0.0 
0.024999999999999994 0.022499999999999996 0.024999999999999994 0.009999999999999998 0.007499999999999998 0.007499999999999998 0.012499999999999997 0.019999999999999997 0.022499999999999996 0.022499999999999996 0.014999999999999996 0.014999999999999996 0.009999999999999998 0.019999999999999997 0.017499999999999998 0.0024999999999999996 0.022499999999999996 0.014999999999999996 0.014999999999999996 0.009999999999999998 0.022499999999999996 0.024999999999999994 0.024999999999999994 0.019999999999999997 0.012499999999999997 0.019999999999999997 0.004999999999999999 0.009999999999999998 0.014999999999999996 0.022499999999999996 0.024999999999999994 0.014999999999999996 0.022499999999999996 0.019999999999999997 0.009999999999999998 0.014999999999999996 0.024999999999999994 0.017499999999999998 0.014999999999999996 0.009999999999999998 0.007499999999999998 0.009999999999999998 0.024999999999999994 0.004999999999999999 0.017499999999999998 0.024999999999999994 0.009999999999999998 0.019999999999999997 0.019999999999999997 0.014999999999999996 0.007499999999999998 0.004999999999999999 0.019999999999999997 0.014999999999999996 0.0024999999999999996 0.009999999999999998 0.019999999999999997 0.004999999999999999 0.0024999999999999996 0.022499999999999996 0.004999999999999999 0.019999999999999997 0.019999999999999997 0.017499999999999998 0.0024999999999999996 0.0 
0.015748031496062995 0.015748031496062995 0.018372703412073494 0.015748031496062995 0.010498687664041996 0.010498687664041996 0.02362204724409449 0.010498687664041996 0.02624671916010499 0.010498687664041996 0.010498687664041996 0.018372703412073494 0.013123359580052495 0.007874015748031498 0.015748031496062995 0.005249343832020998 0.02362204724409449 0.02624671916010499 0.02362204724409449 0.015748031496062995 0.02362204724409449 0.010498687664041996 0.002624671916010499 0.018372703412073494 0.010498687664041996 0.005249343832020998 0.020997375328083993 0.02362204724409449 0.010498687664041996 0.020997375328083993 0.018372703412073494 0.020997375328083993 0.02624671916010499 0.018372703412073494 0.02624671916010499 0.018372703412073494 0.020997375328083993 0.02362204724409449 0.015748031496062995 0.018372703412073494 0.010498687664041996 0.020997375328083993 0.007874015748031498 0.020997375328083993 0.02362204724409449 0.007874015748031498 0.010498687664041996 0.005249343832020998 0.02362204724409449 0.005249343832020998 0.002624671916010499 0.002624671916010499 0.015748031496062995 0.005249343832020998 0.015748031496062995 0.002624671916010499 0.010498687664041996 0.02362204724409449 0.002624671916010499 0.02362204724409449 0.02624671916010499 0.013123359580052495 0.018372703412073494 0.02624671916010499 0.002624671916010499 0.0 
0.005649717514124293 0.02259887005649717 0.008474576271186439 0.019774011299435026 0.011299435028248586 0.014124293785310731 0.014124293785310731 0.016949152542372878 0.0028248587570621464 0.0028248587570621464 0.025423728813559317 0.019774011299435026 0.019774011299435026 0.014124293785310731 0.025423728813559317 0.028248587570621462 0.0028248587570621464 0.02259887005649717 0.016949152542372878 0.019774011299435026 0.011299435028248586 0.028248587570621462 0.0028248587570621464 0.014124293785310731 0.008474576271186439 0.005649717514124293 0.02259887005649717 0.005649717514124293 0.0028248587570621464 0.008474576271186439 0.02259887005649717 0.025423728813559317 0.025423728813559317 0.0028248587570621464 0.019774011299435026 0.016949152542372878 0.014124293785310731 0.02259887005649717 0.014124293785310731 0.0028248587570621464 0.019774011299435026 0.014124293785310731 0.019774011299435026 0.014124293785310731 0.0028248587570621464 0.008474576271186439 0.025423728813559317 0.02259887005649717 0.025423728813559317 0.019774011299435026 0.014124293785310731 0.014124293785310731 0.028248587570621462 0.025423728813559317 0.014124293785310731 0.016949152542372878 0.011299435028248586 0.014124293785310731 0.008474576271186439 0.008474576271186439 0.02259887005649717 0.028248587570621462 0.016949152542372878 0.008474576271186439 0.005649717514124293 0.0 
0.01466275659824048 0.01466275659824048 0.005865102639296192 0.026392961876832863 0.02932551319648096 0.008797653958944288 0.017595307917888575 0.026392961876832863 0.008797653958944288 0.02932551319648096 0.01466275659824048 0.02932551319648096 0.02052785923753667 0.005865102639296192 0.008797653958944288 0.02052785923753667 0.008797653958944288 0.002932551319648096 0.002932551319648096 0.02052785923753667 0.02932551319648096 0.02052785923753667 0.008797653958944288 0.011730205278592384 0.008797653958944288 0.002932551319648096 0.02932551319648096 0.02052785923753667 0.005865102639296192 0.01466275659824048 0.01466275659824048 0.008797653958944288 0.017595307917888575 0.008797653958944288 0.011730205278592384 0.008797653958944288 0.011730205278592384 0.026392961876832863 0.008797653958944288 0.01466275659824048 0.023460410557184768 0.011730205278592384 0.011730205278592384 0.011730205278592384 0.02052785923753667 0.008797653958944288 0.017595307917888575 0.026392961876832863 0.023460410557184768 0.011730205278592384 0.011730205278592384 0.023460410557184768 0.008797653958944288 0.008797653958944288 0.002932551319648096 0.023460410557184768 0.002932551319648096 0.02932551319648096 0.017595307917888575 0.01466275659824048 0.026392961876832863 0.02052785923753667 0.01466275659824048 0.005865102639296192 0.02052785923753667 0.0 
0.016574585635359112 0.024861878453038666 0.02209944751381215 0.013812154696132593 0.008287292817679556 0.008287292817679556 0.027624309392265185 0.002762430939226519 0.005524861878453038 0.013812154696132593 0.027624309392265185 0.013812154696132593 0.011049723756906075 0.002762430939226519 0.016574585635359112 0.024861878453038666 0.024861878453038666 0.02209944751381215 0.008287292817679556 0.016574585635359112 0.005524861878453038 0.016574585635359112 0.008287292817679556 0.005524861878453038 0.008287292817679556 0.027624309392265185 0.01933701657458563 0.02209944751381215 0.013812154696132593 0.01933701657458563 0.005524861878453038 0.016574585635359112 0.02209944751381215 0.016574585635359112 0.013812154696132593 0.024861878453038666 0.008287292817679556 0.027624309392265185 0.01933701657458563 0.005524861878453038 0.024861878453038666 0.02209944751381215 0.027624309392265185 0.005524861878453038 0.005524861878453038 0.005524861878453038 0.027624309392265185 0.02209944751381215 0.027624309392265185 0.024861878453038666 0.027624309392265185 0.011049723756906075 0.016574585635359112 0.005524861878453038 0.005524861878453038 0.002762430939226519 0.02209944751381215 0.01933701657458563 0.008287292817679556 0.01933701657458563 0.013812154696132593 0.005524861878453038 0.002762430939226519 0.013812154696132593 0.013812154696132593 0.0 
0.024615384615384615 0.003076923076923077 0.003076923076923077 0.024615384615384615 0.03076923076923077 0.003076923076923077 0.021538461538461538 0.03076923076923077 0.015384615384615385 0.021538461538461538 0.024615384615384615 0.021538461538461538 0.021538461538461538 0.021538461538461538 0.003076923076923077 0.024615384615384615 0.018461538461538463 0.009230769230769232 0.009230769230769232 0.015384615384615385 0.003076923076923077 0.015384615384615385 0.024615384615384615 0.012307692307692308 0.027692307692307693 0.021538461538461538 0.021538461538461538 0.018461538461538463 0.009230769230769232 0.021538461538461538 0.021538461538461538 0.018461538461538463 0.003076923076923077 0.009230769230769232 0.006153846153846154 0.021538461538461538 0.006153846153846154 0.015384615384615385 0.009230769230769232 0.006153846153846154 0.018461538461538463 0.009230769230769232 0.006153846153846154 0.018461538461538463 0.009230769230769232 0.021538461538461538 0.021538461538461538 0.009230769230769232 0.003076923076923077 0.015384615384615385 0.018461538461538463 0.024615384615384615 0.012307692307692308 0.021538461538461538 0.018461538461538463 0.018461538461538463 0.03076923076923077 0.009230769230769232 0.003076923076923077 0.018461538461538463 0.006153846153846154 0.012307692307692308 0.003076923076923077 0.024615384615384615 0.006153846153846154 0.0 
0.02659574468085108 0.010638297872340432 0.018617021276595758 0.015957446808510647 0.018617021276595758 0.02659574468085108 0.018617021276595758 0.005319148936170216 0.015957446808510647 0.01329787234042554 0.021276595744680864 0.018617021276595758 0.010638297872340432 0.007978723404255324 0.010638297872340432 0.018617021276595758 0.015957446808510647 0.021276595744680864 0.021276595744680864 0.018617021276595758 0.018617021276595758 0.015957446808510647 0.023936170212765975 0.015957446808510647 0.010638297872340432 0.021276595744680864 0.007978723404255324 0.021276595744680864 0.007978723404255324 0.02659574468085108 0.015957446808510647 0.002659574468085108 0.007978723404255324 0.023936170212765975 0.005319148936170216 0.023936170212765975 0.007978723404255324 0.023936170212765975 0.018617021276595758 0.023936170212765975 0.010638297872340432 0.018617021276595758 0.01329787234042554 0.002659574468085108 0.018617021276595758 0.018617021276595758 0.010638297872340432 0.01329787234042554 0.023936170212765975 0.018617021276595758 0.002659574468085108 0.002659574468085108 0.010638297872340432 0.015957446808510647 0.021276595744680864 0.002659574468085108 0.02659574468085108 0.02659574468085108 0.023936170212765975 0.002659574468085108 0.005319148936170216 0.02659574468085108 0.01329787234042554 0.002659574468085108 0.007978723404255324 0.0 
0.014749262536873156 0.02654867256637168 0.008849557522123894 0.008849557522123894 0.02359882005899705 0.02064896755162242 0.011799410029498525 0.008849557522123894 0.02064896755162242 0.017699115044247787 0.014749262536873156 0.011799410029498525 0.011799410029498525 0.029498525073746312 0.02359882005899705 0.014749262536873156 0.014749262536873156 0.017699115044247787 0.029498525073746312 0.014749262536873156 0.0058997050147492625 0.0058997050147492625 0.02359882005899705 0.029498525073746312 0.0029498525073746312 0.0029498525073746312 0.017699115044247787 0.02359882005899705 0.0029498525073746312 0.017699115044247787 0.008849557522123894 0.0029498525073746312 0.029498525073746312 0.02359882005899705 0.017699115044247787 0.0029498525073746312 0.011799410029498525 0.017699115044247787 0.011799410029498525 0.008849557522123894 0.008849557522123894 0.0029498525073746312 0.02654867256637168 0.011799410029498525 0.029498525073746312 0.029498525073746312 0.029498525073746312 0.02064896755162242 0.014749262536873156 0.029498525073746312 0.011799410029498525 0.014749262536873156 0.0058997050147492625 0.0029498525073746312 0.029498525073746312 0.0058997050147492625 0.0058997050147492625 0.02359882005899705 0.008849557522123894 0.02359882005899705 0.0029498525073746312 0.0058997050147492625 0.02654867256637168 0.0029498525073746312 0.011799410029498525 0.0 
0.015625000000000003 0.005208333333333334 0.007812500000000002 0.005208333333333334 0.013020833333333336 0.020833333333333336 0.02604166666666667 0.023437500000000003 0.013020833333333336 0.013020833333333336 0.01822916666666667 0.015625000000000003 0.005208333333333334 0.002604166666666667 0.005208333333333334 0.002604166666666667 0.010416666666666668 0.015625000000000003 0.015625000000000003 0.01822916666666667 0.02604166666666667 0.007812500000000002 0.02604166666666667 0.015625000000000003 0.020833333333333336 0.015625000000000003 0.02604166666666667 0.023437500000000003 0.005208333333333334 0.015625000000000003 0.023437500000000003 0.02604166666666667 0.005208333333333334 0.013020833333333336 0.002604166666666667 0.007812500000000002 0.002604166666666667 0.02604166666666667 0.020833333333333336 0.02604166666666667 0.010416666666666668 0.023437500000000003 0.020833333333333336 0.020833333333333336 0.023437500000000003 0.005208333333333334 0.02604166666666667 0.023437500000000003 0.02604166666666667 0.002604166666666667 0.020833333333333336 0.020833333333333336 0.01822916666666667 0.015625000000000003 0.023437500000000003 0.015625000000000003 0.013020833333333336 0.002604166666666667 0.02604166666666667 0.005208333333333334 0.023437500000000003 0.002604166666666667 0.010416666666666668 0.020833333333333336 0.010416666666666668 0.0 
0.022346368715083803 0.016759776536312852 0.011173184357541902 0.02513966480446928 0.011173184357541902 0.005586592178770951 0.011173184357541902 0.011173184357541902 0.0027932960893854754 0.022346368715083803 0.008379888268156426 0.0027932960893854754 0.019553072625698328 0.019553072625698328 0.022346368715083803 0.022346368715083803 0.005586592178770951 0.008379888268156426 0.02513966480446928 0.016759776536312852 0.005586592178770951 0.022346368715083803 0.011173184357541902 0.005586592178770951 0.019553072625698328 0.02513966480446928 0.008379888268156426 0.022346368715083803 0.02513966480446928 0.02793296089385475 0.019553072625698328 0.02793296089385475 0.02513966480446928 0.016759776536312852 0.0027932960893854754 0.0027932960893854754 0.02793296089385475 0.013966480446927375 0.019553072625698328 0.0027932960893854754 0.02793296089385475 0.013966480446927375 0.008379888268156426 0.008379888268156426 0.013966480446927375 0.022346368715083803 0.005586592178770951 0.02793296089385475 0.019553072625698328 0.013966480446927375 0.019553072625698328 0.02513966480446928 0.019553072625698328 0.02793296089385475 0.008379888268156426 0.022346368715083803 0.013966480446927375 0.0027932960893854754 0.005586592178770951 0.019553072625698328 0.013966480446927375 0.0027932960893854754 0.0027932960893854754 0.008379888268156426 0.022346368715083803 0.0 
0.018716577540106957 0.018716577540106957 0.021390374331550808 0.021390374331550808 0.002673796791443851 0.026737967914438512 0.013368983957219256 0.005347593582887702 0.013368983957219256 0.026737967914438512 0.01604278074866311 0.026737967914438512 0.002673796791443851 0.018716577540106957 0.013368983957219256 0.013368983957219256 0.005347593582887702 0.021390374331550808 0.002673796791443851 0.005347593582887702 0.008021390374331555 0.02406417112299466 0.021390374331550808 0.026737967914438512 0.02406417112299466 0.002673796791443851 0.002673796791443851 0.002673796791443851 0.008021390374331555 0.018716577540106957 0.02406417112299466 0.010695187165775404 0.021390374331550808 0.010695187165775404 0.010695187165775404 0.01604278074866311 0.01604278074866311 0.013368983957219256 0.02406417112299466 0.026737967914438512 0.008021390374331555 0.02406417112299466 0.01604278074866311 0.021390374331550808 0.01604278074866311 0.013368983957219256 0.013368983957219256 0.021390374331550808 0.02406417112299466 0.02406417112299466 0.01604278074866311 0.018716577540106957 0.018716577540106957 0.010695187165775404 0.018716577540106957 0.002673796791443851 0.01604278074866311 0.018716577540106957 0.026737967914438512 0.01604278074866311 0.013368983957219256 0.010695187165775404 0.002673796791443851 0.01604278074866311 0.005347593582887702 0.0 
0.01626016260162601 0.005420054200542003 0.005420054200542003 0.024390243902439015 0.02168021680216801 0.02710027100271002 0.010840108401084006 0.01626016260162601 0.008130081300813006 0.01897018970189701 0.010840108401084006 0.024390243902439015 0.01355013550135501 0.024390243902439015 0.0027100271002710014 0.024390243902439015 0.01355013550135501 0.0027100271002710014 0.01626016260162601 0.01626016260162601 0.008130081300813006 0.01355013550135501 0.024390243902439015 0.024390243902439015 0.01355013550135501 0.005420054200542003 0.024390243902439015 0.024390243902439015 0.024390243902439015 0.010840108401084006 0.010840108401084006 0.008130081300813006 0.02710027100271002 0.01626016260162601 0.02168021680216801 0.01626016260162601 0.024390243902439015 0.02168021680216801 0.02710027100271002 0.0027100271002710014 0.008130081300813006 0.02168021680216801 0.010840108401084006 0.01626016260162601 0.005420054200542003 0.01626016260162601 0.005420054200542003 0.005420054200542003 0.008130081300813006 0.01355013550135501 0.010840108401084006 0.005420054200542003 0.02710027100271002 0.005420054200542003 0.008130081300813006 0.024390243902439015 0.005420054200542003 0.02168021680216801 0.024390243902439015 0.008130081300813006 0.02710027100271002 0.01897018970189701 0.01626016260162601 0.005420054200542003 0.02710027100271002 0.0 
0.018766756032171573 0.02680965147453082 0.008042895442359246 0.016085790884718492 0.018766756032171573 0.005361930294906164 0.016085790884718492 0.024128686327077736 0.01340482573726541 0.018766756032171573 0.016085790884718492 0.018766756032171573 0.002680965147453082 0.008042895442359246 0.016085790884718492 0.018766756032171573 0.008042895442359246 0.02680965147453082 0.005361930294906164 0.01340482573726541 0.024128686327077736 0.024128686327077736 0.010723860589812327 0.021447721179624655 0.008042895442359246 0.02680965147453082 0.005361930294906164 0.005361930294906164 0.005361930294906164 0.018766756032171573 0.010723860589812327 0.018766756032171573 0.016085790884718492 0.01340482573726541 0.008042895442359246 0.021447721179624655 0.024128686327077736 0.024128686327077736 0.002680965147453082 0.021447721179624655 0.024128686327077736 0.024128686327077736 0.021447721179624655 0.01340482573726541 0.018766756032171573 0.02680965147453082 0.018766756032171573 0.024128686327077736 0.010723860589812327 0.021447721179624655 0.024128686327077736 0.01340482573726541 0.008042895442359246 0.010723860589812327 0.002680965147453082 0.01340482573726541 0.024128686327077736 0.002680965147453082 0.01340482573726541 0.008042895442359246 0.018766756032171573 0.008042895442359246 0.008042895442359246 0.008042895442359246 0.021447721179624655 0.0 
0.02710027100271003 0.018970189701897018 0.02710027100271003 0.018970189701897018 0.0027100271002710027 0.008130081300813009 0.005420054200542005 0.013550135501355014 0.018970189701897018 0.01084010840108401 0.024390243902439025 0.02168021680216802 0.016260162601626018 0.02710027100271003 0.0027100271002710027 0.008130081300813009 0.005420054200542005 0.0027100271002710027 0.016260162601626018 0.02710027100271003 0.02168021680216802 0.01084010840108401 0.013550135501355014 0.013550135501355014 0.02168021680216802 0.005420054200542005 0.02168021680216802 0.02168021680216802 0.024390243902439025 0.02710027100271003 0.016260162601626018 0.018970189701897018 0.005420054200542005 0.0027100271002710027 0.0027100271002710027 0.0027100271002710027 0.008130081300813009 0.01084010840108401 0.005420054200542005 0.018970189701897018 0.013550135501355014 0.0027100271002710027 0.024390243902439025 0.024390243902439025 0.018970189701897018 0.013550135501355014 0.016260162601626018 0.016260162601626018 0.02168021680216802 0.02168021680216802 0.02710027100271003 0.01084010840108401 0.016260162601626018 0.016260162601626018 0.013550135501355014 0.02710027100271003 0.0027100271002710027 0.02710027100271003 0.016260162601626018 0.018970189701897018 0.02168021680216802 0.0027100271002710027 0.024390243902439025 0.0027100271002710027 0.02168021680216802 0.0 
0.025352112676056356 0.025352112676056356 0.02816901408450706 0.01408450704225353 0.002816901408450706 0.011267605633802824 0.019718309859154945 0.025352112676056356 0.011267605633802824 0.01408450704225353 0.01408450704225353 0.01408450704225353 0.005633802816901412 0.011267605633802824 0.025352112676056356 0.025352112676056356 0.011267605633802824 0.008450704225352117 0.005633802816901412 0.01408450704225353 0.02253521126760565 0.019718309859154945 0.025352112676056356 0.002816901408450706 0.005633802816901412 0.005633802816901412 0.011267605633802824 0.02253521126760565 0.025352112676056356 0.01408450704225353 0.019718309859154945 0.008450704225352117 0.019718309859154945 0.02816901408450706 0.002816901408450706 0.002816901408450706 0.008450704225352117 0.02816901408450706 0.02816901408450706 0.002816901408450706 0.016901408450704234 0.002816901408450706 0.01408450704225353 0.02253521126760565 0.02253521126760565 0.005633802816901412 0.025352112676056356 0.019718309859154945 0.016901408450704234 0.005633802816901412 0.016901408450704234 0.01408450704225353 0.008450704225352117 0.019718309859154945 0.005633802816901412 0.005633802816901412 0.02253521126760565 0.02816901408450706 0.016901408450704234 0.01408450704225353 0.005633802816901412 0.016901408450704234 0.02253521126760565 0.025352112676056356 0.008450704225352117 0.0 
0.013368983957219253 0.026737967914438505 0.021390374331550804 0.008021390374331553 0.024064171122994655 0.008021390374331553 0.005347593582887701 0.024064171122994655 0.021390374331550804 0.005347593582887701 0.010695187165775402 0.016042780748663107 0.024064171122994655 0.005347593582887701 0.010695187165775402 0.026737967914438505 0.005347593582887701 0.008021390374331553 0.021390374331550804 0.016042780748663107 0.024064171122994655 0.016042780748663107 0.010695187165775402 0.008021390374331553 0.016042780748663107 0.013368983957219253 0.024064171122994655 0.005347593582887701 0.0026737967914438505 0.024064171122994655 0.024064171122994655 0.013368983957219253 0.0026737967914438505 0.013368983957219253 0.008021390374331553 0.021390374331550804 0.013368983957219253 0.013368983957219253 0.016042780748663107 0.018716577540106954 0.010695187165775402 0.021390374331550804 0.0026737967914438505 0.026737967914438505 0.013368983957219253 0.013368983957219253 0.016042780748663107 0.024064171122994655 0.016042780748663107 0.018716577540106954 0.005347593582887701 0.013368983957219253 0.016042780748663107 0.010695187165775402 0.026737967914438505 0.018716577540106954 0.024064171122994655 0.021390374331550804 0.013368983957219253 0.021390374331550804 0.024064171122994655 0.005347593582887701 0.013368983957219253 0.016042780748663107 0.016042780748663107 0.0 
0.010471204188481681 0.023560209424083784 0.010471204188481681 0.015706806282722523 0.010471204188481681 0.013089005235602101 0.01832460732984294 0.005235602094240841 0.026178010471204202 0.026178010471204202 0.020942408376963362 0.01832460732984294 0.015706806282722523 0.007853403141361261 0.026178010471204202 0.010471204188481681 0.015706806282722523 0.023560209424083784 0.010471204188481681 0.005235602094240841 0.026178010471204202 0.01832460732984294 0.020942408376963362 0.023560209424083784 0.005235602094240841 0.026178010471204202 0.020942408376963362 0.010471204188481681 0.020942408376963362 0.026178010471204202 0.013089005235602101 0.005235602094240841 0.005235602094240841 0.023560209424083784 0.007853403141361261 0.0026178010471204203 0.023560209424083784 0.015706806282722523 0.015706806282722523 0.010471204188481681 0.0026178010471204203 0.005235602094240841 0.020942408376963362 0.013089005235602101 0.013089005235602101 0.013089005235602101 0.013089005235602101 0.015706806282722523 0.01832460732984294 0.023560209424083784 0.013089005235602101 0.013089005235602101 0.020942408376963362 0.020942408376963362 0.013089005235602101 0.015706806282722523 0.020942408376963362 0.013089005235602101 0.026178010471204202 0.015706806282722523 0.026178010471204202 0.005235602094240841 0.013089005235602101 0.0026178010471204203 0.005235602094240841 0.0 
0.010610079575596811 0.026525198938992033 0.00795755968169761 0.002652519893899203 0.021220159151193622 0.00795755968169761 0.026525198938992033 0.002652519893899203 0.005305039787798406 0.023872679045092826 0.005305039787798406 0.005305039787798406 0.01591511936339522 0.026525198938992033 0.018567639257294422 0.018567639257294422 0.023872679045092826 0.005305039787798406 0.01591511936339522 0.026525198938992033 0.01591511936339522 0.018567639257294422 0.026525198938992033 0.002652519893899203 0.010610079575596811 0.021220159151193622 0.00795755968169761 0.026525198938992033 0.002652519893899203 0.026525198938992033 0.026525198938992033 0.026525198938992033 0.021220159151193622 0.021220159151193622 0.018567639257294422 0.021220159151193622 0.002652519893899203 0.018567639257294422 0.002652519893899203 0.00795755968169761 0.018567639257294422 0.023872679045092826 0.023872679045092826 0.018567639257294422 0.010610079575596811 0.00795755968169761 0.010610079575596811 0.005305039787798406 0.013262599469496017 0.002652519893899203 0.023872679045092826 0.00795755968169761 0.018567639257294422 0.021220159151193622 0.021220159151193622 0.023872679045092826 0.002652519893899203 0.00795755968169761 0.005305039787798406 0.018567639257294422 0.010610079575596811 0.018567639257294422 0.021220159151193622 0.026525198938992033 0.013262599469496017 0.0 
0.0027932960893854745 0.025139664804469268 0.008379888268156423 0.011173184357541898 0.008379888268156423 0.025139664804469268 0.0027932960893854745 0.01955307262569832 0.01955307262569832 0.02793296089385474 0.016759776536312845 0.02793296089385474 0.022346368715083796 0.011173184357541898 0.01955307262569832 0.025139664804469268 0.016759776536312845 0.008379888268156423 0.025139664804469268 0.02793296089385474 0.005586592178770949 0.01396648044692737 0.0027932960893854745 0.02793296089385474 0.01396648044692737 0.022346368715083796 0.0027932960893854745 0.02793296089385474 0.005586592178770949 0.01396648044692737 0.0027932960893854745 0.0027932960893854745 0.02793296089385474 0.0027932960893854745 0.011173184357541898 0.025139664804469268 0.01955307262569832 0.008379888268156423 0.0027932960893854745 0.02793296089385474 0.01955307262569832 0.016759776536312845 0.01955307262569832 0.02793296089385474 0.005586592178770949 0.01396648044692737 0.01396648044692737 0.008379888268156423 0.02793296089385474 0.008379888268156423 0.01396648044692737 0.02793296089385474 0.011173184357541898 0.011173184357541898 0.01955307262569832 0.0027932960893854745 0.025139664804469268 0.02793296089385474 0.016759776536312845 0.016759776536312845 0.008379888268156423 0.0027932960893854745 0.01396648044692737 0.0027932960893854745 0.016759776536312845 0.0 
0.009146341463414627 0.012195121951219504 0.009146341463414627 0.03048780487804876 0.027439024390243885 0.03048780487804876 0.003048780487804876 0.021341463414634134 0.003048780487804876 0.03048780487804876 0.006097560975609752 0.012195121951219504 0.018292682926829253 0.006097560975609752 0.009146341463414627 0.003048780487804876 0.018292682926829253 0.021341463414634134 0.03048780487804876 0.006097560975609752 0.009146341463414627 0.021341463414634134 0.021341463414634134 0.024390243902439008 0.003048780487804876 0.018292682926829253 0.01524390243902438 0.024390243902439008 0.01524390243902438 0.021341463414634134 0.021341463414634134 0.027439024390243885 0.021341463414634134 0.003048780487804876 0.009146341463414627 0.003048780487804876 0.003048780487804876 0.027439024390243885 0.01524390243902438 0.003048780487804876 0.006097560975609752 0.003048780487804876 0.027439024390243885 0.018292682926829253 0.009146341463414627 0.027439024390243885 0.003048780487804876 0.018292682926829253 0.003048780487804876 0.027439024390243885 0.018292682926829253 0.021341463414634134 0.03048780487804876 0.01524390243902438 0.01524390243902438 0.009146341463414627 0.01524390243902438 0.003048780487804876 0.027439024390243885 0.006097560975609752 0.024390243902439008 0.01524390243902438 0.006097560975609752 0.003048780487804876 0.03048780487804876 0.0 
0.0160427807486631 0.005347593582887699 0.024064171122994645 0.005347593582887699 0.018716577540106947 0.0026737967914438497 0.0026737967914438497 0.00802139037433155 0.0026737967914438497 0.021390374331550797 0.00802139037433155 0.021390374331550797 0.0160427807486631 0.013368983957219248 0.0026737967914438497 0.021390374331550797 0.026737967914438495 0.024064171122994645 0.005347593582887699 0.010695187165775399 0.00802139037433155 0.00802139037433155 0.0160427807486631 0.021390374331550797 0.005347593582887699 0.0160427807486631 0.010695187165775399 0.026737967914438495 0.0160427807486631 0.018716577540106947 0.010695187165775399 0.018716577540106947 0.021390374331550797 0.0160427807486631 0.018716577540106947 0.026737967914438495 0.026737967914438495 0.0160427807486631 0.021390374331550797 0.0160427807486631 0.010695187165775399 0.010695187165775399 0.013368983957219248 0.0026737967914438497 0.005347593582887699 0.010695187165775399 0.026737967914438495 0.010695187165775399 0.010695187165775399 0.024064171122994645 0.024064171122994645 0.010695187165775399 0.024064171122994645 0.026737967914438495 0.013368983957219248 0.0026737967914438497 0.018716577540106947 0.024064171122994645 0.018716577540106947 0.010695187165775399 0.024064171122994645 0.00802139037433155 0.024064171122994645 0.024064171122994645 0.024064171122994645 0.0 
0.008086253369272238 0.016172506738544475 0.018867924528301886 0.016172506738544475 0.02425876010781671 0.016172506738544475 0.02425876010781671 0.008086253369272238 0.0026954177897574125 0.008086253369272238 0.0026954177897574125 0.008086253369272238 0.026954177897574125 0.0026954177897574125 0.02425876010781671 0.026954177897574125 0.0026954177897574125 0.013477088948787063 0.013477088948787063 0.01078167115902965 0.016172506738544475 0.008086253369272238 0.013477088948787063 0.0026954177897574125 0.016172506738544475 0.026954177897574125 0.016172506738544475 0.0215633423180593 0.0215633423180593 0.005390835579514825 0.008086253369272238 0.02425876010781671 0.0215633423180593 0.02425876010781671 0.005390835579514825 0.01078167115902965 0.008086253369272238 0.02425876010781671 0.0215633423180593 0.005390835579514825 0.026954177897574125 0.018867924528301886 0.0026954177897574125 0.02425876010781671 0.013477088948787063 0.018867924528301886 0.018867924528301886 0.005390835579514825 0.01078167115902965 0.0026954177897574125 0.0215633423180593 0.005390835579514825 0.0215633423180593 0.005390835579514825 0.016172506738544475 0.016172506738544475 0.018867924528301886 0.0215633423180593 0.026954177897574125 0.0215633423180593 0.02425876010781671 0.026954177897574125 0.013477088948787063 0.016172506738544475 0.02425876010781671 0.0 
0.019830028328611887 0.025495750708215286 0.016997167138810193 0.025495750708215286 0.025495750708215286 0.014164305949008492 0.016997167138810193 0.008498583569405097 0.005665722379603397 0.005665722379603397 0.02266288951841359 0.028328611898016984 0.02266288951841359 0.0028328611898016985 0.019830028328611887 0.011331444759206794 0.008498583569405097 0.005665722379603397 0.005665722379603397 0.0028328611898016985 0.02266288951841359 0.028328611898016984 0.02266288951841359 0.028328611898016984 0.0028328611898016985 0.011331444759206794 0.028328611898016984 0.019830028328611887 0.014164305949008492 0.025495750708215286 0.005665722379603397 0.014164305949008492 0.016997167138810193 0.014164305949008492 0.008498583569405097 0.019830028328611887 0.011331444759206794 0.028328611898016984 0.008498583569405097 0.008498583569405097 0.011331444759206794 0.0028328611898016985 0.0028328611898016985 0.019830028328611887 0.014164305949008492 0.011331444759206794 0.0028328611898016985 0.0028328611898016985 0.025495750708215286 0.025495750708215286 0.028328611898016984 0.008498583569405097 0.014164305949008492 0.014164305949008492 0.028328611898016984 0.025495750708215286 0.016997167138810193 0.025495750708215286 0.008498583569405097 0.019830028328611887 0.019830028328611887 0.0028328611898016985 0.005665722379603397 0.016997167138810193 0.011331444759206794 0.0 
0.011730205278592384 0.01466275659824048 0.005865102639296192 0.008797653958944288 0.01466275659824048 0.026392961876832863 0.005865102639296192 0.011730205278592384 0.002932551319648096 0.023460410557184768 0.026392961876832863 0.008797653958944288 0.005865102639296192 0.02052785923753667 0.026392961876832863 0.008797653958944288 0.026392961876832863 0.005865102639296192 0.023460410557184768 0.02932551319648096 0.01466275659824048 0.02932551319648096 0.01466275659824048 0.008797653958944288 0.01466275659824048 0.023460410557184768 0.011730205278592384 0.01466275659824048 0.023460410557184768 0.002932551319648096 0.01466275659824048 0.01466275659824048 0.026392961876832863 0.023460410557184768 0.026392961876832863 0.017595307917888575 0.02052785923753667 0.008797653958944288 0.026392961876832863 0.026392961876832863 0.026392961876832863 0.002932551319648096 0.002932551319648096 0.005865102639296192 0.002932551319648096 0.017595307917888575 0.026392961876832863 0.011730205278592384 0.002932551319648096 0.01466275659824048 0.008797653958944288 0.005865102639296192 0.02932551319648096 0.026392961876832863 0.02932551319648096 0.01466275659824048 0.005865102639296192 0.02052785923753667 0.005865102639296192 0.008797653958944288 0.011730205278592384 0.002932551319648096 0.01466275659824048 0.017595307917888575 0.011730205278592384 0.0 
1.0 0.0 0.0 0.0 0.0 0.0 0.0 0.0 0.0 0.0 0.0 0.0 0.0 0.0 0.0 0.0 0.0 0.0 0.0 0.0 0.0 0.0 0.0 0.0 0.0 0.0 0.0 0.0 0.0 0.0 0.0 0.0 0.0 0.0 0.0 0.0 0.0 0.0 0.0 0.0 0.0 0.0 0.0 0.0 0.0 0.0 0.0 0.0 0.0 0.0 0.0 0.0 0.0 0.0 0.0 0.0 0.0 0.0 0.0 0.0 0.0 0.0 0.0 0.0 0.0 0.0 

emissions
1 1 1 1 1 1 1 1 1 1 1 1 1 1 1 1 1 1 1 1 1 1 1 1 1 1 1 1 1 1 1 1 1 1 1 1 1 1 1 1 1 1 1 1 1 1 1 1 1 1 1 1 1 1 1 1 1 1 1 1 1 1 1 1 1 0 
0 0 0 0 0 0 0 0 0 0 0 0 0 0 0 0 0 0 0 0 0 0 0 0 0 0 0 0 0 0 0 0 0 0 0 0 0 0 0 0 0 0 0 0 0 0 0 0 0 0 0 0 0 0 0 0 0 0 0 0 0 0 0 0 0 1 
