states
0 1 2 3 4 5 6 7 8 9 10 11 12 13 14 15 16 17 18 19 20 21 22 23 24 25 26 27 28 29 30 31 32 33 34 35 36 37 38 39 40 41 42 43 44 45 46 47 48 49 50 51 52 53 54 55 56 57 58 59 60 61 62 63 64 65 
labels
empty init 
initial
0.0 0.0 0.0 0.0 0.0 0.0 0.0 0.0 0.0 0.0 0.0 0.0 0.0 0.0 0.0 0.0 0.0 0.0 0.0 0.0 0.0 0.0 0.0 0.0 0.0 0.0 0.0 0.0 0.0 0.0 0.0 0.0 0.0 0.0 0.0 0.0 0.0 0.0 0.0 0.0 0.0 0.0 0.0 0.0 0.0 0.0 0.0 0.0 0.0 0.0 0.0 0.0 0.0 0.0 0.0 0.0 0.0 0.0 0.0 0.0 0.0 0.0 0.0 0.0 0.0 1.0
transitions
0.021390374331550797 0.0160427807486631 0.005347593582887699 0.024064171122994645 0.021390374331550797 0.024064171122994645 0.00802139037433155 0.026737967914438495 0.021390374331550797 0.021390374331550797 0.021390374331550797 0.026737967914438495 0.024064171122994645 0.013368983957219248 0.00802139037433155 0.018716577540106947 0.013368983957219248 0.010695187165775399 0.0026737967914438497 0.021390374331550797 0.0160427807486631 0.0160427807486631 0.026737967914438495 0.018716577540106947 0.018716577540106947 0.024064171122994645 0.00802139037433155 0.0160427807486631 0.024064171122994645 0.005347593582887699 0.00802139037433155 0.021390374331550797 0.0026737967914438497 0.024064171122994645 0.010695187165775399 0.005347593582887699 0.0026737967914438497 0.010695187165775399 0.00802139037433155 0.010695187165775399 0.00802139037433155 0.026737967914438495 0.00802139037433155 0.005347593582887699 0.0026737967914438497 0.005347593582887699 0.026737967914438495 0.026737967914438495 0.0026737967914438497 0.021390374331550797 0.00802139037433155 0.018716577540106947 0.010695187165775399 0.021390374331550797 0.024064171122994645 0.00802139037433155 0.018716577540106947 0.021390374331550797 0.021390374331550797 0.026737967914438495 0.00802139037433155 0.021390374331550797 0.0160427807486631 0.010695187165775399 0.0026737967914438497 0.0 
0.0158311345646438 0.013192612137203167 0.010554089709762533 0.023746701846965697 0.026385224274406333 0.0158311345646438 0.023746701846965697 0.018469656992084433 0.021108179419525065 0.002638522427440633 0.013192612137203167 0.018469656992084433 0.023746701846965697 0.013192612137203167 0.023746701846965697 0.005277044854881266 0.026385224274406333 0.0158311345646438 0.013192612137203167 0.0079155672823219 0.010554089709762533 0.013192612137203167 0.021108179419525065 0.018469656992084433 0.018469656992084433 0.023746701846965697 0.002638522427440633 0.010554089709762533 0.0158311345646438 0.018469656992084433 0.005277044854881266 0.005277044854881266 0.018469656992084433 0.002638522427440633 0.023746701846965697 0.021108179419525065 0.0158311345646438 0.021108179419525065 0.018469656992084433 0.023746701846965697 0.013192612137203167 0.013192612137203167 0.002638522427440633 0.021108179419525065 0.0079155672823219 0.005277044854881266 0.023746701846965697 0.023746701846965697 0.005277044854881266 0.010554089709762533 0.005277044854881266 0.010554089709762533 0.018469656992084433 0.021108179419525065 0.013192612137203167 0.002638522427440633 0.021108179419525065 0.010554089709762533 0.021108179419525065 0.026385224274406333 0.018469656992084433 0.018469656992084433 0.026385224274406333 0.010554089709762533 0.0079155672823219 0.0 
0.021164021164021166 0.01851851851851852 0.021164021164021166 0.026455026455026457 0.013227513227513229 0.010582010582010583 0.002645502645502646 0.015873015873015876 0.002645502645502646 0.026455026455026457 0.015873015873015876 0.021164021164021166 0.015873015873015876 0.026455026455026457 0.02380952380952381 0.007936507936507938 0.013227513227513229 0.007936507936507938 0.010582010582010583 0.002645502645502646 0.010582010582010583 0.01851851851851852 0.026455026455026457 0.002645502645502646 0.010582010582010583 0.013227513227513229 0.02380952380952381 0.01851851851851852 0.010582010582010583 0.021164021164021166 0.010582010582010583 0.026455026455026457 0.005291005291005292 0.013227513227513229 0.02380952380952381 0.010582010582010583 0.002645502645502646 0.007936507936507938 0.013227513227513229 0.01851851851851852 0.005291005291005292 0.026455026455026457 0.002645502645502646 0.026455026455026457 0.010582010582010583 0.005291005291005292 0.007936507936507938 0.010582010582010583 0.007936507936507938 0.026455026455026457 0.015873015873015876 0.007936507936507938 0.021164021164021166 0.026455026455026457 0.015873015873015876 0.01851851851851852 0.015873015873015876 0.026455026455026457 0.026455026455026457 0.01851851851851852 0.02380952380952381 0.015873015873015876 0.013227513227513229 0.013227513227513229 0.01851851851851852 0.0 
0.008174386920980926 0.008174386920980926 0.005449591280653951 0.010899182561307902 0.021798365122615803 0.013623978201634877 0.0027247956403269754 0.01634877384196185 0.021798365122615803 0.010899182561307902 0.02452316076294278 0.01634877384196185 0.027247956403269755 0.005449591280653951 0.01634877384196185 0.013623978201634877 0.010899182561307902 0.027247956403269755 0.01634877384196185 0.01907356948228883 0.01907356948228883 0.005449591280653951 0.0027247956403269754 0.01634877384196185 0.008174386920980926 0.0027247956403269754 0.01634877384196185 0.02452316076294278 0.01634877384196185 0.021798365122615803 0.02452316076294278 0.027247956403269755 0.027247956403269755 0.0027247956403269754 0.010899182561307902 0.021798365122615803 0.0027247956403269754 0.013623978201634877 0.021798365122615803 0.021798365122615803 0.013623978201634877 0.005449591280653951 0.010899182561307902 0.0027247956403269754 0.021798365122615803 0.021798365122615803 0.01634877384196185 0.005449591280653951 0.01634877384196185 0.010899182561307902 0.027247956403269755 0.010899182561307902 0.0027247956403269754 0.027247956403269755 0.021798365122615803 0.01907356948228883 0.005449591280653951 0.021798365122615803 0.027247956403269755 0.01907356948228883 0.010899182561307902 0.021798365122615803 0.008174386920980926 0.021798365122615803 0.02452316076294278 0.0 
0.02732240437158468 0.005464480874316936 0.008196721311475405 0.02732240437158468 0.002732240437158468 0.019125683060109276 0.02459016393442621 0.01639344262295081 0.021857923497267746 0.01639344262295081 0.02459016393442621 0.005464480874316936 0.008196721311475405 0.010928961748633873 0.002732240437158468 0.01639344262295081 0.01639344262295081 0.019125683060109276 0.019125683060109276 0.002732240437158468 0.02732240437158468 0.01639344262295081 0.01639344262295081 0.010928961748633873 0.01639344262295081 0.02732240437158468 0.005464480874316936 0.005464480874316936 0.02732240437158468 0.02459016393442621 0.005464480874316936 0.02732240437158468 0.005464480874316936 0.002732240437158468 0.019125683060109276 0.002732240437158468 0.002732240437158468 0.008196721311475405 0.02459016393442621 0.02732240437158468 0.002732240437158468 0.008196721311475405 0.02732240437158468 0.005464480874316936 0.01639344262295081 0.010928961748633873 0.01639344262295081 0.021857923497267746 0.010928961748633873 0.019125683060109276 0.02732240437158468 0.01639344262295081 0.02459016393442621 0.010928961748633873 0.019125683060109276 0.01366120218579234 0.01366120218579234 0.008196721311475405 0.02459016393442621 0.01639344262295081 0.021857923497267746 0.019125683060109276 0.008196721311475405 0.02459016393442621 0.01366120218579234 0.0 
0.008379888268156421 0.019553072625698314 0.005586592178770947 0.0027932960893854736 0.013966480446927367 0.027932960893854733 0.0027932960893854736 0.02234636871508379 0.027932960893854733 0.0027932960893854736 0.008379888268156421 0.011173184357541895 0.0027932960893854736 0.0027932960893854736 0.005586592178770947 0.02234636871508379 0.025139664804469265 0.008379888268156421 0.025139664804469265 0.011173184357541895 0.019553072625698314 0.013966480446927367 0.027932960893854733 0.027932960893854733 0.025139664804469265 0.0027932960893854736 0.025139664804469265 0.013966480446927367 0.005586592178770947 0.016759776536312842 0.016759776536312842 0.011173184357541895 0.005586592178770947 0.008379888268156421 0.027932960893854733 0.011173184357541895 0.005586592178770947 0.011173184357541895 0.016759776536312842 0.005586592178770947 0.02234636871508379 0.013966480446927367 0.02234636871508379 0.025139664804469265 0.016759776536312842 0.005586592178770947 0.025139664804469265 0.019553072625698314 0.0027932960893854736 0.016759776536312842 0.011173184357541895 0.005586592178770947 0.025139664804469265 0.0027932960893854736 0.016759776536312842 0.027932960893854733 0.027932960893854733 0.013966480446927367 0.027932960893854733 0.019553072625698314 0.016759776536312842 0.013966480446927367 0.027932960893854733 0.025139664804469265 0.011173184357541895 0.0 
0.02339181286549708 0.014619883040935677 0.002923976608187135 0.002923976608187135 0.02339181286549708 0.02339181286549708 0.002923976608187135 0.002923976608187135 0.002923976608187135 0.017543859649122813 0.02339181286549708 0.020467836257309947 0.02339181286549708 0.020467836257309947 0.029239766081871354 0.017543859649122813 0.008771929824561406 0.02631578947368422 0.014619883040935677 0.02339181286549708 0.017543859649122813 0.017543859649122813 0.01169590643274854 0.008771929824561406 0.008771929824561406 0.014619883040935677 0.029239766081871354 0.02339181286549708 0.002923976608187135 0.00584795321637427 0.00584795321637427 0.029239766081871354 0.01169590643274854 0.008771929824561406 0.00584795321637427 0.02631578947368422 0.014619883040935677 0.014619883040935677 0.020467836257309947 0.029239766081871354 0.008771929824561406 0.002923976608187135 0.02631578947368422 0.02631578947368422 0.00584795321637427 0.017543859649122813 0.020467836257309947 0.008771929824561406 0.014619883040935677 0.002923976608187135 0.02339181286549708 0.02339181286549708 0.029239766081871354 0.002923976608187135 0.02339181286549708 0.029239766081871354 0.00584795321637427 0.029239766081871354 0.017543859649122813 0.01169590643274854 0.002923976608187135 0.008771929824561406 0.01169590643274854 0.01169590643274854 0.002923976608187135 0.0 
0.008042895442359246 0.016085790884718492 0.005361930294906164 0.02680965147453082 0.024128686327077736 0.002680965147453082 0.021447721179624655 0.005361930294906164 0.01340482573726541 0.024128686327077736 0.008042895442359246 0.021447721179624655 0.021447721179624655 0.016085790884718492 0.021447721179624655 0.016085790884718492 0.018766756032171573 0.024128686327077736 0.002680965147453082 0.021447721179624655 0.010723860589812327 0.01340482573726541 0.002680965147453082 0.002680965147453082 0.005361930294906164 0.002680965147453082 0.01340482573726541 0.010723860589812327 0.010723860589812327 0.010723860589812327 0.024128686327077736 0.01340482573726541 0.008042895442359246 0.024128686327077736 0.01340482573726541 0.016085790884718492 0.01340482573726541 0.016085790884718492 0.02680965147453082 0.005361930294906164 0.016085790884718492 0.024128686327077736 0.016085790884718492 0.005361930294906164 0.018766756032171573 0.02680965147453082 0.02680965147453082 0.01340482573726541 0.018766756032171573 0.008042895442359246 0.010723860589812327 0.021447721179624655 0.021447721179624655 0.018766756032171573 0.02680965147453082 0.018766756032171573 0.02680965147453082 0.008042895442359246 0.02680965147453082 0.005361930294906164 0.010723860589812327 0.021447721179624655 0.021447721179624655 0.005361930294906164 0.018766756032171573 0.0 
0.0028328611898016985 0.0028328611898016985 0.02266288951841359 0.025495750708215286 0.014164305949008492 0.0028328611898016985 0.02266288951841359 0.02266288951841359 0.028328611898016984 0.0028328611898016985 0.025495750708215286 0.014164305949008492 0.02266288951841359 0.0028328611898016985 0.028328611898016984 0.019830028328611887 0.019830028328611887 0.025495750708215286 0.02266288951841359 0.014164305949008492 0.011331444759206794 0.016997167138810193 0.008498583569405097 0.028328611898016984 0.016997167138810193 0.025495750708215286 0.005665722379603397 0.019830028328611887 0.02266288951841359 0.011331444759206794 0.02266288951841359 0.025495750708215286 0.0028328611898016985 0.0028328611898016985 0.0028328611898016985 0.011331444759206794 0.02266288951841359 0.0028328611898016985 0.02266288951841359 0.0028328611898016985 0.016997167138810193 0.0028328611898016985 0.0028328611898016985 0.016997167138810193 0.019830028328611887 0.016997167138810193 0.008498583569405097 0.005665722379603397 0.0028328611898016985 0.019830028328611887 0.014164305949008492 0.011331444759206794 0.0028328611898016985 0.019830028328611887 0.019830028328611887 0.008498583569405097 0.02266288951841359 0.028328611898016984 0.008498583569405097 0.025495750708215286 0.019830028328611887 0.028328611898016984 0.008498583569405097 0.02266288951841359 0.016997167138810193 0.0 
0.022959183673469392 0.022959183673469392 0.022959183673469392 0.015306122448979593 0.020408163265306124 0.01785714285714286 0.012755102040816329 0.005102040816326531 0.020408163265306124 0.012755102040816329 0.015306122448979593 0.025510204081632657 0.020408163265306124 0.010204081632653062 0.015306122448979593 0.010204081632653062 0.020408163265306124 0.01785714285714286 0.022959183673469392 0.007653061224489797 0.0025510204081632655 0.022959183673469392 0.015306122448979593 0.015306122448979593 0.005102040816326531 0.022959183673469392 0.020408163265306124 0.015306122448979593 0.0025510204081632655 0.010204081632653062 0.0025510204081632655 0.025510204081632657 0.01785714285714286 0.025510204081632657 0.01785714285714286 0.01785714285714286 0.007653061224489797 0.022959183673469392 0.020408163265306124 0.022959183673469392 0.025510204081632657 0.0025510204081632655 0.010204081632653062 0.022959183673469392 0.005102040816326531 0.020408163265306124 0.022959183673469392 0.007653061224489797 0.025510204081632657 0.020408163265306124 0.0025510204081632655 0.0025510204081632655 0.015306122448979593 0.020408163265306124 0.007653061224489797 0.005102040816326531 0.020408163265306124 0.0025510204081632655 0.015306122448979593 0.025510204081632657 0.0025510204081632655 0.020408163265306124 0.025510204081632657 0.015306122448979593 0.0025510204081632655 0.0 
0.008450704225352117 0.019718309859154945 0.005633802816901412 0.025352112676056356 0.025352112676056356 0.01408450704225353 0.005633802816901412 0.005633802816901412 0.008450704225352117 0.01408450704225353 0.011267605633802824 0.02253521126760565 0.005633802816901412 0.008450704225352117 0.01408450704225353 0.016901408450704234 0.01408450704225353 0.01408450704225353 0.02816901408450706 0.016901408450704234 0.025352112676056356 0.005633802816901412 0.005633802816901412 0.01408450704225353 0.025352112676056356 0.005633802816901412 0.02816901408450706 0.01408450704225353 0.01408450704225353 0.02253521126760565 0.005633802816901412 0.01408450704225353 0.02816901408450706 0.008450704225352117 0.019718309859154945 0.02253521126760565 0.011267605633802824 0.02253521126760565 0.01408450704225353 0.01408450704225353 0.025352112676056356 0.025352112676056356 0.02816901408450706 0.019718309859154945 0.008450704225352117 0.016901408450704234 0.002816901408450706 0.002816901408450706 0.016901408450704234 0.016901408450704234 0.019718309859154945 0.02253521126760565 0.008450704225352117 0.008450704225352117 0.011267605633802824 0.005633802816901412 0.01408450704225353 0.02253521126760565 0.02253521126760565 0.008450704225352117 0.016901408450704234 0.02816901408450706 0.01408450704225353 0.008450704225352117 0.019718309859154945 0.0 
0.0028653295128939845 0.005730659025787969 0.008595988538681954 0.02005730659025789 0.02005730659025789 0.02005730659025789 0.017191977077363908 0.02005730659025789 0.005730659025787969 0.017191977077363908 0.017191977077363908 0.014326647564469924 0.011461318051575938 0.028653295128939847 0.014326647564469924 0.0028653295128939845 0.017191977077363908 0.02005730659025789 0.005730659025787969 0.028653295128939847 0.02578796561604586 0.017191977077363908 0.0028653295128939845 0.017191977077363908 0.028653295128939847 0.008595988538681954 0.008595988538681954 0.017191977077363908 0.005730659025787969 0.028653295128939847 0.0028653295128939845 0.014326647564469924 0.008595988538681954 0.022922636103151876 0.011461318051575938 0.011461318051575938 0.008595988538681954 0.011461318051575938 0.011461318051575938 0.028653295128939847 0.022922636103151876 0.028653295128939847 0.028653295128939847 0.022922636103151876 0.02578796561604586 0.022922636103151876 0.011461318051575938 0.0028653295128939845 0.005730659025787969 0.022922636103151876 0.0028653295128939845 0.014326647564469924 0.028653295128939847 0.008595988538681954 0.017191977077363908 0.022922636103151876 0.008595988538681954 0.02578796561604586 0.0028653295128939845 0.011461318051575938 0.011461318051575938 0.02005730659025789 0.005730659025787969 0.02005730659025789 0.014326647564469924 0.0 
0.011396011396011398 0.019943019943019946 0.014245014245014247 0.022792022792022797 0.0170940170940171 0.00854700854700855 0.011396011396011398 0.00854700854700855 0.00854700854700855 0.0170940170940171 0.00854700854700855 0.00854700854700855 0.011396011396011398 0.019943019943019946 0.0170940170940171 0.0170940170940171 0.028490028490028494 0.0028490028490028496 0.0170940170940171 0.022792022792022797 0.005698005698005699 0.00854700854700855 0.028490028490028494 0.011396011396011398 0.028490028490028494 0.019943019943019946 0.028490028490028494 0.0028490028490028496 0.00854700854700855 0.011396011396011398 0.0028490028490028496 0.00854700854700855 0.00854700854700855 0.028490028490028494 0.028490028490028494 0.005698005698005699 0.014245014245014247 0.011396011396011398 0.022792022792022797 0.019943019943019946 0.022792022792022797 0.025641025641025644 0.0170940170940171 0.005698005698005699 0.028490028490028494 0.00854700854700855 0.005698005698005699 0.014245014245014247 0.022792022792022797 0.028490028490028494 0.014245014245014247 0.0170940170940171 0.011396011396011398 0.011396011396011398 0.00854700854700855 0.025641025641025644 0.005698005698005699 0.028490028490028494 0.00854700854700855 0.025641025641025644 0.00854700854700855 0.014245014245014247 0.00854700854700855 0.014245014245014247 0.019943019943019946 0.0 
0.002724795640326976 0.027247956403269758 0.024523160762942784 0.002724795640326976 0.024523160762942784 0.008174386920980927 0.024523160762942784 0.024523160762942784 0.010899182561307903 0.024523160762942784 0.008174386920980927 0.021798365122615806 0.005449591280653952 0.021798365122615806 0.008174386920980927 0.002724795640326976 0.027247956403269758 0.024523160762942784 0.002724795640326976 0.010899182561307903 0.005449591280653952 0.010899182561307903 0.021798365122615806 0.016348773841961855 0.013623978201634879 0.027247956403269758 0.013623978201634879 0.027247956403269758 0.005449591280653952 0.024523160762942784 0.016348773841961855 0.019073569482288832 0.005449591280653952 0.016348773841961855 0.024523160762942784 0.021798365122615806 0.019073569482288832 0.019073569482288832 0.010899182561307903 0.013623978201634879 0.021798365122615806 0.021798365122615806 0.016348773841961855 0.002724795640326976 0.013623978201634879 0.008174386920980927 0.002724795640326976 0.016348773841961855 0.016348773841961855 0.013623978201634879 0.019073569482288832 0.027247956403269758 0.002724795640326976 0.024523160762942784 0.005449591280653952 0.013623978201634879 0.024523160762942784 0.027247956403269758 0.013623978201634879 0.019073569482288832 0.005449591280653952 0.013623978201634879 0.008174386920980927 0.010899182561307903 0.010899182561307903 0.0 
0.00598802395209581 0.014970059880239523 0.00598802395209581 0.008982035928143714 0.029940119760479045 0.002994011976047905 0.029940119760479045 0.00598802395209581 0.02395209580838324 0.01197604790419162 0.02395209580838324 0.026946107784431142 0.02395209580838324 0.029940119760479045 0.02395209580838324 0.002994011976047905 0.029940119760479045 0.017964071856287428 0.01197604790419162 0.029940119760479045 0.026946107784431142 0.00598802395209581 0.02395209580838324 0.017964071856287428 0.014970059880239523 0.02095808383233533 0.029940119760479045 0.002994011976047905 0.017964071856287428 0.014970059880239523 0.01197604790419162 0.002994011976047905 0.002994011976047905 0.01197604790419162 0.014970059880239523 0.00598802395209581 0.00598802395209581 0.017964071856287428 0.002994011976047905 0.002994011976047905 0.029940119760479045 0.02395209580838324 0.002994011976047905 0.014970059880239523 0.00598802395209581 0.026946107784431142 0.026946107784431142 0.029940119760479045 0.02395209580838324 0.002994011976047905 0.002994011976047905 0.02395209580838324 0.008982035928143714 0.00598802395209581 0.01197604790419162 0.002994011976047905 0.029940119760479045 0.026946107784431142 0.017964071856287428 0.002994011976047905 0.008982035928143714 0.00598802395209581 0.017964071856287428 0.01197604790419162 0.01197604790419162 0.0 
0.010723860589812327 0.021447721179624655 0.024128686327077736 0.018766756032171573 0.016085790884718492 0.010723860589812327 0.02680965147453082 0.02680965147453082 0.010723860589812327 0.010723860589812327 0.005361930294906164 0.018766756032171573 0.002680965147453082 0.018766756032171573 0.008042895442359246 0.008042895442359246 0.010723860589812327 0.024128686327077736 0.018766756032171573 0.005361930294906164 0.010723860589812327 0.016085790884718492 0.021447721179624655 0.021447721179624655 0.01340482573726541 0.010723860589812327 0.008042895442359246 0.01340482573726541 0.010723860589812327 0.021447721179624655 0.005361930294906164 0.002680965147453082 0.021447721179624655 0.01340482573726541 0.008042895442359246 0.010723860589812327 0.002680965147453082 0.005361930294906164 0.021447721179624655 0.008042895442359246 0.016085790884718492 0.02680965147453082 0.002680965147453082 0.024128686327077736 0.021447721179624655 0.01340482573726541 0.002680965147453082 0.02680965147453082 0.021447721179624655 0.01340482573726541 0.01340482573726541 0.021447721179624655 0.02680965147453082 0.008042895442359246 0.010723860589812327 0.021447721179624655 0.021447721179624655 0.010723860589812327 0.005361930294906164 0.02680965147453082 0.021447721179624655 0.024128686327077736 0.024128686327077736 0.02680965147453082 0.024128686327077736 0.0 
0.014164305949008495 0.014164305949008495 0.022662889518413595 0.02832861189801699 0.02832861189801699 0.014164305949008495 0.011331444759206798 0.02549575070821529 0.019830028328611894 0.014164305949008495 0.02549575070821529 0.02549575070821529 0.019830028328611894 0.014164305949008495 0.014164305949008495 0.02832861189801699 0.022662889518413595 0.008498583569405098 0.016997167138810197 0.005665722379603399 0.022662889518413595 0.011331444759206798 0.0028328611898016994 0.005665722379603399 0.022662889518413595 0.014164305949008495 0.022662889518413595 0.0028328611898016994 0.005665722379603399 0.0028328611898016994 0.019830028328611894 0.011331444759206798 0.008498583569405098 0.02832861189801699 0.011331444759206798 0.005665722379603399 0.02549575070821529 0.011331444759206798 0.005665722379603399 0.016997167138810197 0.014164305949008495 0.02549575070821529 0.0028328611898016994 0.016997167138810197 0.014164305949008495 0.014164305949008495 0.005665722379603399 0.014164305949008495 0.011331444759206798 0.014164305949008495 0.0028328611898016994 0.014164305949008495 0.011331444759206798 0.02549575070821529 0.02832861189801699 0.008498583569405098 0.014164305949008495 0.014164305949008495 0.02832861189801699 0.005665722379603399 0.011331444759206798 0.02832861189801699 0.02549575070821529 0.014164305949008495 0.0028328611898016994 0.0 
0.005747126436781609 0.008620689655172414 0.008620689655172414 0.005747126436781609 0.028735632183908046 0.008620689655172414 0.022988505747126436 0.022988505747126436 0.011494252873563218 0.022988505747126436 0.022988505747126436 0.0028735632183908046 0.011494252873563218 0.028735632183908046 0.022988505747126436 0.02586206896551724 0.028735632183908046 0.011494252873563218 0.02586206896551724 0.022988505747126436 0.022988505747126436 0.022988505747126436 0.008620689655172414 0.008620689655172414 0.022988505747126436 0.011494252873563218 0.022988505747126436 0.022988505747126436 0.005747126436781609 0.020114942528735632 0.0028735632183908046 0.008620689655172414 0.028735632183908046 0.014367816091954023 0.017241379310344827 0.008620689655172414 0.008620689655172414 0.005747126436781609 0.0028735632183908046 0.014367816091954023 0.020114942528735632 0.0028735632183908046 0.02586206896551724 0.014367816091954023 0.014367816091954023 0.008620689655172414 0.008620689655172414 0.02586206896551724 0.014367816091954023 0.028735632183908046 0.02586206896551724 0.008620689655172414 0.008620689655172414 0.02586206896551724 0.017241379310344827 0.011494252873563218 0.017241379310344827 0.017241379310344827 0.005747126436781609 0.005747126436781609 0.028735632183908046 0.005747126436781609 0.005747126436781609 0.005747126436781609 0.014367816091954023 0.0 
0.0056497175141242955 0.02824858757062148 0.011299435028248591 0.01412429378531074 0.008474576271186444 0.016949152542372888 0.0028248587570621478 0.016949152542372888 0.011299435028248591 0.0056497175141242955 0.02824858757062148 0.022598870056497182 0.016949152542372888 0.01412429378531074 0.008474576271186444 0.008474576271186444 0.008474576271186444 0.011299435028248591 0.01412429378531074 0.016949152542372888 0.019774011299435037 0.008474576271186444 0.0028248587570621478 0.02542372881355933 0.019774011299435037 0.01412429378531074 0.022598870056497182 0.0028248587570621478 0.01412429378531074 0.02824858757062148 0.02542372881355933 0.01412429378531074 0.011299435028248591 0.02542372881355933 0.0056497175141242955 0.016949152542372888 0.0056497175141242955 0.019774011299435037 0.019774011299435037 0.016949152542372888 0.011299435028248591 0.022598870056497182 0.011299435028248591 0.02542372881355933 0.022598870056497182 0.011299435028248591 0.016949152542372888 0.016949152542372888 0.0028248587570621478 0.011299435028248591 0.022598870056497182 0.019774011299435037 0.011299435028248591 0.02542372881355933 0.0028248587570621478 0.019774011299435037 0.022598870056497182 0.02542372881355933 0.02542372881355933 0.016949152542372888 0.008474576271186444 0.02824858757062148 0.011299435028248591 0.008474576271186444 0.008474576271186444 0.0 
0.02359882005899705 0.0058997050147492625 0.029498525073746312 0.017699115044247787 0.029498525073746312 0.02654867256637168 0.014749262536873156 0.0058997050147492625 0.02359882005899705 0.0029498525073746312 0.008849557522123894 0.011799410029498525 0.014749262536873156 0.014749262536873156 0.017699115044247787 0.017699115044247787 0.0029498525073746312 0.02654867256637168 0.017699115044247787 0.017699115044247787 0.0058997050147492625 0.02359882005899705 0.017699115044247787 0.02359882005899705 0.008849557522123894 0.014749262536873156 0.029498525073746312 0.0029498525073746312 0.02064896755162242 0.014749262536873156 0.029498525073746312 0.011799410029498525 0.008849557522123894 0.0029498525073746312 0.0058997050147492625 0.02064896755162242 0.029498525073746312 0.008849557522123894 0.0029498525073746312 0.02654867256637168 0.008849557522123894 0.008849557522123894 0.029498525073746312 0.011799410029498525 0.0029498525073746312 0.014749262536873156 0.0029498525073746312 0.02359882005899705 0.0058997050147492625 0.02359882005899705 0.02654867256637168 0.0029498525073746312 0.02654867256637168 0.0058997050147492625 0.011799410029498525 0.0029498525073746312 0.014749262536873156 0.0058997050147492625 0.0029498525073746312 0.02359882005899705 0.02359882005899705 0.029498525073746312 0.011799410029498525 0.02064896755162242 0.017699115044247787 0.0 
0.024324324324324336 0.01351351351351352 0.021621621621621633 0.008108108108108112 0.021621621621621633 0.002702702702702704 0.002702702702702704 0.02702702702702704 0.016216216216216224 0.018918918918918927 0.018918918918918927 0.018918918918918927 0.008108108108108112 0.005405405405405408 0.002702702702702704 0.010810810810810817 0.024324324324324336 0.018918918918918927 0.01351351351351352 0.024324324324324336 0.002702702702702704 0.024324324324324336 0.024324324324324336 0.010810810810810817 0.02702702702702704 0.021621621621621633 0.016216216216216224 0.018918918918918927 0.016216216216216224 0.005405405405405408 0.021621621621621633 0.02702702702702704 0.021621621621621633 0.02702702702702704 0.024324324324324336 0.02702702702702704 0.005405405405405408 0.005405405405405408 0.016216216216216224 0.005405405405405408 0.02702702702702704 0.002702702702702704 0.024324324324324336 0.018918918918918927 0.002702702702702704 0.018918918918918927 0.010810810810810817 0.01351351351351352 0.010810810810810817 0.021621621621621633 0.010810810810810817 0.008108108108108112 0.008108108108108112 0.016216216216216224 0.01351351351351352 0.008108108108108112 0.002702702702702704 0.021621621621621633 0.02702702702702704 0.018918918918918927 0.02702702702702704 0.005405405405405408 0.024324324324324336 0.002702702702702704 0.002702702702702704 0.0 
0.014164305949008495 0.016997167138810197 0.0028328611898016994 0.016997167138810197 0.019830028328611894 0.019830028328611894 0.019830028328611894 0.005665722379603399 0.019830028328611894 0.022662889518413595 0.02549575070821529 0.011331444759206798 0.005665722379603399 0.0028328611898016994 0.014164305949008495 0.019830028328611894 0.008498583569405098 0.016997167138810197 0.005665722379603399 0.005665722379603399 0.019830028328611894 0.02832861189801699 0.008498583569405098 0.022662889518413595 0.014164305949008495 0.02832861189801699 0.008498583569405098 0.02549575070821529 0.011331444759206798 0.014164305949008495 0.02549575070821529 0.02549575070821529 0.016997167138810197 0.02832861189801699 0.022662889518413595 0.005665722379603399 0.019830028328611894 0.02832861189801699 0.0028328611898016994 0.011331444759206798 0.005665722379603399 0.022662889518413595 0.005665722379603399 0.014164305949008495 0.008498583569405098 0.014164305949008495 0.016997167138810197 0.011331444759206798 0.02832861189801699 0.02549575070821529 0.014164305949008495 0.016997167138810197 0.02549575070821529 0.02549575070821529 0.0028328611898016994 0.008498583569405098 0.008498583569405098 0.02549575070821529 0.022662889518413595 0.0028328611898016994 0.016997167138810197 0.008498583569405098 0.0028328611898016994 0.011331444759206798 0.011331444759206798 0.0 
0.005509641873278234 0.00826446280991735 0.019283746556473816 0.019283746556473816 0.002754820936639117 0.019283746556473816 0.019283746556473816 0.022038567493112934 0.013774104683195584 0.011019283746556467 0.02479338842975205 0.027548209366391168 0.019283746556473816 0.005509641873278234 0.02479338842975205 0.011019283746556467 0.027548209366391168 0.005509641873278234 0.02479338842975205 0.002754820936639117 0.011019283746556467 0.02479338842975205 0.00826446280991735 0.027548209366391168 0.005509641873278234 0.022038567493112934 0.005509641873278234 0.0165289256198347 0.00826446280991735 0.02479338842975205 0.022038567493112934 0.002754820936639117 0.0165289256198347 0.022038567493112934 0.002754820936639117 0.022038567493112934 0.02479338842975205 0.027548209366391168 0.002754820936639117 0.027548209366391168 0.00826446280991735 0.022038567493112934 0.013774104683195584 0.00826446280991735 0.019283746556473816 0.022038567493112934 0.002754820936639117 0.00826446280991735 0.002754820936639117 0.011019283746556467 0.027548209366391168 0.011019283746556467 0.022038567493112934 0.002754820936639117 0.005509641873278234 0.027548209366391168 0.00826446280991735 0.005509641873278234 0.027548209366391168 0.02479338842975205 0.013774104683195584 0.022038567493112934 0.0165289256198347 0.022038567493112934 0.005509641873278234 0.0 
0.014619883040935665 0.02046783625730993 0.014619883040935665 0.014619883040935665 0.014619883040935665 0.011695906432748532 0.002923976608187133 0.002923976608187133 0.011695906432748532 0.002923976608187133 0.02046783625730993 0.023391812865497064 0.014619883040935665 0.02923976608187133 0.0175438596491228 0.014619883040935665 0.023391812865497064 0.011695906432748532 0.02046783625730993 0.005847953216374266 0.02046783625730993 0.02046783625730993 0.014619883040935665 0.02046783625730993 0.0087719298245614 0.02046783625730993 0.02923976608187133 0.014619883040935665 0.0087719298245614 0.02046783625730993 0.0175438596491228 0.002923976608187133 0.02923976608187133 0.0175438596491228 0.023391812865497064 0.023391812865497064 0.002923976608187133 0.005847953216374266 0.0087719298245614 0.0175438596491228 0.023391812865497064 0.002923976608187133 0.002923976608187133 0.011695906432748532 0.005847953216374266 0.0175438596491228 0.02923976608187133 0.02046783625730993 0.0175438596491228 0.0175438596491228 0.014619883040935665 0.02923976608187133 0.0175438596491228 0.011695906432748532 0.023391812865497064 0.005847953216374266 0.0087719298245614 0.0087719298245614 0.0087719298245614 0.011695906432748532 0.023391812865497064 0.02923976608187133 0.005847953216374266 0.02046783625730993 0.011695906432748532 0.0 
0.011049723756906075 0.027624309392265185 0.027624309392265185 0.024861878453038666 0.013812154696132593 0.005524861878453038 0.01933701657458563 0.02209944751381215 0.02209944751381215 0.002762430939226519 0.011049723756906075 0.005524861878453038 0.011049723756906075 0.005524861878453038 0.01933701657458563 0.008287292817679556 0.008287292817679556 0.008287292817679556 0.011049723756906075 0.027624309392265185 0.024861878453038666 0.002762430939226519 0.002762430939226519 0.02209944751381215 0.024861878453038666 0.024861878453038666 0.011049723756906075 0.013812154696132593 0.013812154696132593 0.01933701657458563 0.008287292817679556 0.024861878453038666 0.024861878453038666 0.008287292817679556 0.027624309392265185 0.02209944751381215 0.027624309392265185 0.008287292817679556 0.011049723756906075 0.01933701657458563 0.02209944751381215 0.024861878453038666 0.027624309392265185 0.01933701657458563 0.008287292817679556 0.002762430939226519 0.002762430939226519 0.011049723756906075 0.011049723756906075 0.008287292817679556 0.008287292817679556 0.008287292817679556 0.005524861878453038 0.02209944751381215 0.027624309392265185 0.016574585635359112 0.02209944751381215 0.016574585635359112 0.002762430939226519 0.005524861878453038 0.011049723756906075 0.01933701657458563 0.027624309392265185 0.008287292817679556 0.024861878453038666 0.0 
0.020887728459530026 0.015665796344647518 0.018276762402088774 0.018276762402088774 0.013054830287206266 0.018276762402088774 0.02349869451697128 0.02610966057441253 0.007832898172323759 0.005221932114882507 0.015665796344647518 0.02610966057441253 0.02610966057441253 0.005221932114882507 0.02610966057441253 0.02610966057441253 0.015665796344647518 0.015665796344647518 0.005221932114882507 0.013054830287206266 0.013054830287206266 0.020887728459530026 0.007832898172323759 0.020887728459530026 0.013054830287206266 0.010443864229765013 0.005221932114882507 0.0026109660574412533 0.0026109660574412533 0.013054830287206266 0.02349869451697128 0.0026109660574412533 0.013054830287206266 0.02610966057441253 0.007832898172323759 0.013054830287206266 0.020887728459530026 0.018276762402088774 0.007832898172323759 0.02610966057441253 0.015665796344647518 0.010443864229765013 0.02610966057441253 0.020887728459530026 0.013054830287206266 0.005221932114882507 0.0026109660574412533 0.02610966057441253 0.015665796344647518 0.013054830287206266 0.013054830287206266 0.013054830287206266 0.010443864229765013 0.02610966057441253 0.0026109660574412533 0.005221932114882507 0.015665796344647518 0.018276762402088774 0.015665796344647518 0.015665796344647518 0.02610966057441253 0.018276762402088774 0.018276762402088774 0.02610966057441253 0.015665796344647518 0.0 
0.016042780748663103 0.0106951871657754 0.02406417112299465 0.01871657754010695 0.013368983957219251 0.008021390374331552 0.02406417112299465 0.026737967914438502 0.026737967914438502 0.0106951871657754 0.026737967914438502 0.008021390374331552 0.01871657754010695 0.013368983957219251 0.01871657754010695 0.01871657754010695 0.02406417112299465 0.0053475935828877 0.01871657754010695 0.026737967914438502 0.016042780748663103 0.01871657754010695 0.02406417112299465 0.01871657754010695 0.0053475935828877 0.026737967914438502 0.0053475935828877 0.00267379679144385 0.00267379679144385 0.026737967914438502 0.016042780748663103 0.00267379679144385 0.016042780748663103 0.0053475935828877 0.02406417112299465 0.00267379679144385 0.016042780748663103 0.0053475935828877 0.00267379679144385 0.026737967914438502 0.00267379679144385 0.016042780748663103 0.02406417112299465 0.01871657754010695 0.0053475935828877 0.0106951871657754 0.0213903743315508 0.016042780748663103 0.0213903743315508 0.02406417112299465 0.00267379679144385 0.026737967914438502 0.0053475935828877 0.0053475935828877 0.026737967914438502 0.0053475935828877 0.016042780748663103 0.00267379679144385 0.0053475935828877 0.026737967914438502 0.02406417112299465 0.013368983957219251 0.02406417112299465 0.02406417112299465 0.008021390374331552 0.0 
0.02923976608187135 0.0029239766081871348 0.0058479532163742695 0.008771929824561405 0.0058479532163742695 0.02923976608187135 0.020467836257309944 0.0058479532163742695 0.023391812865497078 0.011695906432748539 0.023391812865497078 0.01754385964912281 0.02923976608187135 0.011695906432748539 0.0029239766081871348 0.01754385964912281 0.0058479532163742695 0.023391812865497078 0.014619883040935675 0.014619883040935675 0.01754385964912281 0.0058479532163742695 0.023391812865497078 0.02923976608187135 0.0029239766081871348 0.020467836257309944 0.02923976608187135 0.023391812865497078 0.0029239766081871348 0.0058479532163742695 0.023391812865497078 0.014619883040935675 0.0029239766081871348 0.0029239766081871348 0.008771929824561405 0.023391812865497078 0.0029239766081871348 0.0058479532163742695 0.026315789473684216 0.01754385964912281 0.0029239766081871348 0.008771929824561405 0.023391812865497078 0.02923976608187135 0.011695906432748539 0.020467836257309944 0.026315789473684216 0.020467836257309944 0.011695906432748539 0.011695906432748539 0.011695906432748539 0.008771929824561405 0.026315789473684216 0.02923976608187135 0.008771929824561405 0.014619883040935675 0.026315789473684216 0.014619883040935675 0.011695906432748539 0.0058479532163742695 0.014619883040935675 0.0058479532163742695 0.023391812865497078 0.023391812865497078 0.014619883040935675 0.0 
0.027607361963190195 0.021472392638036818 0.01533742331288344 0.006134969325153376 0.027607361963190195 0.03067484662576688 0.003067484662576688 0.01533742331288344 0.01533742331288344 0.009202453987730065 0.006134969325153376 0.01840490797546013 0.03067484662576688 0.024539877300613504 0.009202453987730065 0.012269938650306752 0.006134969325153376 0.024539877300613504 0.021472392638036818 0.021472392638036818 0.012269938650306752 0.012269938650306752 0.01533742331288344 0.003067484662576688 0.021472392638036818 0.009202453987730065 0.01533742331288344 0.009202453987730065 0.01533742331288344 0.003067484662576688 0.009202453987730065 0.003067484662576688 0.006134969325153376 0.01840490797546013 0.01533742331288344 0.01533742331288344 0.01840490797546013 0.027607361963190195 0.024539877300613504 0.01840490797546013 0.006134969325153376 0.003067484662576688 0.006134969325153376 0.03067484662576688 0.024539877300613504 0.01840490797546013 0.003067484662576688 0.027607361963190195 0.01533742331288344 0.009202453987730065 0.027607361963190195 0.024539877300613504 0.006134969325153376 0.006134969325153376 0.009202453987730065 0.003067484662576688 0.012269938650306752 0.021472392638036818 0.012269938650306752 0.01533742331288344 0.009202453987730065 0.024539877300613504 0.021472392638036818 0.03067484662576688 0.012269938650306752 0.0 
0.022471910112359553 0.008426966292134833 0.01404494382022472 0.011235955056179777 0.005617977528089888 0.011235955056179777 0.025280898876404497 0.008426966292134833 0.016853932584269666 0.011235955056179777 0.025280898876404497 0.016853932584269666 0.008426966292134833 0.002808988764044944 0.01404494382022472 0.005617977528089888 0.01404494382022472 0.002808988764044944 0.011235955056179777 0.01966292134831461 0.016853932584269666 0.01404494382022472 0.022471910112359553 0.016853932584269666 0.01404494382022472 0.01404494382022472 0.022471910112359553 0.016853932584269666 0.025280898876404497 0.022471910112359553 0.011235955056179777 0.002808988764044944 0.005617977528089888 0.008426966292134833 0.01966292134831461 0.01966292134831461 0.022471910112359553 0.025280898876404497 0.016853932584269666 0.005617977528089888 0.01966292134831461 0.008426966292134833 0.022471910112359553 0.005617977528089888 0.016853932584269666 0.02808988764044944 0.01966292134831461 0.02808988764044944 0.022471910112359553 0.022471910112359553 0.008426966292134833 0.005617977528089888 0.025280898876404497 0.01966292134831461 0.02808988764044944 0.008426966292134833 0.002808988764044944 0.016853932584269666 0.01966292134831461 0.01966292134831461 0.016853932584269666 0.002808988764044944 0.01966292134831461 0.01966292134831461 0.01404494382022472 0.0 
0.016085790884718492 0.005361930294906164 0.016085790884718492 0.018766756032171573 0.005361930294906164 0.021447721179624655 0.010723860589812327 0.008042895442359246 0.002680965147453082 0.002680965147453082 0.018766756032171573 0.02680965147453082 0.024128686327077736 0.02680965147453082 0.01340482573726541 0.018766756032171573 0.005361930294906164 0.002680965147453082 0.016085790884718492 0.018766756032171573 0.021447721179624655 0.02680965147453082 0.024128686327077736 0.02680965147453082 0.018766756032171573 0.01340482573726541 0.02680965147453082 0.018766756032171573 0.018766756032171573 0.002680965147453082 0.021447721179624655 0.024128686327077736 0.005361930294906164 0.016085790884718492 0.005361930294906164 0.010723860589812327 0.02680965147453082 0.008042895442359246 0.01340482573726541 0.010723860589812327 0.005361930294906164 0.010723860589812327 0.008042895442359246 0.01340482573726541 0.021447721179624655 0.01340482573726541 0.01340482573726541 0.02680965147453082 0.024128686327077736 0.008042895442359246 0.024128686327077736 0.021447721179624655 0.02680965147453082 0.018766756032171573 0.005361930294906164 0.02680965147453082 0.024128686327077736 0.002680965147453082 0.01340482573726541 0.002680965147453082 0.005361930294906164 0.021447721179624655 0.005361930294906164 0.024128686327077736 0.01340482573726541 0.0 
0.023460410557184765 0.017595307917888575 0.008797653958944288 0.02639296187683286 0.0029325513196480956 0.011730205278592382 0.02639296187683286 0.02639296187683286 0.020527859237536666 0.023460410557184765 0.0029325513196480956 0.008797653958944288 0.005865102639296191 0.014662756598240479 0.029325513196480957 0.011730205278592382 0.0029325513196480956 0.029325513196480957 0.029325513196480957 0.02639296187683286 0.020527859237536666 0.017595307917888575 0.023460410557184765 0.008797653958944288 0.008797653958944288 0.011730205278592382 0.0029325513196480956 0.014662756598240479 0.029325513196480957 0.029325513196480957 0.0029325513196480956 0.008797653958944288 0.005865102639296191 0.008797653958944288 0.008797653958944288 0.005865102639296191 0.014662756598240479 0.014662756598240479 0.0029325513196480956 0.020527859237536666 0.008797653958944288 0.0029325513196480956 0.005865102639296191 0.017595307917888575 0.017595307917888575 0.029325513196480957 0.029325513196480957 0.023460410557184765 0.017595307917888575 0.014662756598240479 0.011730205278592382 0.005865102639296191 0.014662756598240479 0.020527859237536666 0.014662756598240479 0.029325513196480957 0.005865102639296191 0.008797653958944288 0.017595307917888575 0.011730205278592382 0.020527859237536666 0.014662756598240479 0.017595307917888575 0.02639296187683286 0.0029325513196480956 0.0 
0.0028248587570621473 0.016949152542372885 0.0028248587570621473 0.01129943502824859 0.016949152542372885 0.0028248587570621473 0.016949152542372885 0.014124293785310738 0.008474576271186442 0.008474576271186442 0.019774011299435033 0.005649717514124295 0.01129943502824859 0.014124293785310738 0.02542372881355933 0.02542372881355933 0.019774011299435033 0.028248587570621476 0.019774011299435033 0.008474576271186442 0.005649717514124295 0.008474576271186442 0.028248587570621476 0.02259887005649718 0.028248587570621476 0.016949152542372885 0.0028248587570621473 0.019774011299435033 0.016949152542372885 0.02259887005649718 0.008474576271186442 0.0028248587570621473 0.019774011299435033 0.014124293785310738 0.01129943502824859 0.01129943502824859 0.014124293785310738 0.019774011299435033 0.02542372881355933 0.028248587570621476 0.02542372881355933 0.005649717514124295 0.028248587570621476 0.014124293785310738 0.02542372881355933 0.005649717514124295 0.014124293785310738 0.016949152542372885 0.0028248587570621473 0.016949152542372885 0.01129943502824859 0.014124293785310738 0.008474576271186442 0.01129943502824859 0.014124293785310738 0.016949152542372885 0.005649717514124295 0.019774011299435033 0.019774011299435033 0.014124293785310738 0.02542372881355933 0.005649717514124295 0.019774011299435033 0.02259887005649718 0.028248587570621476 0.0 
0.013192612137203163 0.02374670184696569 0.015831134564643797 0.013192612137203163 0.026385224274406326 0.01846965699208443 0.01846965699208443 0.02374670184696569 0.015831134564643797 0.021108179419525062 0.02374670184696569 0.01846965699208443 0.02374670184696569 0.013192612137203163 0.015831134564643797 0.01846965699208443 0.015831134564643797 0.0026385224274406327 0.0026385224274406327 0.007915567282321899 0.021108179419525062 0.0052770448548812654 0.0026385224274406327 0.02374670184696569 0.007915567282321899 0.01846965699208443 0.01846965699208443 0.013192612137203163 0.01846965699208443 0.0026385224274406327 0.02374670184696569 0.0026385224274406327 0.010554089709762531 0.01846965699208443 0.02374670184696569 0.02374670184696569 0.013192612137203163 0.0052770448548812654 0.015831134564643797 0.01846965699208443 0.015831134564643797 0.021108179419525062 0.01846965699208443 0.01846965699208443 0.01846965699208443 0.007915567282321899 0.0052770448548812654 0.0026385224274406327 0.02374670184696569 0.007915567282321899 0.010554089709762531 0.0026385224274406327 0.0026385224274406327 0.013192612137203163 0.026385224274406326 0.02374670184696569 0.01846965699208443 0.026385224274406326 0.026385224274406326 0.026385224274406326 0.007915567282321899 0.021108179419525062 0.007915567282321899 0.015831134564643797 0.010554089709762531 0.0 
0.002747252747252747 0.024725274725274717 0.00824175824175824 0.005494505494505494 0.027472527472527465 0.021978021978021976 0.002747252747252747 0.010989010989010988 0.01648351648351648 0.027472527472527465 0.002747252747252747 0.027472527472527465 0.01923076923076923 0.00824175824175824 0.027472527472527465 0.024725274725274717 0.024725274725274717 0.013736263736263733 0.002747252747252747 0.010989010989010988 0.010989010989010988 0.013736263736263733 0.00824175824175824 0.010989010989010988 0.027472527472527465 0.021978021978021976 0.002747252747252747 0.024725274725274717 0.01923076923076923 0.005494505494505494 0.00824175824175824 0.027472527472527465 0.021978021978021976 0.010989010989010988 0.013736263736263733 0.00824175824175824 0.01923076923076923 0.021978021978021976 0.01923076923076923 0.01648351648351648 0.00824175824175824 0.00824175824175824 0.013736263736263733 0.005494505494505494 0.027472527472527465 0.010989010989010988 0.00824175824175824 0.010989010989010988 0.01648351648351648 0.027472527472527465 0.021978021978021976 0.00824175824175824 0.024725274725274717 0.021978021978021976 0.005494505494505494 0.005494505494505494 0.021978021978021976 0.00824175824175824 0.021978021978021976 0.01648351648351648 0.021978021978021976 0.002747252747252747 0.002747252747252747 0.027472527472527465 0.027472527472527465 0.0 
0.011235955056179775 0.025280898876404494 0.008426966292134831 0.02247191011235955 0.028089887640449437 0.016853932584269662 0.0056179775280898875 0.014044943820224719 0.0056179775280898875 0.008426966292134831 0.028089887640449437 0.025280898876404494 0.014044943820224719 0.011235955056179775 0.008426966292134831 0.014044943820224719 0.025280898876404494 0.014044943820224719 0.008426966292134831 0.011235955056179775 0.0056179775280898875 0.0056179775280898875 0.019662921348314606 0.0056179775280898875 0.019662921348314606 0.011235955056179775 0.016853932584269662 0.02247191011235955 0.011235955056179775 0.028089887640449437 0.011235955056179775 0.025280898876404494 0.008426966292134831 0.0056179775280898875 0.0056179775280898875 0.016853932584269662 0.02247191011235955 0.0028089887640449437 0.0056179775280898875 0.028089887640449437 0.014044943820224719 0.0056179775280898875 0.02247191011235955 0.019662921348314606 0.016853932584269662 0.016853932584269662 0.02247191011235955 0.014044943820224719 0.0028089887640449437 0.028089887640449437 0.025280898876404494 0.014044943820224719 0.0056179775280898875 0.014044943820224719 0.019662921348314606 0.019662921348314606 0.008426966292134831 0.028089887640449437 0.019662921348314606 0.008426966292134831 0.028089887640449437 0.014044943820224719 0.019662921348314606 0.011235955056179775 0.016853932584269662 0.0 
0.005347593582887701 0.005347593582887701 0.005347593582887701 0.02673796791443851 0.02406417112299466 0.005347593582887701 0.016042780748663107 0.008021390374331553 0.016042780748663107 0.013368983957219254 0.013368983957219254 0.008021390374331553 0.005347593582887701 0.021390374331550804 0.016042780748663107 0.008021390374331553 0.013368983957219254 0.021390374331550804 0.010695187165775402 0.005347593582887701 0.016042780748663107 0.0026737967914438505 0.013368983957219254 0.021390374331550804 0.021390374331550804 0.02406417112299466 0.013368983957219254 0.010695187165775402 0.008021390374331553 0.02406417112299466 0.02406417112299466 0.010695187165775402 0.02673796791443851 0.0026737967914438505 0.008021390374331553 0.016042780748663107 0.010695187165775402 0.016042780748663107 0.010695187165775402 0.02673796791443851 0.008021390374331553 0.013368983957219254 0.02406417112299466 0.02406417112299466 0.021390374331550804 0.021390374331550804 0.008021390374331553 0.02673796791443851 0.013368983957219254 0.018716577540106954 0.018716577540106954 0.010695187165775402 0.02406417112299466 0.018716577540106954 0.008021390374331553 0.021390374331550804 0.018716577540106954 0.0026737967914438505 0.018716577540106954 0.02673796791443851 0.018716577540106954 0.018716577540106954 0.018716577540106954 0.013368983957219254 0.02673796791443851 0.0 
0.01595744680851064 0.021276595744680854 0.010638297872340427 0.00797872340425532 0.026595744680851068 0.010638297872340427 0.018617021276595747 0.0053191489361702135 0.021276595744680854 0.018617021276595747 0.010638297872340427 0.02393617021276596 0.02393617021276596 0.01595744680851064 0.02393617021276596 0.0026595744680851068 0.021276595744680854 0.00797872340425532 0.018617021276595747 0.02393617021276596 0.0026595744680851068 0.013297872340425534 0.02393617021276596 0.010638297872340427 0.010638297872340427 0.018617021276595747 0.013297872340425534 0.02393617021276596 0.02393617021276596 0.026595744680851068 0.0026595744680851068 0.0026595744680851068 0.018617021276595747 0.01595744680851064 0.018617021276595747 0.01595744680851064 0.02393617021276596 0.021276595744680854 0.00797872340425532 0.021276595744680854 0.00797872340425532 0.010638297872340427 0.01595744680851064 0.01595744680851064 0.010638297872340427 0.00797872340425532 0.0053191489361702135 0.021276595744680854 0.026595744680851068 0.021276595744680854 0.00797872340425532 0.021276595744680854 0.0026595744680851068 0.00797872340425532 0.00797872340425532 0.02393617021276596 0.021276595744680854 0.021276595744680854 0.02393617021276596 0.021276595744680854 0.0026595744680851068 0.010638297872340427 0.0026595744680851068 0.013297872340425534 0.021276595744680854 0.0 
0.002638522427440633 0.026385224274406333 0.021108179419525065 0.018469656992084433 0.005277044854881266 0.021108179419525065 0.026385224274406333 0.026385224274406333 0.021108179419525065 0.013192612137203167 0.013192612137203167 0.021108179419525065 0.018469656992084433 0.018469656992084433 0.005277044854881266 0.026385224274406333 0.013192612137203167 0.018469656992084433 0.002638522427440633 0.010554089709762533 0.002638522427440633 0.026385224274406333 0.005277044854881266 0.026385224274406333 0.005277044854881266 0.002638522427440633 0.018469656992084433 0.0079155672823219 0.026385224274406333 0.0079155672823219 0.018469656992084433 0.0158311345646438 0.005277044854881266 0.013192612137203167 0.0079155672823219 0.021108179419525065 0.023746701846965697 0.010554089709762533 0.026385224274406333 0.002638522427440633 0.023746701846965697 0.010554089709762533 0.018469656992084433 0.021108179419525065 0.005277044854881266 0.023746701846965697 0.002638522427440633 0.0079155672823219 0.026385224274406333 0.026385224274406333 0.002638522427440633 0.023746701846965697 0.013192612137203167 0.010554089709762533 0.023746701846965697 0.013192612137203167 0.005277044854881266 0.026385224274406333 0.021108179419525065 0.021108179419525065 0.021108179419525065 0.010554089709762533 0.021108179419525065 0.0079155672823219 0.0079155672823219 0.0 
0.009146341463414627 0.027439024390243885 0.018292682926829253 0.006097560975609752 0.021341463414634134 0.006097560975609752 0.018292682926829253 0.027439024390243885 0.009146341463414627 0.003048780487804876 0.003048780487804876 0.03048780487804876 0.03048780487804876 0.024390243902439008 0.012195121951219504 0.018292682926829253 0.01524390243902438 0.006097560975609752 0.021341463414634134 0.021341463414634134 0.01524390243902438 0.018292682926829253 0.003048780487804876 0.021341463414634134 0.006097560975609752 0.018292682926829253 0.012195121951219504 0.03048780487804876 0.003048780487804876 0.01524390243902438 0.03048780487804876 0.009146341463414627 0.03048780487804876 0.009146341463414627 0.012195121951219504 0.009146341463414627 0.01524390243902438 0.018292682926829253 0.021341463414634134 0.021341463414634134 0.021341463414634134 0.018292682926829253 0.01524390243902438 0.012195121951219504 0.003048780487804876 0.018292682926829253 0.018292682926829253 0.012195121951219504 0.021341463414634134 0.01524390243902438 0.003048780487804876 0.006097560975609752 0.021341463414634134 0.024390243902439008 0.012195121951219504 0.006097560975609752 0.003048780487804876 0.03048780487804876 0.003048780487804876 0.006097560975609752 0.006097560975609752 0.03048780487804876 0.006097560975609752 0.024390243902439008 0.012195121951219504 0.0 
0.02046783625730995 0.0029239766081871356 0.017543859649122813 0.023391812865497085 0.008771929824561406 0.005847953216374271 0.014619883040935679 0.023391812865497085 0.008771929824561406 0.008771929824561406 0.005847953216374271 0.0029239766081871356 0.029239766081871357 0.0029239766081871356 0.023391812865497085 0.02046783625730995 0.023391812865497085 0.029239766081871357 0.023391812865497085 0.029239766081871357 0.0029239766081871356 0.029239766081871357 0.011695906432748543 0.029239766081871357 0.014619883040935679 0.014619883040935679 0.014619883040935679 0.02631578947368422 0.02631578947368422 0.005847953216374271 0.017543859649122813 0.005847953216374271 0.014619883040935679 0.017543859649122813 0.0029239766081871356 0.011695906432748543 0.017543859649122813 0.029239766081871357 0.005847953216374271 0.0029239766081871356 0.011695906432748543 0.017543859649122813 0.008771929824561406 0.011695906432748543 0.017543859649122813 0.008771929824561406 0.017543859649122813 0.02046783625730995 0.02631578947368422 0.011695906432748543 0.0029239766081871356 0.005847953216374271 0.02631578947368422 0.017543859649122813 0.011695906432748543 0.023391812865497085 0.023391812865497085 0.029239766081871357 0.011695906432748543 0.005847953216374271 0.011695906432748543 0.017543859649122813 0.005847953216374271 0.023391812865497085 0.005847953216374271 0.0 
0.027624309392265196 0.00828729281767956 0.022099447513812157 0.011049723756906079 0.005524861878453039 0.022099447513812157 0.005524861878453039 0.0027624309392265197 0.011049723756906079 0.024861878453038676 0.027624309392265196 0.027624309392265196 0.022099447513812157 0.005524861878453039 0.011049723756906079 0.005524861878453039 0.022099447513812157 0.027624309392265196 0.005524861878453039 0.019337016574585638 0.01657458563535912 0.011049723756906079 0.027624309392265196 0.019337016574585638 0.024861878453038676 0.013812154696132598 0.022099447513812157 0.019337016574585638 0.01657458563535912 0.011049723756906079 0.027624309392265196 0.019337016574585638 0.005524861878453039 0.005524861878453039 0.01657458563535912 0.005524861878453039 0.005524861878453039 0.005524861878453039 0.011049723756906079 0.011049723756906079 0.00828729281767956 0.019337016574585638 0.024861878453038676 0.027624309392265196 0.022099447513812157 0.027624309392265196 0.005524861878453039 0.013812154696132598 0.011049723756906079 0.0027624309392265197 0.01657458563535912 0.011049723756906079 0.024861878453038676 0.013812154696132598 0.00828729281767956 0.024861878453038676 0.005524861878453039 0.00828729281767956 0.00828729281767956 0.011049723756906079 0.005524861878453039 0.01657458563535912 0.024861878453038676 0.019337016574585638 0.027624309392265196 0.0 
0.025 0.009375 0.025 0.0125 0.00625 0.003125 0.03125 0.025 0.01875 0.021875 0.025 0.0125 0.0125 0.0125 0.00625 0.015625 0.01875 0.009375 0.0125 0.009375 0.021875 0.0125 0.021875 0.021875 0.028125 0.009375 0.025 0.021875 0.00625 0.01875 0.01875 0.009375 0.028125 0.01875 0.00625 0.009375 0.0125 0.00625 0.021875 0.00625 0.009375 0.009375 0.003125 0.015625 0.025 0.003125 0.003125 0.03125 0.015625 0.0125 0.00625 0.021875 0.00625 0.028125 0.0125 0.00625 0.0125 0.028125 0.021875 0.01875 0.003125 0.021875 0.01875 0.021875 0.00625 0.0 
0.008695652173913045 0.005797101449275363 0.01449275362318841 0.0028985507246376816 0.01739130434782609 0.008695652173913045 0.011594202898550727 0.008695652173913045 0.02898550724637682 0.02028985507246377 0.011594202898550727 0.026086956521739136 0.02898550724637682 0.01739130434782609 0.011594202898550727 0.02898550724637682 0.005797101449275363 0.026086956521739136 0.005797101449275363 0.01449275362318841 0.011594202898550727 0.0028985507246376816 0.02898550724637682 0.008695652173913045 0.0028985507246376816 0.008695652173913045 0.0028985507246376816 0.01449275362318841 0.02028985507246377 0.011594202898550727 0.026086956521739136 0.01449275362318841 0.0028985507246376816 0.026086956521739136 0.02898550724637682 0.01739130434782609 0.02898550724637682 0.01739130434782609 0.011594202898550727 0.023188405797101453 0.02028985507246377 0.01739130434782609 0.026086956521739136 0.023188405797101453 0.01739130434782609 0.008695652173913045 0.0028985507246376816 0.02898550724637682 0.023188405797101453 0.023188405797101453 0.005797101449275363 0.01449275362318841 0.0028985507246376816 0.02028985507246377 0.02028985507246377 0.005797101449275363 0.023188405797101453 0.011594202898550727 0.0028985507246376816 0.008695652173913045 0.026086956521739136 0.01739130434782609 0.011594202898550727 0.02028985507246377 0.0028985507246376816 0.0 
0.010443864229765011 0.005221932114882506 0.010443864229765011 0.002610966057441253 0.013054830287206262 0.023498694516971272 0.002610966057441253 0.020887728459530023 0.023498694516971272 0.020887728459530023 0.023498694516971272 0.026109660574412524 0.026109660574412524 0.01827676240208877 0.026109660574412524 0.002610966057441253 0.013054830287206262 0.007832898172323757 0.026109660574412524 0.013054830287206262 0.002610966057441253 0.01827676240208877 0.013054830287206262 0.002610966057441253 0.020887728459530023 0.023498694516971272 0.026109660574412524 0.020887728459530023 0.013054830287206262 0.020887728459530023 0.023498694516971272 0.002610966057441253 0.013054830287206262 0.023498694516971272 0.010443864229765011 0.002610966057441253 0.015665796344647515 0.020887728459530023 0.020887728459530023 0.010443864229765011 0.020887728459530023 0.007832898172323757 0.010443864229765011 0.01827676240208877 0.015665796344647515 0.002610966057441253 0.007832898172323757 0.010443864229765011 0.026109660574412524 0.020887728459530023 0.013054830287206262 0.013054830287206262 0.026109660574412524 0.010443864229765011 0.015665796344647515 0.013054830287206262 0.01827676240208877 0.007832898172323757 0.013054830287206262 0.007832898172323757 0.015665796344647515 0.023498694516971272 0.015665796344647515 0.023498694516971272 0.020887728459530023 0.0 
0.007812500000000002 0.02604166666666667 0.01822916666666667 0.013020833333333336 0.005208333333333334 0.020833333333333336 0.02604166666666667 0.002604166666666667 0.007812500000000002 0.023437500000000003 0.002604166666666667 0.023437500000000003 0.020833333333333336 0.02604166666666667 0.023437500000000003 0.007812500000000002 0.023437500000000003 0.02604166666666667 0.015625000000000003 0.015625000000000003 0.013020833333333336 0.005208333333333334 0.007812500000000002 0.007812500000000002 0.01822916666666667 0.013020833333333336 0.007812500000000002 0.007812500000000002 0.015625000000000003 0.007812500000000002 0.007812500000000002 0.002604166666666667 0.01822916666666667 0.01822916666666667 0.01822916666666667 0.02604166666666667 0.023437500000000003 0.002604166666666667 0.023437500000000003 0.023437500000000003 0.005208333333333334 0.023437500000000003 0.01822916666666667 0.002604166666666667 0.020833333333333336 0.02604166666666667 0.002604166666666667 0.010416666666666668 0.020833333333333336 0.013020833333333336 0.002604166666666667 0.023437500000000003 0.01822916666666667 0.007812500000000002 0.02604166666666667 0.023437500000000003 0.015625000000000003 0.02604166666666667 0.01822916666666667 0.013020833333333336 0.015625000000000003 0.023437500000000003 0.020833333333333336 0.005208333333333334 0.013020833333333336 0.0 
0.009584664536741214 0.025559105431309903 0.01597444089456869 0.006389776357827476 0.006389776357827476 0.009584664536741214 0.01597444089456869 0.02875399361022364 0.025559105431309903 0.019169329073482427 0.003194888178913738 0.006389776357827476 0.009584664536741214 0.025559105431309903 0.02875399361022364 0.009584664536741214 0.003194888178913738 0.009584664536741214 0.019169329073482427 0.02875399361022364 0.009584664536741214 0.006389776357827476 0.006389776357827476 0.009584664536741214 0.009584664536741214 0.03194888178913738 0.019169329073482427 0.009584664536741214 0.01597444089456869 0.02875399361022364 0.006389776357827476 0.02875399361022364 0.012779552715654952 0.012779552715654952 0.01597444089456869 0.012779552715654952 0.012779552715654952 0.01597444089456869 0.019169329073482427 0.01597444089456869 0.03194888178913738 0.022364217252396165 0.006389776357827476 0.003194888178913738 0.006389776357827476 0.025559105431309903 0.003194888178913738 0.02875399361022364 0.022364217252396165 0.003194888178913738 0.022364217252396165 0.009584664536741214 0.019169329073482427 0.019169329073482427 0.025559105431309903 0.012779552715654952 0.02875399361022364 0.003194888178913738 0.022364217252396165 0.006389776357827476 0.009584664536741214 0.019169329073482427 0.006389776357827476 0.003194888178913738 0.03194888178913738 0.0 
0.011173184357541898 0.022346368715083796 0.022346368715083796 0.01396648044692737 0.01396648044692737 0.011173184357541898 0.0027932960893854745 0.022346368715083796 0.025139664804469268 0.022346368715083796 0.008379888268156423 0.0027932960893854745 0.016759776536312845 0.025139664804469268 0.01396648044692737 0.025139664804469268 0.025139664804469268 0.01396648044692737 0.011173184357541898 0.022346368715083796 0.0027932960893854745 0.01955307262569832 0.01955307262569832 0.016759776536312845 0.005586592178770949 0.01396648044692737 0.016759776536312845 0.011173184357541898 0.022346368715083796 0.01396648044692737 0.0027932960893854745 0.008379888268156423 0.02793296089385474 0.011173184357541898 0.025139664804469268 0.008379888268156423 0.005586592178770949 0.005586592178770949 0.005586592178770949 0.008379888268156423 0.005586592178770949 0.016759776536312845 0.02793296089385474 0.01955307262569832 0.016759776536312845 0.022346368715083796 0.01955307262569832 0.02793296089385474 0.025139664804469268 0.01955307262569832 0.008379888268156423 0.011173184357541898 0.022346368715083796 0.025139664804469268 0.005586592178770949 0.011173184357541898 0.022346368715083796 0.005586592178770949 0.0027932960893854745 0.02793296089385474 0.016759776536312845 0.016759776536312845 0.008379888268156423 0.008379888268156423 0.022346368715083796 0.0 
0.02368421052631579 0.013157894736842105 0.010526315789473684 0.02368421052631579 0.02631578947368421 0.010526315789473684 0.010526315789473684 0.010526315789473684 0.021052631578947368 0.021052631578947368 0.015789473684210527 0.021052631578947368 0.021052631578947368 0.007894736842105263 0.02368421052631579 0.010526315789473684 0.010526315789473684 0.007894736842105263 0.005263157894736842 0.007894736842105263 0.02368421052631579 0.02631578947368421 0.018421052631578946 0.010526315789473684 0.02368421052631579 0.002631578947368421 0.002631578947368421 0.018421052631578946 0.013157894736842105 0.013157894736842105 0.021052631578947368 0.021052631578947368 0.013157894736842105 0.02631578947368421 0.010526315789473684 0.005263157894736842 0.018421052631578946 0.018421052631578946 0.013157894736842105 0.010526315789473684 0.02631578947368421 0.002631578947368421 0.018421052631578946 0.007894736842105263 0.007894736842105263 0.02368421052631579 0.02631578947368421 0.010526315789473684 0.002631578947368421 0.021052631578947368 0.02631578947368421 0.010526315789473684 0.007894736842105263 0.02368421052631579 0.021052631578947368 0.018421052631578946 0.015789473684210527 0.013157894736842105 0.02368421052631579 0.002631578947368421 0.021052631578947368 0.015789473684210527 0.010526315789473684 0.013157894736842105 0.015789473684210527 0.0 
0.019417475728155345 0.007281553398058255 0.01456310679611651 0.01213592233009709 0.01699029126213593 0.021844660194174765 0.02427184466019418 0.019417475728155345 0.021844660194174765 0.021844660194174765 0.004854368932038836 0.02427184466019418 0.021844660194174765 0.01213592233009709 0.01456310679611651 0.021844660194174765 0.01699029126213593 0.02427184466019418 0.004854368932038836 0.021844660194174765 0.01213592233009709 0.002427184466019418 0.01213592233009709 0.01456310679611651 0.019417475728155345 0.01699029126213593 0.02427184466019418 0.021844660194174765 0.01213592233009709 0.004854368932038836 0.02427184466019418 0.02427184466019418 0.01456310679611651 0.01213592233009709 0.021844660194174765 0.02427184466019418 0.01213592233009709 0.002427184466019418 0.009708737864077673 0.01699029126213593 0.02427184466019418 0.009708737864077673 0.02427184466019418 0.02427184466019418 0.002427184466019418 0.009708737864077673 0.02427184466019418 0.002427184466019418 0.01213592233009709 0.01699029126213593 0.002427184466019418 0.01699029126213593 0.01699029126213593 0.002427184466019418 0.004854368932038836 0.007281553398058255 0.019417475728155345 0.01456310679611651 0.02427184466019418 0.01456310679611651 0.01699029126213593 0.02427184466019418 0.019417475728155345 0.01213592233009709 0.002427184466019418 0.0 
0.011730205278592384 0.017595307917888575 0.005865102639296192 0.026392961876832863 0.011730205278592384 0.026392961876832863 0.02052785923753667 0.005865102639296192 0.026392961876832863 0.02052785923753667 0.01466275659824048 0.01466275659824048 0.011730205278592384 0.02052785923753667 0.017595307917888575 0.008797653958944288 0.01466275659824048 0.02932551319648096 0.02052785923753667 0.02932551319648096 0.008797653958944288 0.005865102639296192 0.026392961876832863 0.002932551319648096 0.005865102639296192 0.01466275659824048 0.011730205278592384 0.02932551319648096 0.02932551319648096 0.002932551319648096 0.005865102639296192 0.005865102639296192 0.02052785923753667 0.002932551319648096 0.01466275659824048 0.02932551319648096 0.005865102639296192 0.01466275659824048 0.023460410557184768 0.005865102639296192 0.008797653958944288 0.002932551319648096 0.002932551319648096 0.017595307917888575 0.026392961876832863 0.01466275659824048 0.008797653958944288 0.023460410557184768 0.02052785923753667 0.008797653958944288 0.026392961876832863 0.01466275659824048 0.01466275659824048 0.023460410557184768 0.02932551319648096 0.01466275659824048 0.005865102639296192 0.026392961876832863 0.002932551319648096 0.017595307917888575 0.01466275659824048 0.02052785923753667 0.002932551319648096 0.017595307917888575 0.011730205278592384 0.0 
0.01204819277108434 0.02409638554216868 0.00602409638554217 0.01807228915662651 0.015060240963855423 0.015060240963855423 0.01807228915662651 0.02409638554216868 0.02409638554216868 0.015060240963855423 0.021084337349397592 0.01204819277108434 0.009036144578313254 0.027108433734939763 0.015060240963855423 0.01807228915662651 0.009036144578313254 0.01807228915662651 0.021084337349397592 0.00602409638554217 0.01204819277108434 0.01807228915662651 0.01807228915662651 0.01807228915662651 0.003012048192771085 0.01204819277108434 0.00602409638554217 0.015060240963855423 0.01204819277108434 0.021084337349397592 0.030120481927710847 0.003012048192771085 0.003012048192771085 0.003012048192771085 0.00602409638554217 0.02409638554216868 0.003012048192771085 0.030120481927710847 0.00602409638554217 0.02409638554216868 0.027108433734939763 0.01807228915662651 0.021084337349397592 0.030120481927710847 0.027108433734939763 0.009036144578313254 0.01807228915662651 0.02409638554216868 0.01204819277108434 0.003012048192771085 0.027108433734939763 0.009036144578313254 0.00602409638554217 0.015060240963855423 0.027108433734939763 0.00602409638554217 0.02409638554216868 0.00602409638554217 0.003012048192771085 0.003012048192771085 0.027108433734939763 0.01204819277108434 0.02409638554216868 0.009036144578313254 0.015060240963855423 0.0 
0.009966777408637868 0.0033222591362126234 0.026578073089700987 0.019933554817275736 0.009966777408637868 0.009966777408637868 0.009966777408637868 0.009966777408637868 0.0033222591362126234 0.013289036544850493 0.016611295681063117 0.006644518272425247 0.033222591362126234 0.0033222591362126234 0.009966777408637868 0.02325581395348836 0.026578073089700987 0.026578073089700987 0.013289036544850493 0.0033222591362126234 0.013289036544850493 0.02325581395348836 0.006644518272425247 0.006644518272425247 0.013289036544850493 0.02990033222591361 0.016611295681063117 0.033222591362126234 0.02325581395348836 0.02325581395348836 0.026578073089700987 0.009966777408637868 0.0033222591362126234 0.006644518272425247 0.019933554817275736 0.009966777408637868 0.02990033222591361 0.009966777408637868 0.006644518272425247 0.006644518272425247 0.019933554817275736 0.02325581395348836 0.02325581395348836 0.006644518272425247 0.02325581395348836 0.019933554817275736 0.02325581395348836 0.016611295681063117 0.016611295681063117 0.033222591362126234 0.013289036544850493 0.013289036544850493 0.02325581395348836 0.006644518272425247 0.006644518272425247 0.0033222591362126234 0.019933554817275736 0.019933554817275736 0.0033222591362126234 0.009966777408637868 0.02325581395348836 0.013289036544850493 0.02325581395348836 0.0033222591362126234 0.013289036544850493 0.0 
0.014409221902017284 0.017291066282420744 0.017291066282420744 0.023054755043227654 0.025936599423631114 0.017291066282420744 0.0028818443804034567 0.023054755043227654 0.011527377521613827 0.020172910662824197 0.014409221902017284 0.017291066282420744 0.008645533141210372 0.020172910662824197 0.011527377521613827 0.025936599423631114 0.008645533141210372 0.008645533141210372 0.0028818443804034567 0.017291066282420744 0.025936599423631114 0.017291066282420744 0.028818443804034567 0.017291066282420744 0.0057636887608069134 0.020172910662824197 0.014409221902017284 0.011527377521613827 0.014409221902017284 0.0057636887608069134 0.025936599423631114 0.023054755043227654 0.011527377521613827 0.014409221902017284 0.0057636887608069134 0.008645533141210372 0.0028818443804034567 0.017291066282420744 0.028818443804034567 0.0028818443804034567 0.0057636887608069134 0.0057636887608069134 0.025936599423631114 0.008645533141210372 0.0028818443804034567 0.020172910662824197 0.011527377521613827 0.017291066282420744 0.008645533141210372 0.020172910662824197 0.014409221902017284 0.008645533141210372 0.011527377521613827 0.020172910662824197 0.014409221902017284 0.028818443804034567 0.0028818443804034567 0.014409221902017284 0.020172910662824197 0.025936599423631114 0.008645533141210372 0.028818443804034567 0.025936599423631114 0.014409221902017284 0.023054755043227654 0.0 
0.022346368715083796 0.02793296089385474 0.011173184357541898 0.008379888268156423 0.025139664804469268 0.01955307262569832 0.02793296089385474 0.0027932960893854745 0.025139664804469268 0.025139664804469268 0.022346368715083796 0.0027932960893854745 0.01396648044692737 0.005586592178770949 0.0027932960893854745 0.025139664804469268 0.008379888268156423 0.025139664804469268 0.008379888268156423 0.005586592178770949 0.01396648044692737 0.008379888268156423 0.011173184357541898 0.005586592178770949 0.008379888268156423 0.016759776536312845 0.005586592178770949 0.02793296089385474 0.005586592178770949 0.016759776536312845 0.005586592178770949 0.01955307262569832 0.022346368715083796 0.0027932960893854745 0.005586592178770949 0.01955307262569832 0.02793296089385474 0.008379888268156423 0.02793296089385474 0.0027932960893854745 0.01955307262569832 0.022346368715083796 0.005586592178770949 0.005586592178770949 0.011173184357541898 0.016759776536312845 0.025139664804469268 0.02793296089385474 0.016759776536312845 0.01396648044692737 0.008379888268156423 0.01955307262569832 0.025139664804469268 0.02793296089385474 0.0027932960893854745 0.005586592178770949 0.01396648044692737 0.011173184357541898 0.022346368715083796 0.011173184357541898 0.008379888268156423 0.022346368715083796 0.02793296089385474 0.02793296089385474 0.022346368715083796 0.0 
0.01226993865030675 0.0030674846625766876 0.0245398773006135 0.0030674846625766876 0.018404907975460127 0.018404907975460127 0.01226993865030675 0.009202453987730064 0.01226993865030675 0.009202453987730064 0.0245398773006135 0.030674846625766874 0.0030674846625766876 0.027607361963190188 0.027607361963190188 0.0030674846625766876 0.0030674846625766876 0.009202453987730064 0.018404907975460127 0.027607361963190188 0.006134969325153375 0.01226993865030675 0.009202453987730064 0.030674846625766874 0.015337423312883437 0.0030674846625766876 0.009202453987730064 0.0030674846625766876 0.018404907975460127 0.030674846625766874 0.009202453987730064 0.01226993865030675 0.015337423312883437 0.015337423312883437 0.018404907975460127 0.0030674846625766876 0.0245398773006135 0.018404907975460127 0.01226993865030675 0.01226993865030675 0.027607361963190188 0.01226993865030675 0.006134969325153375 0.027607361963190188 0.027607361963190188 0.030674846625766874 0.0030674846625766876 0.030674846625766874 0.009202453987730064 0.018404907975460127 0.018404907975460127 0.030674846625766874 0.0030674846625766876 0.006134969325153375 0.021472392638036814 0.006134969325153375 0.0030674846625766876 0.030674846625766874 0.006134969325153375 0.015337423312883437 0.018404907975460127 0.021472392638036814 0.021472392638036814 0.0030674846625766876 0.0245398773006135 0.0 
0.021791767554479417 0.012106537530266344 0.01694915254237288 0.01694915254237288 0.007263922518159807 0.012106537530266344 0.014527845036319613 0.007263922518159807 0.009685230024213076 0.024213075060532687 0.009685230024213076 0.024213075060532687 0.002421307506053269 0.004842615012106538 0.012106537530266344 0.021791767554479417 0.024213075060532687 0.024213075060532687 0.021791767554479417 0.004842615012106538 0.01937046004842615 0.012106537530266344 0.021791767554479417 0.01937046004842615 0.024213075060532687 0.01694915254237288 0.01694915254237288 0.01937046004842615 0.01937046004842615 0.012106537530266344 0.004842615012106538 0.014527845036319613 0.024213075060532687 0.024213075060532687 0.01694915254237288 0.01937046004842615 0.002421307506053269 0.01937046004842615 0.014527845036319613 0.012106537530266344 0.014527845036319613 0.004842615012106538 0.01937046004842615 0.01694915254237288 0.014527845036319613 0.021791767554479417 0.009685230024213076 0.004842615012106538 0.01694915254237288 0.007263922518159807 0.024213075060532687 0.009685230024213076 0.01937046004842615 0.01937046004842615 0.01694915254237288 0.01694915254237288 0.021791767554479417 0.014527845036319613 0.014527845036319613 0.009685230024213076 0.014527845036319613 0.002421307506053269 0.012106537530266344 0.024213075060532687 0.021791767554479417 0.0 
0.005555555555555556 0.027777777777777776 0.019444444444444445 0.025 0.008333333333333333 0.011111111111111112 0.019444444444444445 0.008333333333333333 0.019444444444444445 0.002777777777777778 0.022222222222222223 0.008333333333333333 0.008333333333333333 0.027777777777777776 0.002777777777777778 0.011111111111111112 0.008333333333333333 0.025 0.027777777777777776 0.002777777777777778 0.022222222222222223 0.011111111111111112 0.025 0.027777777777777776 0.016666666666666666 0.013888888888888888 0.019444444444444445 0.016666666666666666 0.027777777777777776 0.025 0.016666666666666666 0.011111111111111112 0.019444444444444445 0.027777777777777776 0.008333333333333333 0.002777777777777778 0.019444444444444445 0.005555555555555556 0.022222222222222223 0.019444444444444445 0.013888888888888888 0.002777777777777778 0.011111111111111112 0.022222222222222223 0.025 0.002777777777777778 0.008333333333333333 0.011111111111111112 0.008333333333333333 0.008333333333333333 0.011111111111111112 0.027777777777777776 0.002777777777777778 0.011111111111111112 0.016666666666666666 0.022222222222222223 0.016666666666666666 0.027777777777777776 0.013888888888888888 0.025 0.002777777777777778 0.002777777777777778 0.027777777777777776 0.005555555555555556 0.022222222222222223 0.0 
0.002967359050445103 0.005934718100890206 0.01780415430267062 0.00890207715133531 0.014836795252225516 0.014836795252225516 0.014836795252225516 0.014836795252225516 0.00890207715133531 0.00890207715133531 0.005934718100890206 0.00890207715133531 0.005934718100890206 0.005934718100890206 0.002967359050445103 0.00890207715133531 0.002967359050445103 0.020771513353115723 0.002967359050445103 0.005934718100890206 0.023738872403560825 0.023738872403560825 0.011869436201780412 0.026706231454005927 0.023738872403560825 0.011869436201780412 0.011869436201780412 0.005934718100890206 0.011869436201780412 0.00890207715133531 0.020771513353115723 0.020771513353115723 0.014836795252225516 0.029673590504451033 0.029673590504451033 0.014836795252225516 0.00890207715133531 0.00890207715133531 0.014836795252225516 0.005934718100890206 0.026706231454005927 0.01780415430267062 0.00890207715133531 0.026706231454005927 0.005934718100890206 0.029673590504451033 0.014836795252225516 0.029673590504451033 0.029673590504451033 0.020771513353115723 0.023738872403560825 0.01780415430267062 0.002967359050445103 0.023738872403560825 0.023738872403560825 0.023738872403560825 0.023738872403560825 0.020771513353115723 0.026706231454005927 0.020771513353115723 0.01780415430267062 0.014836795252225516 0.020771513353115723 0.005934718100890206 0.00890207715133531 0.0 
0.027100271002710036 0.027100271002710036 0.027100271002710036 0.021680216802168025 0.00813008130081301 0.005420054200542006 0.027100271002710036 0.027100271002710036 0.027100271002710036 0.002710027100271003 0.002710027100271003 0.002710027100271003 0.00813008130081301 0.021680216802168025 0.013550135501355018 0.00813008130081301 0.01897018970189702 0.010840108401084013 0.00813008130081301 0.027100271002710036 0.021680216802168025 0.005420054200542006 0.01626016260162602 0.010840108401084013 0.013550135501355018 0.021680216802168025 0.027100271002710036 0.021680216802168025 0.013550135501355018 0.01897018970189702 0.010840108401084013 0.00813008130081301 0.010840108401084013 0.027100271002710036 0.002710027100271003 0.01626016260162602 0.021680216802168025 0.010840108401084013 0.013550135501355018 0.021680216802168025 0.024390243902439032 0.01626016260162602 0.027100271002710036 0.01626016260162602 0.010840108401084013 0.01626016260162602 0.01626016260162602 0.002710027100271003 0.01897018970189702 0.013550135501355018 0.013550135501355018 0.005420054200542006 0.01626016260162602 0.005420054200542006 0.002710027100271003 0.00813008130081301 0.021680216802168025 0.021680216802168025 0.002710027100271003 0.013550135501355018 0.013550135501355018 0.002710027100271003 0.024390243902439032 0.027100271002710036 0.021680216802168025 0.0 
0.005000000000000001 0.010000000000000002 0.0075000000000000015 0.020000000000000004 0.022500000000000003 0.012500000000000004 0.02500000000000001 0.015000000000000003 0.017500000000000005 0.010000000000000002 0.015000000000000003 0.010000000000000002 0.010000000000000002 0.02500000000000001 0.02500000000000001 0.022500000000000003 0.010000000000000002 0.0075000000000000015 0.005000000000000001 0.022500000000000003 0.0075000000000000015 0.017500000000000005 0.02500000000000001 0.015000000000000003 0.02500000000000001 0.0075000000000000015 0.017500000000000005 0.02500000000000001 0.015000000000000003 0.022500000000000003 0.0075000000000000015 0.020000000000000004 0.005000000000000001 0.020000000000000004 0.017500000000000005 0.020000000000000004 0.022500000000000003 0.020000000000000004 0.005000000000000001 0.015000000000000003 0.012500000000000004 0.0025000000000000005 0.0075000000000000015 0.017500000000000005 0.020000000000000004 0.015000000000000003 0.022500000000000003 0.022500000000000003 0.022500000000000003 0.012500000000000004 0.02500000000000001 0.017500000000000005 0.005000000000000001 0.010000000000000002 0.017500000000000005 0.0075000000000000015 0.015000000000000003 0.017500000000000005 0.010000000000000002 0.017500000000000005 0.012500000000000004 0.017500000000000005 0.02500000000000001 0.015000000000000003 0.005000000000000001 0.0 
0.002680965147453082 0.018766756032171573 0.018766756032171573 0.021447721179624655 0.016085790884718492 0.021447721179624655 0.021447721179624655 0.02680965147453082 0.01340482573726541 0.016085790884718492 0.021447721179624655 0.018766756032171573 0.024128686327077736 0.02680965147453082 0.005361930294906164 0.005361930294906164 0.010723860589812327 0.024128686327077736 0.002680965147453082 0.01340482573726541 0.002680965147453082 0.02680965147453082 0.016085790884718492 0.002680965147453082 0.008042895442359246 0.018766756032171573 0.010723860589812327 0.021447721179624655 0.018766756032171573 0.016085790884718492 0.024128686327077736 0.01340482573726541 0.02680965147453082 0.005361930294906164 0.010723860589812327 0.008042895442359246 0.005361930294906164 0.002680965147453082 0.005361930294906164 0.018766756032171573 0.008042895442359246 0.02680965147453082 0.021447721179624655 0.010723860589812327 0.016085790884718492 0.02680965147453082 0.024128686327077736 0.02680965147453082 0.008042895442359246 0.02680965147453082 0.008042895442359246 0.005361930294906164 0.02680965147453082 0.005361930294906164 0.016085790884718492 0.010723860589812327 0.008042895442359246 0.002680965147453082 0.02680965147453082 0.010723860589812327 0.005361930294906164 0.018766756032171573 0.021447721179624655 0.024128686327077736 0.021447721179624655 0.0 
0.010869565217391304 0.008152173913043478 0.010869565217391304 0.005434782608695652 0.021739130434782608 0.024456521739130436 0.010869565217391304 0.019021739130434784 0.005434782608695652 0.019021739130434784 0.016304347826086956 0.021739130434782608 0.016304347826086956 0.019021739130434784 0.008152173913043478 0.02717391304347826 0.01358695652173913 0.005434782608695652 0.010869565217391304 0.01358695652173913 0.021739130434782608 0.002717391304347826 0.024456521739130436 0.02717391304347826 0.016304347826086956 0.019021739130434784 0.002717391304347826 0.010869565217391304 0.021739130434782608 0.01358695652173913 0.002717391304347826 0.008152173913043478 0.019021739130434784 0.02717391304347826 0.02717391304347826 0.016304347826086956 0.019021739130434784 0.019021739130434784 0.019021739130434784 0.019021739130434784 0.01358695652173913 0.008152173913043478 0.021739130434782608 0.024456521739130436 0.01358695652173913 0.002717391304347826 0.02717391304347826 0.002717391304347826 0.021739130434782608 0.01358695652173913 0.024456521739130436 0.010869565217391304 0.021739130434782608 0.016304347826086956 0.021739130434782608 0.008152173913043478 0.02717391304347826 0.01358695652173913 0.005434782608695652 0.016304347826086956 0.005434782608695652 0.019021739130434784 0.008152173913043478 0.021739130434782608 0.005434782608695652 0.0 
0.01404494382022472 0.022471910112359553 0.01404494382022472 0.01966292134831461 0.022471910112359553 0.016853932584269666 0.022471910112359553 0.011235955056179777 0.01966292134831461 0.011235955056179777 0.016853932584269666 0.022471910112359553 0.002808988764044944 0.008426966292134833 0.01966292134831461 0.011235955056179777 0.02808988764044944 0.01404494382022472 0.022471910112359553 0.025280898876404497 0.022471910112359553 0.005617977528089888 0.01404494382022472 0.011235955056179777 0.01404494382022472 0.01966292134831461 0.01404494382022472 0.016853932584269666 0.008426966292134833 0.025280898876404497 0.011235955056179777 0.022471910112359553 0.025280898876404497 0.011235955056179777 0.005617977528089888 0.01404494382022472 0.022471910112359553 0.01966292134831461 0.022471910112359553 0.022471910112359553 0.002808988764044944 0.01966292134831461 0.01966292134831461 0.002808988764044944 0.01966292134831461 0.01966292134831461 0.016853932584269666 0.011235955056179777 0.002808988764044944 0.01966292134831461 0.01966292134831461 0.011235955056179777 0.022471910112359553 0.01404494382022472 0.011235955056179777 0.01966292134831461 0.016853932584269666 0.025280898876404497 0.005617977528089888 0.002808988764044944 0.002808988764044944 0.01404494382022472 0.008426966292134833 0.002808988764044944 0.01404494382022472 0.0 
0.01648351648351648 0.005494505494505494 0.01923076923076923 0.002747252747252747 0.005494505494505494 0.01648351648351648 0.01648351648351648 0.00824175824175824 0.002747252747252747 0.024725274725274717 0.021978021978021976 0.010989010989010988 0.010989010989010988 0.024725274725274717 0.010989010989010988 0.010989010989010988 0.00824175824175824 0.01648351648351648 0.005494505494505494 0.021978021978021976 0.01923076923076923 0.024725274725274717 0.013736263736263733 0.01648351648351648 0.01648351648351648 0.027472527472527465 0.00824175824175824 0.027472527472527465 0.024725274725274717 0.013736263736263733 0.00824175824175824 0.00824175824175824 0.010989010989010988 0.01648351648351648 0.021978021978021976 0.021978021978021976 0.005494505494505494 0.027472527472527465 0.01923076923076923 0.005494505494505494 0.027472527472527465 0.01923076923076923 0.013736263736263733 0.013736263736263733 0.01648351648351648 0.005494505494505494 0.021978021978021976 0.01923076923076923 0.01923076923076923 0.005494505494505494 0.021978021978021976 0.005494505494505494 0.013736263736263733 0.024725274725274717 0.021978021978021976 0.002747252747252747 0.010989010989010988 0.021978021978021976 0.01923076923076923 0.021978021978021976 0.00824175824175824 0.01923076923076923 0.013736263736263733 0.010989010989010988 0.021978021978021976 0.0 
1.0 0.0 0.0 0.0 0.0 0.0 0.0 0.0 0.0 0.0 0.0 0.0 0.0 0.0 0.0 0.0 0.0 0.0 0.0 0.0 0.0 0.0 0.0 0.0 0.0 0.0 0.0 0.0 0.0 0.0 0.0 0.0 0.0 0.0 0.0 0.0 0.0 0.0 0.0 0.0 0.0 0.0 0.0 0.0 0.0 0.0 0.0 0.0 0.0 0.0 0.0 0.0 0.0 0.0 0.0 0.0 0.0 0.0 0.0 0.0 0.0 0.0 0.0 0.0 0.0 0.0 

emissions
1 1 1 1 1 1 1 1 1 1 1 1 1 1 1 1 1 1 1 1 1 1 1 1 1 1 1 1 1 1 1 1 1 1 1 1 1 1 1 1 1 1 1 1 1 1 1 1 1 1 1 1 1 1 1 1 1 1 1 1 1 1 1 1 1 0 
0 0 0 0 0 0 0 0 0 0 0 0 0 0 0 0 0 0 0 0 0 0 0 0 0 0 0 0 0 0 0 0 0 0 0 0 0 0 0 0 0 0 0 0 0 0 0 0 0 0 0 0 0 0 0 0 0 0 0 0 0 0 0 0 0 1 
