states
0 1 2 3 4 5 6 7 8 9 10 11 12 13 14 15 16 17 18 19 20 21 22 23 24 25 26 27 28 29 30 31 32 33 34 35 36 37 38 39 40 41 42 43 44 45 46 47 48 49 50 51 52 53 54 55 56 
labels
empty init 
initial
1.0 0.0 0.0 0.0 0.0 0.0 0.0 0.0 0.0 0.0 0.0 0.0 0.0 0.0 0.0 0.0 0.0 0.0 0.0 0.0 0.0 0.0 0.0 0.0 0.0 0.0 0.0 0.0 0.0 0.0 0.0 0.0 0.0 0.0 0.0 0.0 0.0 0.0 0.0 0.0 0.0 0.0 0.0 0.0 0.0 0.0 0.0 0.0 0.0 0.0 0.0 0.0 0.0 0.0 0.0 0.0 0.0
transitions
0.024059999999999995 0.020089999999999997 0.0050799999999999994 0.020119999999999996 0.007959999999999998 0.024589999999999994 0.020809999999999995 0.019239999999999997 0.020409999999999998 0.027859999999999992 0.012089999999999997 0.020569999999999998 0.012599999999999997 0.016339999999999997 0.02617999999999999 0.004449999999999999 0.015369999999999997 0.015799999999999998 0.012019999999999996 0.025659999999999992 0.026839999999999992 0.013699999999999997 0.005619999999999999 0.026309999999999993 0.027639999999999994 0.005599999999999999 0.003499999999999999 0.012169999999999997 0.027689999999999992 0.008029999999999999 0.025879999999999993 0.011919999999999997 0.025119999999999993 0.022249999999999995 0.026289999999999994 0.021929999999999998 0.017949999999999997 0.014339999999999997 0.014259999999999997 0.009479999999999999 0.016669999999999997 0.022319999999999996 0.028769999999999993 0.005629999999999999 0.0022799999999999995 0.029399999999999992 0.00022999999999999995 0.016929999999999997 0.026219999999999993 0.012709999999999997 0.02421999999999999 0.0012599999999999998 0.030449999999999994 0.023039999999999998 0.021259999999999998 0.016759999999999997 0.024029999999999992 
0.013889999999999996 0.031009999999999992 0.008539999999999999 0.0008299999999999998 0.014579999999999996 0.014429999999999997 0.035489999999999994 0.012849999999999997 0.025589999999999995 0.009329999999999998 0.0016399999999999995 0.010649999999999998 0.03294999999999999 0.016189999999999996 0.033729999999999996 0.029539999999999993 0.034409999999999996 0.0029199999999999994 0.024489999999999994 0.015329999999999996 0.009159999999999998 0.009639999999999998 0.02489999999999999 0.024979999999999992 0.013039999999999996 0.032279999999999996 0.019909999999999997 0.022069999999999996 0.025219999999999992 0.014879999999999997 0.016589999999999997 0.0063799999999999985 0.005019999999999999 0.015699999999999995 0.004899999999999999 0.028969999999999992 0.017729999999999996 0.0021999999999999997 0.006469999999999998 0.017469999999999996 0.011829999999999997 0.031059999999999994 0.013419999999999996 0.015299999999999996 0.008529999999999998 0.0023399999999999996 0.00030999999999999995 0.010749999999999997 0.03337999999999999 0.028279999999999993 0.026759999999999992 0.025339999999999994 0.0030499999999999993 0.022899999999999997 0.021209999999999996 0.029479999999999992 0.030159999999999992 
0.01528 0.00112 0.00236 0.01594 0.01259 0.02808 0.00383 0.03089 0.02359 0.03029 0.02757 0.01957 0.03178 0.02954 0.03011 0.02307 0.02662 0.02934 0.02295 0.03061 0.00397 0.00657 0.00724 0.00149 0.03159 0.02337 0.01463 0.02303 0.01452 0.01824 0.00961 0.01326 0.02125 0.02067 0.00544 0.02633 0.01814 0.02337 0.00691 0.00109 0.01374 0.00416 0.00584 0.01994 0.01368 0.03014 0.0183 0.01537 0.01454 0.0146 0.01683 0.02957 0.00137 0.02313 0.02307 0.00104 0.02883 
0.008860000000000002 0.011150000000000002 0.010860000000000002 0.018050000000000004 0.0041600000000000005 0.03189000000000001 0.020310000000000005 0.008910000000000001 0.020290000000000002 0.029460000000000007 0.030590000000000006 0.007650000000000001 0.030610000000000005 0.019800000000000005 0.014470000000000004 0.026420000000000006 0.022960000000000005 0.022160000000000003 0.007580000000000002 0.020330000000000004 0.015850000000000003 0.022080000000000002 0.017620000000000004 0.015840000000000003 0.017370000000000003 0.023360000000000002 0.014920000000000003 0.022200000000000004 0.021450000000000004 0.010330000000000002 0.015310000000000004 0.028180000000000007 0.0032500000000000007 0.025400000000000006 0.017990000000000003 0.027940000000000006 0.018720000000000004 0.008610000000000001 0.005370000000000001 0.0027000000000000006 0.021300000000000003 0.025450000000000007 0.016840000000000004 0.030250000000000006 0.011600000000000001 0.025880000000000007 0.008350000000000002 0.016030000000000003 0.0068800000000000016 0.02678000000000001 0.032350000000000004 0.017660000000000002 0.0009400000000000002 0.015280000000000004 0.018720000000000004 0.009490000000000002 0.015200000000000003 
0.022240222402224022 0.0015300153001530014 0.02823028230282303 0.026300263002630025 0.007820078200782008 0.004770047700477005 0.027590275902759025 0.02765027650276503 0.009460094600946009 0.027950279502795026 0.024710247102471022 0.001010010100101001 0.019430194301943017 0.020660206602066022 0.02268022680226802 0.02265022650226502 0.028290282902829027 0.028120281202812025 0.019150191501915017 0.02139021390213902 0.004480044800448004 0.009470094700947009 0.012010120101201012 0.007180071800718006 0.025410254102541024 0.011120111201112011 0.009030090300903008 0.011650116501165013 0.03232032320323203 0.03503035030350303 0.00967009670096701 0.020280202802028018 0.035640356403564034 0.0038300383003830036 0.026070260702607026 0.02175021750217502 0.024860248602486024 0.021670216702167018 0.021190211902119022 0.0037700377003770033 0.014040140401404014 0.029160291602916028 0.022030220302203023 0.006530065300653007 0.0054800548005480045 0.006220062200622006 0.027620276202762025 0.0037700377003770033 0.002000020000200002 0.009550095500955008 0.023880238802388022 0.02052020520205202 0.010570105701057009 0.027510275102751027 0.03091030910309103 0.007230072300723007 0.014910149101491015 
0.019560195601956026 0.003310033100331004 0.024000240002400027 0.01715017150171502 0.006480064800648007 0.011110111101111013 0.02423024230242303 0.009440094400944012 0.013350133501335017 0.00998009980099801 0.020540205402054024 0.003940039400394005 0.006000060000600007 0.02359023590235903 0.03467034670346704 0.019070190701907023 0.004470044700447005 0.015380153801538017 0.004530045300453005 0.006670066700667008 0.03807038070380704 0.003930039300393005 0.029730297302973035 0.03143031430314304 0.009910099100991013 0.02253022530225303 0.02632026320263203 0.006650066500665007 0.03234032340323404 0.01731017310173102 0.015610156101561018 0.020190201902019023 0.009900099000990013 0.03499034990349904 0.03736037360373604 0.03455034550345504 0.0036900369003690045 0.01812018120181202 8.00008000080001e-05 0.02510025100251003 0.021560215602156024 0.03394033940339404 0.004740047400474006 0.028940289402894035 0.013010130101301016 0.0019000190001900023 0.020750207502075027 0.00821008210082101 0.017100171001710022 0.01662016620166202 0.027670276702767033 0.014700147001470017 0.0011600116001160015 0.028250282502825033 0.022320223202232026 0.020960209602096023 0.022880228802288027 
0.02346976530234698 0.02111978880211198 0.006739932600673995 0.015609843901560987 0.015639843601563987 0.029939700602993977 0.0013999860001399989 0.02469975300246998 0.007819921800781993 0.030499695003049974 0.032109678903210974 0.02170978290217098 0.015269847301526987 0.027479725202747978 0.022469775302246982 0.016899831001689986 0.01156988430115699 0.014459855401445988 0.006929930700692995 0.029339706602933977 0.01150988490115099 0.019319806801931984 0.029549704502954976 0.007359926400735994 0.029529704702952977 0.015389846101538986 0.015959840401595985 1.9999800001999985e-05 0.016499835001649987 0.028209717902820976 0.025409745902540977 0.020059799402005984 0.005619943800561996 0.03172968270317297 0.0027699723002769976 0.02654973450265498 0.02457975420245798 0.027879721202787974 0.011309886901130991 0.006499935000649994 0.013769862301376988 0.0055899441005589955 0.023409765902340982 0.002449975500244998 0.03253967460325397 0.02198978010219898 0.015169848301516986 0.015599844001559986 0.018929810701892983 0.00020999790002099983 0.011519884801151991 0.02051979480205198 0.02411975880241198 0.019819801801981986 0.006039939600603995 0.004579954200457996 0.03280967190328097 
0.0007400074000740008 0.021660216602166025 0.009540095400954011 0.028840288402884034 0.0048200482004820055 0.010840108401084013 0.01690016900169002 0.011280112801128013 0.020900209002090022 0.03582035820358204 0.03678036780367804 0.030520305203052035 0.029960299602996034 0.021890218902189024 0.015390153901539017 0.03481034810348104 0.00860008600086001 0.011010110101101013 0.030460304603046037 0.031060310603106038 0.014810148101481018 0.01772017720177202 0.013260132601326014 0.002910029100291003 0.01606016060160602 0.010640106401064013 0.009810098100981011 0.01644016440164402 0.027690276902769033 0.019860198601986023 0.010820108201082012 0.020160201602016023 0.027080270802708032 0.0037800378003780043 0.014920149201492016 0.009710097100971012 0.028550285502855034 0.025510255102551033 0.011100111001110014 0.016000160001600018 0.0063900639006390075 0.014490144901449016 0.009380093800938011 0.005720057200572007 0.024860248602486028 0.0012400124001240014 0.023430234302343027 0.02753027530275303 0.014640146401464018 0.03659036590365904 0.015220152201522017 0.01812018120181202 0.007030070300703008 0.0063900639006390075 0.03199031990319903 0.01592015920159202 0.012400124001240014 
0.02664920052398428 0.01785946421607352 0.03144905652830415 0.006489805305840825 0.004559863204103877 0.020999370018899434 0.021029369118926434 0.03191904242872714 0.019059428217153486 0.032749017529474116 0.005599832005039849 0.028819135425937222 0.00962971110866674 0.022619321420357393 0.026559203223903285 0.020569382918512447 0.011159665210043699 0.026129216123516295 0.014919552413427597 0.017229483115506535 0.01291961241162765 0.01682949511514655 0.03135905922822315 0.01595952121436357 0.028689139325820227 0.025859224223273303 0.012089637310880674 0.00555983320500385 0.010149695509134726 0.017219483415497536 0.014039578812635622 0.007529774106776797 0.03477895663130106 0.007529774106776797 0.03251902442926712 0.010639680809575712 0.022829315120546385 0.008939731808045758 0.02342929712108637 0.010959671209863703 0.02253932382028539 0.02337929862104137 0.011779646610601683 0.021699349019529416 0.026139215823525293 0.01731948041558753 0.004919852404427867 0.017579472615821524 0.003099907002789916 0.00222993310200694 0.018889433317000492 0.005779826605201844 0.019099427017189485 0.0037598872033838986 0.023129306120816377 0.01002969910902673 0.022799316020519385 
0.008039839203215937 0.0002799944001119978 0.003029939401211976 0.004039919201615968 0.024779504409911803 0.009579808403831925 0.0012299754004919902 0.024649507009859805 0.01612967740645187 0.028519429611407774 0.004319913601727966 0.023389532209355815 0.029549409011819766 0.0126997460050799 0.0019299614007719848 0.03307933841323173 0.006609867802643948 0.017989640207195855 0.009029819403611928 0.01883962320753585 0.008419831603367935 0.013009739805203898 0.0125797484050319 0.014309713805723887 0.014659706805863884 0.02899942001159977 0.03285934281314374 0.012779744405111898 0.022139557208855826 0.01612967740645187 0.029489410211795766 0.03273934521309574 0.03307933841323173 0.02035959280814384 0.031239375212495753 0.009299814003719925 0.015979680406391875 0.03545929081418372 0.031229375412491753 0.031089378212435754 0.015929681406371875 0.034159316813663736 0.0017899642007159857 0.008169836603267935 0.03526929461410772 0.004039919201615968 0.007359852802943942 0.0026399472010559793 0.0043399132017359655 0.0035199296014079722 0.028479430411391775 0.018019639607207857 0.03527929441411172 0.01792964140717186 0.02142957140857183 0.026859462810743785 0.011219775604487912 
0.0009199816003679928 0.02050958980820384 0.01779964400711986 0.03139937201255975 0.032849343013139735 0.021209575808483833 0.026919461610767786 0.02152956940861183 0.013159736805263895 0.018569628607427852 0.0125297494050119 0.013229735405291895 0.009249815003699926 0.03242935141297174 0.011579768404631909 0.0 0.016079678406431874 0.03414931701365973 0.0010799784004319915 0.007869842603147938 0.030929381412371754 0.03179936401271975 0.014669706605867885 0.005829883402331954 0.0016599668006639868 0.025989480210395793 0.024939501209975803 0.010309793804123918 0.002669946601067979 0.02402951940961181 0.014239715205695887 0.017989640207195855 0.02766944661106778 0.009839803203935921 0.03278934421311574 0.0064598708025839485 0.01753964920701586 0.03307933841323173 0.0019599608007839844 0.024619507609847806 0.018829623407531852 0.014929701405971883 0.014099718005639889 0.0008099838003239935 0.019969600607987845 0.028339433211335776 0.017619647607047862 0.016049679006419872 0.02145957080858383 0.030129397412051763 0.014109717805643887 0.015419691606167877 0.005699886002279955 0.015359692806143879 0.01904961900761985 0.013049739005219897 0.03299934001319974 
0.029190000000000004 0.017060000000000002 0.014510000000000002 0.021200000000000004 0.024500000000000004 0.030210000000000004 0.0061400000000000005 0.019810000000000005 0.011690000000000002 0.022450000000000005 0.008430000000000002 0.03277000000000001 0.009310000000000002 0.025810000000000003 0.014170000000000002 0.007520000000000001 0.020160000000000004 0.031290000000000005 0.012320000000000001 0.012170000000000002 0.023280000000000002 0.024310000000000002 0.029340000000000005 0.0026500000000000004 0.0029500000000000004 0.005490000000000001 0.010530000000000001 0.009450000000000002 0.021540000000000004 0.027910000000000004 0.018960000000000005 0.010710000000000003 0.027240000000000004 0.031330000000000004 0.007450000000000001 0.005120000000000001 0.027920000000000004 0.0026400000000000004 0.0051400000000000005 0.0021900000000000005 0.007640000000000001 0.009640000000000001 0.025640000000000003 0.029870000000000004 0.021210000000000003 0.022710000000000004 0.007040000000000001 0.019270000000000002 0.0041600000000000005 0.03171000000000001 0.022600000000000002 0.030980000000000004 0.019480000000000004 0.005200000000000001 0.017640000000000003 0.031920000000000004 0.026430000000000002 
0.013110524420976842 0.0327413096523861 0.0034001360054402184 0.02899115964638586 0.029821192847713916 0.024570982839313582 0.018690747629905198 0.001260050402016081 0.01729069162766511 0.00796031841273651 0.035881435257410305 0.019540781631265255 0.00950038001520061 0.00809032361294452 0.015910636425457023 0.01309052362094484 0.011520460818432741 0.036351454058162334 0.014560582423296936 0.03081123244929798 0.02584103364134566 0.027311092443697758 0.008810352414096567 0.009130365214608586 0.009550382015280613 0.022740909636385462 0.013320532821312856 0.005100204008160328 0.0050102004080163215 0.017640705628225135 0.004440177607104286 0.01477059082363295 0.022300892035681433 0.02660106404256171 0.00887035481419257 0.03638145525821034 0.010640425617024683 0.007740309612384498 0.0028901156046241857 0.022930917236689472 0.02738109524380976 0.01292051682067283 0.018760750430017206 0.0342813712548502 0.007050282011280453 0.00140005600224009 0.022350894035761435 0.03466138645545823 0.00856034241369655 0.009220368814752593 0.006270250810032403 0.021230849233969364 0.006930277211088446 0.035971438857554314 0.018870754830193213 0.03625145005800233 0.022770910836433463 
0.019230192301923018 0.02258022580225802 0.006930069300693007 0.01099010990109901 0.01141011410114101 0.025740257402574022 0.02373023730237302 0.030670306703067026 0.018570185701857016 0.031000310003100027 0.02392023920239202 0.02091020910209102 0.019200192001920014 0.014690146901469012 0.005240052400524004 0.00019000190001900016 0.006770067700677005 0.01285012850128501 0.0071800718007180055 0.010350103501035008 0.030260302603026024 0.022420224202242017 0.028070280702807024 0.0030900309003090024 0.009730097300973009 0.0015600156001560014 0.0031100311003110026 0.02347023470234702 0.018910189101891017 0.019870198701987016 0.021570215702157017 0.019710197101971014 0.018850188501885013 0.010390103901039009 0.008440084400844006 0.028420284202842025 0.005600056000560004 0.009760097600976007 0.0030000300003000025 0.029080290802908026 0.031190311903119026 0.025780257802578022 0.013860138601386013 0.021570215702157017 0.024430244302443022 0.007450074500745006 0.01080010800108001 0.02648026480264802 0.030850308503085025 0.02504025040250402 0.020450204502045016 0.02376023760237602 0.018920189201892014 0.002360023600236002 0.02068020680206802 0.029850298502985026 0.029060290602906023 
0.005849941500584995 0.025709742902570977 0.02535974640253598 0.0008099919000809992 0.02181978180218198 0.017139828601713984 0.017119828801711985 0.015009849901500989 0.007359926400735994 0.01139988600113999 0.008889911100888994 0.015099849001509989 0.02217977820221798 0.016289837101628984 0.028449715502844974 0.005389946100538995 0.018959810401895986 0.023969760302396982 0.017229827701722985 0.027269727302726976 0.0018299817001829984 0.0006599934000659994 0.02334976650233498 0.02070979290207098 0.027179728202717978 0.006609933900660995 0.012579874201257989 0.031909680903190976 0.03457965420345797 0.001119988800111999 0.0027199728002719977 0.006229937700622995 0.034589654103458975 0.01351986480135199 0.025479745202547976 0.0012099879001209988 0.03489965100348997 0.026129738702612978 0.021129788702112982 0.016189838101618986 0.029559704402955973 0.0008699913000869993 0.01351986480135199 0.02636973630263698 0.014819851801481987 0.006499935000649994 0.03514964850351497 0.02183978160218398 0.03624963750362497 0.017519824801751988 0.020229797702022986 0.007719922800771994 0.034359656403435974 0.004439955600443996 0.020129798702012983 0.01262987370126299 0.02415975840241598 
0.029580295802958026 0.0018500185001850019 0.023500235002350024 0.0033800338003380035 0.01038010380103801 0.028050280502805024 0.01767017670176702 0.015370153701537015 0.007530075300753007 0.024500245002450023 0.007430074300743007 0.001230012300123001 0.0012200122001220011 0.022570225702257023 0.019240192401924018 0.01042010420104201 0.01113011130111301 0.014810148101481015 0.007690076900769007 0.016990169901699017 0.014860148601486014 0.01880018800188002 0.01992019920199202 0.0040500405004050034 0.028070280702807027 0.02085020850208502 0.020220202202022017 0.01080010800108001 0.023980239802398023 0.018390183901839018 0.005180051800518005 0.028080280802808028 0.029650296502965027 0.028110281102811028 0.016940169401694016 0.024410244102441025 0.017250172501725017 0.015530155301553016 0.024750247502475026 0.006120061200612006 0.02252022520225202 0.02038020380203802 0.007920079200792008 0.016810168101681015 0.026830268302683025 0.027750277502775027 0.018590185901859017 0.024060240602406024 0.025380253802538024 0.02009020090200902 0.015240152401524015 0.018630186301863017 0.015570155701557016 0.008220082200822008 0.024260242602426024 0.027630276302763025 0.02961029610296103 
0.03414897553073407 0.026599202023939277 0.026709198724038274 0.028199154025379234 0.008489745307640769 0.029759107226783193 0.010909672709818703 0.02364929052128436 0.021989340319790402 0.011869643910682678 0.024299271021869337 0.021799346019619407 0.008169754907352778 0.010239692809215722 0.0029099127026189207 0.022309330720078395 0.002599922002339929 0.012969610911672648 0.025469235922922308 0.010459686209413717 0.0294291171264862 0.004239872803815885 0.020919372418827433 0.022309330720078395 0.011469655910322687 0.026239212823615285 0.0014299571012869612 0.007239782806515803 0.03019909402717918 0.029799106026819188 0.0019299421017369477 0.013699589012329629 0.011229663110106695 0.018829435116946486 0.01873943781686549 0.004969850904472864 0.01589952301430957 0.024839254822355324 0.005439836804895852 0.02606921792346229 0.030389088327350173 0.007429777106686798 0.016109516714498562 0.008659740207793764 0.031229063128106152 0.012779616611501652 0.015489535313940579 0.03252902412927612 0.026559203223903278 0.019229423117306476 0.000769976900692979 0.013279601611951639 0.03015909522714318 0.024249272521824343 0.007089787306380807 0.018909432717018487 0.016669499915002547 
0.017149142542872853 0.01851907404629768 0.009609519524023799 0.02692865356732163 0.010489475526223688 0.031758412079396024 0.02028898555072246 0.014479276036198188 0.0006199690015499225 0.02590870456477176 0.02972851357432128 0.007099645017749112 0.008519574021298933 0.01710914454277286 0.033988300584970745 0.012159392030398479 0.03384830758462076 0.029168541572921352 0.025708714564271783 0.022608869556522172 0.019179041047947598 0.012919354032298384 0.032398380080995944 0.01654917254137293 0.024838758062096893 0.011499425028748561 0.029168541572921352 0.02221888905554722 0.023778811059447024 0.012749362531873405 0.0215789210539473 0.031078446077696113 0.004209789510524474 0.016119194040297984 0.010029498525073746 0.01454927253637318 0.0016799160041997899 0.02940852957352132 0.029208539573021344 0.0020298985050747464 0.02552872356382181 0.015279236038198089 0.008799560021998899 0.01928903554822259 0.030268486575671213 0.009649517524123793 0.0017299135043247836 0.009039548022598869 0.007389630518474076 0.0067996600169991485 0.01557922103894805 0.03295835208239588 0.020768961551922403 0.017889105544722762 0.0008599570021498924 0.007709614519274035 0.009579521023948802 
0.0030699693003069972 0.0061399386006139945 0.015199848001519987 0.0029299707002929973 0.025739742602573976 0.033089669103308975 0.022099779002209982 0.03788962110378897 0.009219907800921993 0.016139838601613988 0.0050199498005019955 0.03638963610363897 0.0008499915000849993 0.024819751802481978 0.020869791302086983 0.017669823301766988 0.001049989500104999 0.01111988880111199 0.03215967840321597 0.010249897501024991 0.028109718902810978 0.021849781502184983 0.004979950200497996 0.01224987750122499 0.02333976660233398 0.018169818301816982 0.01262987370126299 0.007969920300796993 0.003669963300366997 0.022369776302236983 0.02308976910230898 0.026389736102638978 0.025299747002529977 0.02139978600213998 0.019639803601963983 0.029959700402995976 0.014169858301416989 0.028339716602833978 0.00016999830001699986 0.005729942700572995 0.006739932600673995 0.036139638603613966 0.013469865301346988 0.001139988600113999 0.03168968310316898 0.030399696003039975 0.027749722502774975 0.0004599954000459996 0.027129728702712977 0.004629953700462996 0.004099959000409997 0.02251977480225198 0.02193978060219398 0.01707982920170799 0.0044499555004449964 0.032949670503294975 0.03616963830361697 
0.011689883101168991 0.016539834601653987 0.013749862501374988 0.012429875701242989 0.03379966200337997 0.016699833001669984 0.0071499285007149945 0.007009929900700994 0.03244967550324497 0.01252987470125299 0.016729832701672984 0.009889901100988991 0.0012199878001219989 0.030919690803091975 0.028509714902850977 0.003819961800381997 0.020939790602093982 0.009689903100968993 0.030189698103018976 0.026059739402605978 0.015459845401545987 0.03351966480335197 0.019089809101908984 0.011329886701132991 0.024889751102488977 0.034569654303456966 0.008979910200897993 0.028319716802831976 0.0017299827001729985 0.01562984370156299 0.02308976910230898 0.02292977070229298 0.03403965960340397 0.009229907700922992 0.0005599944000559995 0.016449835501644985 0.02358976410235898 0.018309816901830984 0.034069659303406975 0.012239877601223989 0.029329706702932973 0.003669963300366997 0.01188988110118899 0.00016999830001699986 0.008019919800801993 0.007939920600793992 0.03155968440315597 0.02531974680253198 0.030379696203037976 0.03436965630343697 0.017319826801731983 0.00041999580004199966 0.007339926600733994 0.003949960500394997 0.008939910600893993 0.03253967460325397 0.016799832001679983 
0.0036500365003650052 0.017140171401714022 0.013060130601306019 0.002670026700267004 0.016030160301603022 0.0028700287002870043 0.03138031380313804 0.01370013700137002 0.03530035300353005 0.002910029100291004 0.013000130001300018 0.022360223602236034 0.017300173001730024 0.024150241502415036 0.005210052100521008 0.00769007690076901 0.03443034430344305 0.012070120701207018 0.018500185001850026 0.02944029440294404 0.025870258702587037 0.004580045800458006 0.02118021180211803 0.02371023710237103 0.016300163001630022 0.03416034160341605 0.006580065800658009 0.03051030510305104 0.0007500075000750011 0.03175031750317504 0.012330123301233018 0.01984019840198403 0.013620136201362019 0.023230232302323035 0.005620056200562008 0.02103021030210303 0.0065400654006540085 0.015100151001510022 0.030860308603086042 0.018820188201882027 0.004430044300443006 0.027170271702717037 0.018400184001840025 0.012480124801248018 0.016860168601686022 0.027520275202752038 0.005810058100581008 0.024680246802468036 0.016180161801618024 0.01496014960149602 0.023280232802328032 0.03381033810338105 0.006110061100611008 0.023730237302373034 0.02208022080220803 0.022540225402254033 0.01471014710147102 
0.02718000000000001 0.018430000000000005 0.037190000000000015 0.0042000000000000015 0.02252000000000001 0.034450000000000015 0.032550000000000016 0.017280000000000007 0.028710000000000013 0.037330000000000016 0.0005200000000000002 0.027470000000000015 0.01998000000000001 0.037330000000000016 0.008720000000000004 0.031160000000000014 0.02146000000000001 0.009540000000000003 0.03367000000000001 0.017740000000000006 0.033290000000000014 0.03376000000000001 0.008230000000000003 0.015390000000000006 0.017320000000000006 0.008290000000000004 0.02400000000000001 0.001860000000000001 0.02332000000000001 0.007370000000000003 0.008570000000000003 0.026870000000000012 0.010350000000000005 0.018590000000000006 0.010160000000000006 0.018280000000000008 0.005550000000000003 0.004500000000000001 0.003550000000000002 0.0035800000000000016 0.027460000000000012 0.008330000000000004 0.008110000000000003 0.02172000000000001 0.029600000000000015 0.0062200000000000024 0.02115000000000001 0.03297000000000001 0.004260000000000002 0.013550000000000005 0.013840000000000007 0.007270000000000004 0.0077700000000000035 0.004770000000000002 0.010890000000000006 0.0033000000000000013 0.028530000000000014 
0.0056297748090076375 0.01180952761889524 0.02413903443862245 0.026298948042078312 0.024959001639934395 0.01723931042758289 0.029838806447742082 0.009789608415663372 0.01464941402343906 0.01025958961641534 0.009299628014879402 0.01416943322267109 0.03243870245190191 0.032458701651933916 0.00023999040038398458 0.030278788848446054 0.027438902443902236 0.024669013239470416 0.003389864405423782 0.022779088836446536 0.0017999280028798844 0.029688812447502093 0.02624895004199831 0.0327086916523339 0.0015999360025598973 0.013099476020959159 0.00730970761169553 0.0006399744010239589 0.015339386424543014 0.009609615615375383 0.018549258029678807 0.015459381624735006 0.004429822807087715 0.013559457621695128 0.02118915243390264 0.03360865565377384 0.03370865165393383 0.025808967641294343 0.0018099276028958836 0.020939162433502655 0.007599696012159512 0.016059357625694968 0.010989560417583293 0.0065797368105275774 0.01523939042438302 0.011489540418383262 0.01838926442942282 0.020929162833486656 0.0003699852005919762 0.03362865485380584 0.03189872405103795 0.029158833646654125 0.019059237630494774 0.01416943322267109 0.031138754449822 0.0056297748090076375 0.02878884844606215 
0.02946941061178776 0.0020499590008199835 0.01927961440771184 0.003879922401551969 0.027349453010939776 0.009709805803883921 0.027609447811043776 0.025029499410011796 0.017909641807163854 0.0024199516009679803 0.014599708005839882 0.007139857202855942 0.017989640207195852 0.008999820003599926 0.01878962420751585 0.02929941401171976 0.01680966380672386 0.006359872802543949 0.016659666806663864 0.01599968000639987 0.030549389012219753 0.026469470610587784 0.005039899202015959 0.010579788404231915 0.016299674006519865 0.03056938861222775 0.013239735205295892 0.0011199776004479909 0.024049519009619803 0.025239495210095792 0.0245295094098118 0.031979360412791744 0.02961940761184776 0.02371952560948781 0.022899542009159814 0.026869462610747782 0.004769904601907961 0.02967940641187176 0.015049699006019877 0.0022499550008999816 0.022549549009019818 0.005649887002259954 0.016889662206755862 0.016699666006679863 0.016579668406631866 0.013369732605347892 0.005629887402251954 0.031249375012499747 0.03097938041239175 0.032629347413051735 0.0021499570008599823 0.006219875602487949 0.007549849003019939 0.025549489010219792 0.021799564008719824 0.0027699446011079775 0.02985940281194376 
0.013310266205324101 0.016210324206484123 0.0016700334006680127 0.032720654413088246 0.013430268605372102 0.0023400468009360177 0.012720254405088097 0.018250365007300137 0.03404068081361626 0.011530230604612089 0.017820356407128136 0.026140522810456198 0.011640232804656087 0.011480229604592088 0.028440568811376216 0.005790115802316044 0.023040460809216175 0.025680513610272196 0.029800596011920227 0.011350227004540086 0.003300066001320025 0.023210464209284177 0.02022040440808815 0.03663073261465228 0.00026000520010400195 0.023280465609312174 0.003120062401248024 0.024810496209924187 0.0033500670013400253 0.013980279605592106 0.02907058141162822 0.005560111202224042 0.0010900218004360083 0.030550611012220234 0.006190123802476047 0.021750435008700164 0.0265605312106242 0.03235064701294024 0.021280425608512163 0.03451069021380426 0.013850277005540104 0.012430248604972095 0.009010180203604069 0.024580491609832188 0.019800396007920152 0.015300306006120114 0.024550491009820184 0.01848036960739214 0.024340486809736186 0.017790355807116135 0.029080581611632222 0.006900138002760052 0.011680233604672088 0.0045600912018240345 0.019480389607792147 0.03262065241304825 0.007060141202824053 
0.028828846846126157 0.005739770409183633 0.026328946842126312 0.02141914323427063 0.03242870285188593 0.0018799248030078796 0.033908643654253834 0.020089196432142714 0.02015919363225471 0.00012999480020799167 0.008669653213871446 0.0077996880124795 0.000359985600575977 0.01993920243190272 0.018039278428862847 0.009819607215711372 0.019599216031358745 0.03370865165393384 0.0140794368225271 0.0234390624375025 0.022019119235230592 0.032328706851725925 0.00796968121275149 0.015909363625454982 0.019879204831806725 0.006289748410063597 0.02873885044598216 0.01014959401623935 0.03384864605415783 0.03382864685412583 0.02215911363545458 0.005439782408703652 0.00874965001399944 0.03269869205231791 0.024089036438542457 0.018919243230270787 0.03257869685212591 0.03218871245150194 0.0015499380024799007 0.025318987240510377 0.005919763209471621 0.02048918043278269 0.013989440422383105 0.001369945202191912 0.0040798368065277394 0.019889204431822727 0.016479340826366946 0.023799048038078478 0.0015799368025278988 0.020639174433022676 0.01575936962521499 0.01687932482700692 0.025258989640414384 0.012859485620575177 0.02561897524099036 0.0030798768049278024 0.011289548418063277 
0.003809999999999999 0.025629999999999993 0.012799999999999997 0.010469999999999998 0.014999999999999996 0.018949999999999998 0.03198999999999999 0.010359999999999998 0.008429999999999998 0.006249999999999999 0.008239999999999999 0.019849999999999996 0.034219999999999993 0.030049999999999993 0.010779999999999998 0.015239999999999997 0.028369999999999992 0.023559999999999994 0.03420999999999999 0.004169999999999999 0.0003899999999999999 0.0036999999999999993 0.012049999999999996 0.03102999999999999 0.018919999999999996 0.015949999999999995 0.016729999999999995 0.020669999999999997 0.012229999999999996 0.007779999999999998 0.009949999999999999 0.03207999999999999 0.007439999999999999 0.036469999999999995 0.016579999999999998 0.0035299999999999993 0.029249999999999995 0.009989999999999999 0.004389999999999999 0.015999999999999997 0.030639999999999994 0.010339999999999998 0.023939999999999993 0.010699999999999998 0.009599999999999997 0.03380999999999999 0.024269999999999993 0.009949999999999999 0.026199999999999994 0.019859999999999996 0.025549999999999993 0.0009699999999999998 0.011009999999999999 0.023279999999999995 0.018249999999999995 0.029799999999999993 0.034319999999999996 
0.03598071961439229 0.002200044000880018 0.007600152003040061 0.030540610812216245 0.03158063161263225 0.035280705614112284 0.011540230804616093 0.022140442808856176 0.03350067001340027 0.027000540010800215 0.01623032460649213 0.007090141802836057 0.03416068321366428 0.020800416008320166 0.00011000220004400089 0.023160463209264185 0.00125002500050001 0.035660713214264284 0.020930418608372168 0.01882037640752815 0.013880277605552112 0.015800316006320127 0.03101062021240425 0.02898057961159223 0.0067601352027040545 0.0124302486049721 0.028060561211224227 0.03225064501290026 0.019350387007740156 0.023220464409288186 0.00249004980099602 0.0016800336006720135 0.0016500330006600132 0.002280045600912018 0.028090561811236224 0.009700194003880077 0.0076601532030640615 0.02749054981099622 0.020140402808056162 0.004750095001900038 0.008480169603392068 0.007030140602812056 0.03497069941398828 0.013560271205424109 0.02744054881097622 0.03270065401308026 0.012040240804816096 0.01009020180403608 0.005160103202064041 0.03621072421448429 0.020600412008240164 0.009280185603712075 0.017860357207144142 0.01626032520650413 0.006020120402408048 0.005180103602072042 0.003860077201544031 
0.033940000000000005 0.014930000000000004 0.028790000000000007 0.008790000000000001 0.030570000000000007 0.008890000000000002 0.025470000000000007 0.007740000000000002 0.018240000000000003 0.0026300000000000004 0.007310000000000001 0.023510000000000007 0.012660000000000003 0.026140000000000007 0.020850000000000004 0.024990000000000005 0.018540000000000004 0.013170000000000003 0.018450000000000005 0.018390000000000004 0.025710000000000007 0.023180000000000003 0.0012400000000000002 0.013470000000000003 0.027960000000000006 0.019860000000000003 0.012340000000000004 0.03189000000000001 0.014620000000000003 0.03357000000000001 0.03113000000000001 0.006220000000000002 0.0023000000000000004 0.004120000000000001 0.02747000000000001 0.019240000000000004 0.033260000000000005 0.005690000000000001 0.0008600000000000002 0.022450000000000005 0.028110000000000007 0.021160000000000005 0.022340000000000002 0.0016200000000000003 0.022230000000000003 0.011930000000000003 0.030330000000000006 0.015780000000000002 0.022050000000000004 0.018820000000000003 0.008310000000000001 0.009510000000000001 0.011570000000000002 0.019180000000000003 0.021020000000000004 0.0008700000000000002 0.014590000000000004 
0.007719768406947791 0.013159605211843641 0.014819555413337597 0.032829015129546106 0.0073697789066328 0.035078947631571045 0.011219663410097695 0.003969880903572891 0.01580952571422857 0.0294091177264682 0.00954971350859474 0.0005799826005219842 0.03385898423047308 0.03217903462896113 0.011219663410097695 0.00021999340019799403 0.0020699379018629437 0.013719588412347626 0.0147395578132656 0.018369448916532503 0.02795916122516324 0.026939191824245267 0.02999910002699918 0.00033998980030599076 0.027069187924362265 0.011009669709908701 0.015489535313940579 0.02170934871953841 0.004939851804445865 0.015319540413787584 0.033768986930392084 0.0331890043298701 0.006779796606101815 0.02431927042188734 0.010879673609791704 0.03517894463166105 0.0045798626041218754 0.030669079927602164 0.031169064928052152 0.02829915102546923 0.02903912882613521 0.012349629511114664 0.012439626811195661 0.0011599652010439684 0.006589802305930821 0.00514984550463486 0.0007799766007019788 0.025829225123246296 0.023809285721428354 0.028379148625541226 0.0029199124026279204 0.03485895423137306 0.017969460916172512 0.03186904392868214 0.03392898213053608 0.003589892303230902 0.00183994480165595 
0.027080812424372727 0.03305099152974589 0.013040391211736349 0.020600618018540552 0.004950148504455134 0.02198065941978259 0.026080782423472698 0.02049061471844155 0.023330699920997625 0.01700051001530046 0.01042031260937828 0.030400912027360817 0.025160754822644675 0.01965058951768553 0.026600798023940712 0.02277068312049361 0.0050701521045631364 0.0020600618018540556 0.025510765322959688 0.007670230106903206 0.023370701121033625 0.005270158104743142 0.01301039031170935 0.008850265507965239 0.010720321609648288 0.0006800204006120183 0.012760382811484344 0.008030240907227216 0.024750742522275666 0.01003030090902727 0.01746052381571447 0.006750202506075181 0.022020660619818593 0.0034801044031320936 0.009840295208856265 0.024450733522005656 0.0072202166064981935 0.03166094982849485 0.031730951928557856 0.002860085802574077 0.027300819024570735 0.00411012330369911 0.013600408012240365 0.03501105033150994 0.006690200706021179 0.007310219306579196 0.023330699920997625 0.02945088352650579 0.017740532215966474 0.02455073652209566 0.018600558016740498 0.03086092582777483 0.031070932127963836 0.03266097982939488 0.0009900297008910265 0.031410942328269846 0.0074402232066962 
0.01967 0.01947 0.03168 0.01314 0.00052 0.00722 0.01698 0.03046 0.02877 0.02827 0.01711 0.00221 0.03162 0.01077 0.02902 0.00046 0.03245 0.01903 0.01876 0.0192 0.0228 0.03195 0.01944 0.0279 0.01269 0.00497 0.02448 0.00364 0.02316 0.00349 0.02121 0.00553 0.02054 0.01539 0.00173 0.02034 0.01498 0.01741 0.0107 0.0045 0.01325 0.021 0.03242 0.00715 0.01617 0.03129 0.02965 0.02929 0.0149 0.001 0.03095 0.033 0.01267 0.02109 0.00072 0.01009 0.0117 
0.0017999640007199857 0.03064938701225976 0.01750964980700386 0.028559428811423773 0.009569808603827924 0.00995980080398392 0.014659706805863884 0.015919681606367874 0.009669806603867924 0.0037399252014959704 0.023309533809323817 0.0064098718025639495 0.03696926061478771 0.01915961680766385 0.026449471010579793 0.005339893202135958 0.014619707605847883 0.012319753604927902 0.021059578808423834 0.0014499710005799885 0.03949921001579969 0.004849903001939962 0.015819683606327874 0.019549609007819848 0.0021699566008679828 0.013319733605327896 0.0252994940101198 0.024529509409811807 0.020699586008279838 0.03914921701565969 0.006699866002679947 0.020969580608387835 0.009909801803963923 0.008079838403231936 0.022119557608847824 0.00893982120357593 0.022439551208975825 0.0015599688006239876 0.028839423211535774 0.015829683406331875 0.027539449211015782 0.03697926041479171 0.035619287614247715 0.005659886802263955 0.03119937601247975 0.009709805803883923 0.03480930381392373 0.0127197456050879 0.004349913001739965 0.03959920801583969 0.025179496410071802 0.02662946741065179 0.005489890202195957 0.000629987400251995 0.01516969660606788 0.025499490010199796 0.00381992360152797 
0.02687 0.01658 0.01536 0.02854 0.01307 0.00932 0.01359 0.02823 0.02503 0.03377 0.00566 0.00302 0.02367 0.03244 0.02731 0.0092 0.00882 0.02545 0.01004 0.02992 0.02522 0.02523 0.03024 0.0059 0.01413 0.03028 0.02136 0.03117 0.02998 0.02149 0.02704 0.00552 0.00816 0.02634 0.02786 0.02435 0.02688 0.02644 0.00597 0.02085 0.02208 0.01333 0.00456 0.00231 0.00157 0.00347 0.02307 0.0222 0.00039 0.0092 0.0007 0.00041 0.03297 0.00444 0.01052 0.00267 0.02581 
0.03096030960309603 0.02033020330203302 0.03293032930329303 0.00044000440004400045 0.001160011600116001 0.02136021360213602 0.017710177101771016 0.01933019330193302 0.01150011500115001 0.03326033260332603 0.002070020700207002 0.012840128401284012 0.0005400054000540005 0.024020240202402024 0.01954019540195402 0.0036100361003610034 0.008720087200872008 0.01075010750107501 0.016860168601686015 0.026100261002610026 0.003030030300303003 0.016540165401654015 0.03469034690346903 0.021140211402114018 0.02181021810218102 0.0073300733007330065 0.01932019320193202 0.02155021550215502 0.017800178001780017 0.019170191701917017 0.019170191701917017 0.009840098400984008 0.02013020130201302 0.013940139401394012 0.0015200152001520015 0.03072030720307203 0.013710137101371013 0.02079020790207902 0.028300283002830027 0.018140181401814018 0.024660246602466025 0.03297032970329703 0.028070280702807027 0.0020900209002090017 0.023050230502305022 0.023980239802398023 0.012980129801298012 0.015500155001550015 0.017330173301733018 0.0036000360003600033 0.03104031040310403 0.023340233402334022 0.029460294602946028 0.014180141801418014 0.017530175301753017 0.002030020300203002 0.025510255102551026 
0.002680080402412073 0.004620138604158126 0.02617078512355371 0.02751082532475975 0.022640679220376617 0.016680500415012452 0.018520555616668502 0.02832084962548877 0.009230276908307251 0.024820744622338672 0.013480404412132368 0.013790413712411376 0.02606078182345471 0.007630228906867207 0.022190665719971605 0.03015090452713582 0.017550526515795476 0.02237067112013361 0.025560766823004694 0.010920327609828296 0.023420702621078638 0.01886056581697451 0.03017090512715382 0.015360460813824419 0.010840325209756295 0.007190215706471196 0.006910207306219189 0.0074102223066692015 0.029870896126883813 0.005060151804554138 0.006770203106093184 0.010920327609828296 0.014530435913077394 0.02769083072492175 0.020860625818774566 0.005130153904617139 0.023360700821024635 0.005420162604878148 0.017110513315399464 0.03084092522775684 0.008690260707821236 0.027260817824534742 0.01287038611158335 0.015260457813734415 0.0032500975029250883 0.01576047281418443 0.02912087362620879 0.021550646519395585 0.025160754822644682 0.027920837625128758 0.018820564616938512 0.018950568517055517 0.0053201596047881446 0.004820144604338131 0.018300549016470498 0.030330909927297825 0.02798083942518276 
0.008829911700882992 0.018159818401815984 0.004139958600413996 0.024489755102448982 0.029609703902960974 0.03161968380316198 0.016699833001669984 0.028199718002819976 0.00024999750002499977 0.02201977980220198 0.018309816901830984 0.0008199918000819993 0.004999950000499996 0.03309966900330997 0.004579954200457996 0.025609743902560978 0.002069979300206998 0.02283977160228398 0.030349696503034974 0.007259927400725993 0.02271977280227198 0.017389826101738986 0.014389856101438989 0.02325976740232598 0.03310966890331097 0.008469915300846993 8.999910000899993e-05 0.003469965300346997 0.013749862501374988 0.007419925800741994 0.029419705802941978 0.022039779602203984 0.011809881901180989 0.02313976860231398 0.001129988700112999 0.017329826701732987 0.02344976550234498 0.02171978280217198 0.03201967980320197 0.02393976060239398 0.017969820301796984 0.017919820801791983 0.030759692403075974 0.026229737702622977 0.020539794602053983 0.012909870901290988 0.008869911300886992 0.02492975070249298 0.029739702602973973 0.018589814101858983 0.019149808501914983 0.025309746902530978 0.010939890601093991 0.003059969400305997 0.03149968500314997 0.009539904600953992 0.008019919800801993 
0.009679999999999998 0.006029999999999998 0.017259999999999998 0.031279999999999995 0.004149999999999999 0.033019999999999994 0.03251999999999999 0.021839999999999995 0.020579999999999998 0.008019999999999998 0.013229999999999997 0.027869999999999992 0.022109999999999998 0.020519999999999997 0.007009999999999998 0.023039999999999998 0.009369999999999998 0.025359999999999994 0.013299999999999996 0.020059999999999998 0.008779999999999998 0.0002999999999999999 0.005829999999999999 0.017079999999999998 0.031889999999999995 0.033249999999999995 0.03209999999999999 0.03175999999999999 0.026759999999999992 0.006749999999999998 0.026129999999999994 0.025079999999999995 0.029699999999999994 0.006809999999999998 0.007929999999999998 0.013189999999999997 0.018389999999999997 0.019629999999999998 0.021209999999999996 0.014309999999999996 0.019399999999999997 0.0041199999999999995 0.009519999999999999 0.016269999999999996 0.017359999999999997 0.005689999999999999 0.017859999999999997 0.032679999999999994 0.019409999999999997 0.0021999999999999997 0.024249999999999994 0.021899999999999996 0.014409999999999996 0.030739999999999993 0.003749999999999999 0.011769999999999996 0.005539999999999999 
0.019069809301906986 0.02178978210217898 0.028679713202867975 0.025409745902540977 0.029969700302996973 0.0005099949000509996 0.02106978930210698 0.018169818301816982 0.0016399836001639986 0.028799712002879976 0.010809891901080991 0.0037199628003719972 0.028879711202887976 0.02316976830231698 0.005759942400575996 8.999910000899993e-05 0.030939690603093973 0.01953980460195398 0.002359976400235998 0.02327976720232798 0.008609913900860992 0.014739852601473986 0.029839701602983975 0.008909910900890992 0.031369686303136975 0.005759942400575996 0.026619733802661978 0.028209717902820976 0.017559824401755984 0.013759862401375987 0.031389686103138977 0.016559834401655985 0.03198968010319897 0.00028999710002899974 0.03268967310326897 0.018029819701802986 0.017129828701712986 0.022689773102268978 0.028239717602823976 0.012699873001269988 0.006759932400675995 0.026169738302616978 0.0031699683003169974 0.0027599724002759975 0.013379866201337989 0.01182988170118299 0.031979680203197976 0.01258987410125899 0.018699813001869986 0.02580974190258098 0.016699833001669984 0.004149958500414996 0.02020979790202098 0.019529804701952983 0.013419865801341989 0.014179858201417988 0.017919820801791983 
0.0006399999999999999 0.003089999999999999 0.008469999999999998 0.013379999999999996 0.03183999999999999 0.03520999999999999 0.022329999999999996 0.018069999999999996 0.019819999999999997 0.020629999999999996 0.03235999999999999 0.00012999999999999996 0.03379999999999999 0.025269999999999994 0.03162999999999999 0.028809999999999992 0.0067199999999999985 0.014899999999999997 0.032409999999999994 0.027829999999999994 0.024709999999999992 0.007729999999999998 0.0038399999999999992 0.018129999999999997 0.015819999999999997 0.02430999999999999 0.006799999999999998 0.009319999999999998 0.03404999999999999 0.012389999999999997 2.9999999999999994e-05 0.0010499999999999997 0.025949999999999994 0.014869999999999996 0.004939999999999999 0.022999999999999996 0.010089999999999998 0.018359999999999998 0.025429999999999994 0.019119999999999998 0.007619999999999998 0.025379999999999993 0.021349999999999997 0.012099999999999996 0.034289999999999994 0.012229999999999996 0.015979999999999998 0.006269999999999999 0.034499999999999996 0.0004099999999999999 0.023489999999999994 0.009709999999999998 0.013129999999999996 0.0033399999999999992 0.008189999999999998 0.031999999999999994 0.032729999999999995 
0.01783035660713214 0.0256405128102562 0.007230144602892057 0.021400428008560166 0.00775015500310006 0.021260425208504168 0.008570171403428067 0.01164023280465609 0.0003100062001240024 0.001040020800416008 0.034050681013620264 0.019380387607752153 0.0006900138002760054 0.012190243804876095 0.02956059121182423 0.008640172803456067 0.02184043680873617 0.01578031560631212 0.034300686013720265 0.018990379807596148 0.02419048380967619 0.00047000940018800363 0.010960219204384085 0.023340466809336182 0.016370327406548126 0.0047700954019080375 0.005280105602112041 0.009270185403708072 0.027580551611032216 0.009410188203764073 0.030220604412088237 0.02865057301146022 0.023030460609212176 0.004740094801896038 0.018630372607452147 0.02060041200824016 0.03220064401288025 0.025090501810036196 0.010680213604272083 0.026250525010500205 0.01412028240564811 0.016220324406488126 0.033190663813276254 0.019990399807996155 0.027140542810856212 0.030410608212164236 0.029320586411728227 0.027620552411048212 0.012650253005060098 0.02481049620992419 0.0014700294005880114 0.008650173003460068 0.0009200184003680072 0.017100342006840134 0.027680553611072217 0.016070321406428126 0.022800456009120177 
0.020299594008119832 0.031149377012459747 0.02335953280934381 0.010469790604187915 0.013889722205555887 0.0019299614007719844 0.022639547209055817 0.02093958120837583 0.015719685606287875 0.021619567608647826 0.012799744005119896 0.03080938381232375 0.007109857802843942 0.029039419211615763 0.006019879602407951 0.02340953180936381 0.009649807003859923 0.02165956680866382 0.01594968100637987 0.017929641407171855 0.018029639407211855 0.010249795004099917 0.025559488810223793 0.0003099938001239975 0.007919841603167936 0.019479610407791843 0.005489890202195955 0.016329673406531867 0.011399772004559907 0.005399892002159956 0.005199896002079958 0.021889562208755823 0.03261934761304774 0.023289534209315812 0.019509609807803842 0.016579668406631866 0.01344973100537989 0.009599808003839921 0.022079558408831818 0.026229475410491785 0.012429751404971899 0.031249375012499747 0.01702965940681186 0.01828963420731585 0.00875982480350393 0.002069958600827983 0.0033699326013479727 0.03239935201295974 0.03527929441411171 0.023589528209435807 0.005769884602307953 0.03253934921301573 0.03246935061298774 0.010379792404151916 0.01944961100777984 0.030989380212395747 0.01692966140677186 
0.0059100591005910065 0.012260122601226013 0.03597035970359704 0.031820318203182034 0.007930079300793008 0.02892028920289203 0.01768017680176802 0.01928019280192802 0.016300163001630015 0.030850308503085032 0.01855018550185502 0.030580305803058032 0.006470064700647007 0.03501035010350104 0.00867008670086701 0.0022800228002280024 0.011860118601186014 0.01608016080160802 0.033870338703387036 0.011270112701127013 0.01006010060100601 0.0013600136001360016 0.0014100141001410014 0.006090060900609006 0.011850118501185012 0.007040070400704008 0.011140111401114013 0.01813018130181302 0.0021800218002180024 0.02730027300273003 0.022330223302233023 0.00876008760087601 0.025090250902509027 0.000920009200092001 0.00876008760087601 0.025930259302593028 0.033810338103381035 0.008870088700887008 0.014200142001420016 0.011520115201152013 0.015330153301533016 0.03473034730347303 0.028130281302813028 0.03255032550325504 0.03528035280352804 0.022470224702247025 0.015930159301593017 0.01952019520195202 0.024830248302483027 0.012600126001260014 0.021430214302143025 0.004880048800488005 0.02866028660286603 0.00856008560085601 0.022060220602206023 0.004440044400444005 0.030280302803028035 
0.030449999999999994 0.010359999999999998 0.026969999999999994 0.026889999999999994 0.022529999999999998 0.0009899999999999998 0.033749999999999995 0.026309999999999993 0.02447999999999999 0.03257999999999999 0.017969999999999996 0.027429999999999993 0.015389999999999996 0.0011399999999999997 0.02361999999999999 0.017029999999999997 0.011969999999999996 0.032799999999999996 0.016959999999999996 0.016919999999999998 0.025769999999999994 0.022089999999999995 0.0036899999999999993 0.014089999999999997 4.999999999999999e-05 0.0005099999999999999 0.0073599999999999985 0.007089999999999998 0.007619999999999998 0.02719999999999999 0.008389999999999998 0.004649999999999999 0.021539999999999997 0.009169999999999998 0.02583999999999999 0.026779999999999995 0.023359999999999995 0.03422999999999999 0.006569999999999999 0.013069999999999997 0.014669999999999997 0.033609999999999994 0.0005499999999999999 0.020989999999999998 0.011389999999999999 0.022869999999999998 0.003919999999999999 0.029979999999999993 0.016859999999999997 0.0012099999999999997 0.026389999999999993 0.024629999999999992 0.018529999999999998 0.017669999999999998 0.013069999999999997 0.023239999999999997 0.014809999999999997 
0.029779404411911757 0.025429491410171794 0.017479650406991856 0.0035099298014039716 0.007649847003059937 0.026819463610727783 0.021299574008519825 0.03082938341233175 0.025609487810243792 0.014739705205895879 0.0052898942021159575 0.018869622607547848 0.013869722605547887 0.016789664206715862 0.01604967900641987 0.03096938061238775 0.00867982640347193 0.01692966140677186 0.03231935361292774 0.015109697806043878 0.0003299934001319973 0.0034999300013999718 0.016689666206675863 0.017289654206915857 0.020399592008159835 0.015109697806043878 0.024189516209675802 0.015069698606027878 0.007869842603147936 0.021709565808683825 0.010379792404151916 0.030989380212395747 0.012469750604987898 0.020299594008119832 0.021379572408551827 0.004669906601867961 0.004699906001879962 0.030109397812043758 0.00489990200195996 0.031629367412651745 0.005729885402291953 0.013779724405511888 0.019789604207915836 0.018919621607567844 0.016219675606487866 0.018999620007599846 0.03084938301233975 0.0022699546009079816 0.02228955420891582 0.01625967480650387 0.0023999520009599803 0.012629747405051898 0.029029419411611763 0.02174956500869982 0.028779424411511767 0.02211955760884782 0.026479470410591784 
0.007559773206803796 0.027179184624461266 0.02789916302510925 0.032879013629591114 0.009919702408927733 0.030629081127566175 0.026329210123696288 0.00962971110866674 0.035968920932372035 0.024749257522274335 0.004959851204463866 0.03230903072907813 0.0221993340199794 0.010429687109386718 0.034558963231103065 0.01897943061708149 0.014529564113076607 0.002149935501934942 0.0027699169024929253 0.005669829905102846 0.014319570412887613 0.021199364019079427 0.012269631911042668 0.026859194224173273 0.010719678409647711 0.013439596812095639 0.035298941031769046 0.015799526014219575 0.025329240122796314 0.000849974500764977 0.0110896673099807 0.018339449816505503 0.03513894583162505 0.030279091627251186 0.026829195124146277 0.0007899763007109788 0.015669529914102576 0.03447896563103107 0.019369418917432477 0.019279421617351477 0.009809705708828735 0.007089787306380809 0.0025199244022679323 0.0295791126266212 0.016519504414867554 0.015489535313940582 0.017709468715938523 0.003629891103266902 0.03534893953181405 0.006489805305840825 0.025099247022589324 0.0010199694009179726 0.0012599622011339661 0.02000939971800846 0.0020599382018539445 0.035468935931922047 0.002249932502024939 
0.007449925500744994 0.02174978250217498 0.02229977700222998 0.030809691903080975 0.02533974660253398 0.020119798802011982 0.0025799742002579978 0.006069939300606995 0.02344976550234498 0.020049799502004983 0.030609693903060974 0.03311966880331197 0.029839701602983975 0.013189868101318988 0.027289727102728974 0.0009099909000909992 0.03156968430315697 0.03178968210317897 0.001129988700112999 0.011049889501104991 0.013229867701322989 0.01098989010109899 0.02292977070229298 0.02375976240237598 0.010679893201067991 0.0025099749002509978 0.017799822001779986 0.009309906900930993 0.0058699413005869954 0.018729812701872985 0.02507974920250798 0.01148988510114899 0.018669813301866983 0.02468975310246898 0.028349716502834976 0.023359766402335978 0.027929720702792975 0.02510974890251098 0.021419785802141985 0.030499695003049974 0.008739912600873992 0.028149718502814978 0.01085989140108599 0.027769722302776977 0.017939820601793985 0.017119828801711985 0.010299897001029991 0.00021999780002199983 0.014329856701432988 0.004939950600493996 0.019799802001979984 0.0010299897001029993 0.021859781402185984 0.02284977150228498 7.999920000799994e-05 0.013129868701312988 0.018059819401805986 
0.031510315103151026 0.030350303503035025 0.018090180901809014 0.03574035740357403 0.016230162301623014 0.021940219402194018 0.03719037190371903 0.014650146501465013 0.013360133601336012 0.008850088500885008 0.03493034930349303 0.008100081000810007 0.035680356803568035 0.034820348203482024 0.022410224102241017 0.017360173601736015 0.028520285202852023 0.001230012300123001 0.029020290202902026 0.02780027800278002 0.020330203302033018 0.03441034410344103 0.008190081900819006 0.006810068100681006 0.03253032530325303 5.0000500005000046e-05 0.036240362403624035 0.0016600166001660014 0.014000140001400012 0.0008300083000830007 0.03559035590355902 0.0031000310003100025 0.003940039400394003 0.018210182101821015 0.024740247402474023 0.004170041700417003 0.015920159201592014 0.0010600106001060008 0.01227012270122701 0.007950079500795007 0.01119011190111901 0.03344033440334403 0.02505025050250502 0.002360023600236002 0.024660246602466022 0.022340223402234016 0.01187011870118701 0.010100101001010008 0.0002300023000230002 0.009640096400964008 0.019240192401924018 0.02334023340233402 0.002770027700277002 0.013760137601376012 0.017980179801798016 0.004470044700447004 0.017770177701777017 
0.022220444408888172 0.006760135202704053 0.0257305146102922 0.013490269805396105 0.001520030400608012 0.0036400728014560286 0.002680053601072021 0.018670373407468143 0.003050061001220024 0.03342066841336826 0.008400168003360065 0.014010280205604108 0.017040340806816132 0.0007300146002920056 0.03468069361387227 0.026250525010500205 0.0127102542050841 0.022290445808916176 0.009510190203804074 0.015840316806336123 0.011130222604452086 0.01532030640612812 0.022630452609052176 0.0129502590051801 0.035440708814176276 0.009470189403788073 0.03487069741394827 0.009770195403908076 0.02828056561131222 0.03566071321426428 0.03213064261285225 0.02846056921138422 0.019560391207824154 0.027300546010920215 0.032840656813136256 0.01690033800676013 0.03495069901398028 0.006190123802476049 0.022590451809036176 0.025300506010120197 0.03199063981279625 0.030410608212164236 0.02443048860977219 0.006700134002680052 0.0072401448028960565 0.0025500510010200202 0.015760315206304124 0.0018300366007320142 0.004240084801696033 0.005030100602012039 0.024770495409908194 0.0039000780015600303 0.015700314006280122 0.023500470009400184 0.022020440408808174 0.0072401448028960565 0.018290365807316144 
0.023450703521105638 0.0068202046061381855 0.01588047641429243 0.021800654019620596 0.00030000900027000814 0.031980959428782874 0.01537046111383342 0.006530195905877179 0.03402102063061893 0.02338070142104264 0.005240157204716143 0.023360700821024635 0.016470494114823448 0.006450193505805176 0.0035001050031500955 0.015640469214076427 0.0055801674050221526 0.027340820224606745 0.030960928827864848 0.010530315909477287 0.03215096452893588 0.0013400402012060367 0.021070632118963574 0.027410822324669747 0.01757052711581348 0.03451103533105994 0.011580347410422315 0.010540316209486289 0.022850685520565624 0.034241027230816935 0.010800324009720296 0.010450313509405285 0.01642049261477845 0.0023600708021240644 0.007490224706741205 0.027230816924507743 0.034311029330879934 0.01616048481454444 0.00549016470494115 0.03042091262737883 0.023890716721501653 0.022480674420232615 0.010020300609018273 0.015960478814364434 0.031650949528485864 0.0005700171005130156 0.0218706561196836 0.000990029700891027 0.022060661819854603 0.034281028430852935 0.002900087002610079 0.017070512115363465 0.009720291608748264 0.0182905487164615 0.02698080942428274 0.010340310209306283 0.031910957328719874 
0.0016599668006639864 0.03220935581288374 0.026819463610727783 0.01476970460590788 0.026889462210755784 0.02350952980940381 0.01813963720725585 0.022799544009119814 0.016219675606487866 0.021399572008559825 0.011679766404671905 0.00495990080198396 0.022759544809103815 0.00991980160396792 0.020489590208195834 0.008869822603547928 0.012009759804803902 0.02347953040939181 0.005009899802003959 0.01725965480690386 0.019049619007619846 0.016619667606647865 0.01848963020739585 0.010709785804283913 0.01966960660786784 0.007479850402991939 0.03160936781264374 0.022099558008839823 0.019469610607787843 0.012249755004899901 0.016829663406731865 0.03241935161296773 0.031759364812703736 0.030779384412311747 0.006399872002559948 0.01569968600627987 0.0020599588008239833 0.004289914201715966 0.021289574208515828 0.028459430811383767 0.015679686406271872 0.011219775604487909 0.019159616807663843 0.011589768204635906 0.029739405211895758 0.011239775204495909 0.03026939461210775 0.01476970460590788 0.015799684006319873 0.031019379612407746 0.01955960880782384 0.008579828403431931 0.004279914401711965 0.0005199896002079957 0.03129937401251975 0.016749665006699863 0.020239595208095835 
0.022430672920187602 0.0066201986059581785 0.02512075362260868 0.02303069092072762 0.029870896126883806 0.014600438013140394 0.03656109683290499 0.011230336910107303 0.037451123533706006 0.009390281708451255 0.0028400852025560765 0.02182065461963859 0.020380611418342548 0.0006900207006210186 0.035651069532085966 0.03596107883236497 0.03401102033060992 0.00631018930567917 0.00668020040601218 0.014840445213356401 0.022720681620448612 0.018210546316389492 0.03844115323459704 0.027230816924507736 0.026590797723931716 0.00851025530765923 0.010830324909747292 0.0035601068032040956 0.027570827124813745 0.015640469214076424 0.020360610818324548 0.014250427512825384 0.019550586517595527 0.012070362110863327 0.0005100153004590138 0.0067802034061021825 0.03159094772843185 0.0012500375011250337 0.032710981329439885 0.02490074702241067 0.0030600918027540824 0.009810294308829263 0.0004600138004140124 0.038661159834795046 0.009680290408712261 0.024260727821834655 0.006950208506255187 0.0332509975299259 0.005330159904797144 0.00777023310699321 0.02065061951858556 0.02516075482264468 0.017230516915507463 0.003510105303159095 0.008420252607578227 0.0008500255007650229 0.026170785123553704 
0.012260245204904095 0.00515010300206004 0.01578031560631212 0.016010320206404124 0.02014040280805616 0.029160583211664225 0.030410608212164236 0.02690053801076021 0.00025000500010000196 0.017440348806976137 0.01771035420708414 0.0026400528010560205 0.014300286005720112 0.027530550611012214 0.03063061261225224 0.0024900498009960193 0.02331046620932418 0.017400348006960133 0.027770555411108216 0.004480089601792034 0.0007200144002880057 0.014980299605992117 0.023010460209204178 0.017030340606812133 0.018640372807456146 0.011990239804796094 0.027420548410968214 0.021020420408408163 0.023950479009580188 0.0022300446008920176 0.007220144402888056 0.019750395007900153 0.028500570011400224 0.013170263405268102 0.014990299805996117 0.013360267205344105 0.02336046720934418 0.018640372807456146 0.017290345806916133 0.00018000360007200142 0.022240444808896174 0.027680553611072217 0.023730474609492187 0.009730194603892076 0.01553031060621212 0.013390267805356106 0.017090341806836135 0.013270265405308105 0.009050181003620072 0.023800476009520188 0.028570571411428224 0.011190223804476087 0.020300406008120157 0.028770575411508226 0.028790575811516225 0.023440468809376183 0.02420048400968019 
0.01785053551606548 0.0014400432012960389 0.03018090542716281 0.005720171605148154 0.017270518115543466 0.011200336010080301 0.02483074492234767 0.015070452113563405 0.02049061471844155 0.028560856825704767 0.02797083912517375 0.023890716721501642 0.004120123603708111 0.008610258307749231 0.02935088052641579 0.019050571517145513 0.012710381311439343 0.025790773723211695 0.02128063841915257 0.010620318609558284 0.001930057901737052 0.019050571517145513 0.0260207806234187 0.012180365410962327 0.02127063811914357 0.0298008940268208 0.02454073622208666 0.025540766222986688 0.009120273608208244 0.00012000360010800323 0.01154034621038631 0.021360640819224574 0.005660169805094152 0.019240577217316517 0.004280128403852115 0.020760622818684557 0.020230606918207546 0.02160064801944058 0.015420462613878414 0.016080482414472432 0.02533075992279768 0.025070752122563673 0.008480254407632228 0.015290458713761411 0.028420852625578766 0.01800054001620048 0.009840295208856265 0.003690110703321099 0.02126063781913457 0.02763082892486774 0.022260667820034597 0.013340400212006357 0.007250217506525195 0.020680620418612555 0.02792083762512875 0.024740742222266666 0.01903057091712751 
0.02431072932187965 0.015850475514265425 0.004990149704491134 0.025060751822554673 0.005490164704941148 0.027010810324309725 0.0035601068032040956 0.015210456313689408 0.027030810924327724 0.026980809424282725 0.01002030060901827 0.016200486014580434 0.024780743422302666 0.034471034131023925 0.0017300519015570465 0.004000120003600107 0.023760712821384637 0.02396071882156464 0.014340430212906385 0.03166094982849485 0.0007300219006570195 0.03401102033060991 0.015200456013680409 0.011360340810224306 0.022510675320259604 0.020300609018270546 0.012540376211286338 0.0334110023300699 0.03191095732871986 0.020240607218216546 0.0015500465013950416 0.013850415512465372 0.03253097592927788 0.002890086702601078 0.019960598817964536 0.02159064771943158 0.010520315609468282 0.009430282908487252 0.005610168305049151 0.001530045901377041 0.02493074792243767 0.009230276908307248 0.03017090512715381 0.028200846025380758 0.004000120003600107 0.003680110403312099 0.010970329109873295 0.020930627918837562 0.02010060301809054 0.02054061621848655 0.03278098342950288 0.008010240307209215 0.03467104013120393 0.02849085472564177 0.014010420312609377 0.01229036871106133 0.0148904467134014 
0.008740087400874006 0.02407024070240702 0.030040300403004025 0.020440204402044016 0.02016020160201602 0.029290292902929026 0.02703027030270302 0.006830068300683006 0.009080090800908007 0.025780257802578022 0.013420134201342011 0.005770057700577005 0.026720267202672024 0.029300293002930026 8.000080000800008e-05 0.016090160901609012 0.01020010200102001 0.008560085600856008 0.027890278902789025 0.019400194001940017 0.02143021430214302 0.010120101201012009 0.004680046800468004 0.02511025110251102 0.002190021900219002 0.02434024340243402 0.012870128701287011 0.016320163201632015 0.030170301703017023 0.020780207802078017 0.028120281202812025 0.029620296202962026 0.002530025300253002 0.016670166701667016 0.029950299502995027 0.02362023620236202 0.030850308503085025 0.02228022280222802 0.031110311103111025 0.015360153601536013 0.009560095600956008 0.02257022570225702 0.015220152201522012 0.018970189701897018 0.023530235302353018 0.001230012300123001 0.004880048800488004 0.009830098300983008 0.020710207102071016 0.02504025040250402 0.01982019820198202 0.02447024470244702 0.01259012590125901 0.001290012900129001 0.0071900719007190065 0.01063010630106301 0.015450154501545013 
0.021460643819314586 0.02160064801944059 0.012740382211466348 0.014180425412762387 0.02820084602538077 0.005660169805094155 0.008800264007920241 0.023730711921357648 0.024230726921807662 0.003720111603348102 0.017740532215966484 0.005260157804734144 0.010740322209666293 0.01943058291748753 0.02663079892396773 0.006720201606048184 0.0109803294098823 0.00621018630558917 0.02784083522505676 0.005770173105193157 0.014740442213266402 0.001800054001620049 0.02594077822334671 0.024820744622338676 0.01538046141384242 0.0006300189005670172 0.0016000480014400438 0.020040601218036545 0.01853055591667751 0.02263067892036762 0.028660859825794784 0.023730711921357648 0.03031090932727983 0.023320699620988636 0.022230666920007608 0.01723051691550747 0.02352070562116864 0.030350910527315828 0.028080842425272767 0.022480674420232615 0.026790803724111734 0.016360490814724446 0.01613048391451744 0.012660379811394345 0.020040601218036545 0.015090452713581412 0.02083062491874757 0.012540376211286343 0.026890806724201737 0.017600528015840482 0.02309069272078163 0.00877026310789324 0.028340850225506774 0.004940148204446135 0.013060391811754357 0.028480854425632775 0.010700321009630292 

emissions
0 1 1 1 1 1 1 1 1 1 1 1 1 1 1 1 1 1 1 1 1 1 1 1 1 1 1 1 1 1 1 1 1 1 1 1 1 1 1 1 1 1 1 1 1 1 1 1 1 1 1 1 1 1 1 1 1 
1 0 0 0 0 0 0 0 0 0 0 0 0 0 0 0 0 0 0 0 0 0 0 0 0 0 0 0 0 0 0 0 0 0 0 0 0 0 0 0 0 0 0 0 0 0 0 0 0 0 0 0 0 0 0 0 0 
