states
0 1 2 3 4 5 6 7 8 9 10 11 12 13 14 15 16 17 18 19 20 21 22 23 24 25 26 27 28 29 30 31 32 33 34 35 36 37 38 39 40 41 42 43 44 45 46 47 48 49 50 51 52 53 54 55 56 
labels
empty init 
initial
1.0 0.0 0.0 0.0 0.0 0.0 0.0 0.0 0.0 0.0 0.0 0.0 0.0 0.0 0.0 0.0 0.0 0.0 0.0 0.0 0.0 0.0 0.0 0.0 0.0 0.0 0.0 0.0 0.0 0.0 0.0 0.0 0.0 0.0 0.0 0.0 0.0 0.0 0.0 0.0 0.0 0.0 0.0 0.0 0.0 0.0 0.0 0.0 0.0 0.0 0.0 0.0 0.0 0.0 0.0 0.0 0.0
transitions
0.0009099999999999998 0.030599999999999992 0.030189999999999995 0.009549999999999998 0.023679999999999993 0.013719999999999996 0.034789999999999995 0.006519999999999998 0.0012199999999999997 0.015809999999999998 0.013509999999999996 0.017959999999999997 0.004549999999999999 0.035109999999999995 0.0022499999999999994 0.029449999999999994 0.006449999999999998 0.014079999999999997 0.034339999999999996 0.0073399999999999984 0.0052699999999999995 0.0018999999999999996 0.025989999999999992 0.03384999999999999 0.027789999999999992 0.008319999999999998 0.027519999999999992 0.008899999999999998 0.006559999999999998 0.017259999999999998 0.034699999999999995 0.027809999999999994 0.03590999999999999 0.031909999999999994 0.008159999999999999 0.011489999999999998 0.027489999999999994 0.029109999999999994 0.011219999999999999 0.011269999999999999 0.014499999999999997 0.021979999999999996 0.007959999999999998 0.0018799999999999995 0.03167999999999999 0.008229999999999998 0.024959999999999993 0.0033599999999999993 0.007239999999999998 0.011039999999999998 0.005479999999999999 0.03506999999999999 0.031069999999999993 0.020389999999999995 0.0017499999999999996 0.019029999999999995 0.029919999999999992 
0.022570000000000007 0.02803000000000001 0.02905000000000001 0.03049000000000001 0.018470000000000007 0.0012500000000000005 0.02677000000000001 0.024900000000000005 0.005560000000000002 0.017400000000000006 0.004060000000000002 0.02261000000000001 0.03103000000000001 0.024560000000000005 0.002680000000000001 0.019090000000000006 0.010830000000000003 0.02712000000000001 0.03061000000000001 0.015230000000000006 0.020010000000000007 0.016360000000000006 0.01767000000000001 0.0069200000000000025 0.014170000000000006 0.019000000000000006 0.02973000000000001 0.0029100000000000007 0.032110000000000014 0.005400000000000002 0.012430000000000004 0.0007100000000000002 0.002980000000000001 0.017660000000000006 0.014330000000000006 0.007980000000000003 0.010060000000000003 0.03186000000000001 0.006760000000000003 0.004610000000000002 0.016350000000000007 0.030700000000000012 0.019900000000000008 0.025500000000000005 0.016870000000000007 0.02648000000000001 0.015830000000000007 0.03030000000000001 0.018090000000000005 0.032300000000000016 0.002680000000000001 0.023470000000000008 0.0006700000000000002 0.007940000000000003 0.022710000000000008 0.024010000000000007 0.02023000000000001 
0.020830208302083025 0.006330063300633007 0.012870128701287013 0.00970009700097001 0.013360133601336015 0.02744027440274403 0.03262032620326204 0.028170281702817032 0.01866018660186602 0.02734027340273403 0.030880308803088036 0.025210252102521025 0.0022800228002280024 0.02897028970289703 0.013530135301353014 0.002030020300203002 0.029420294202942034 0.03044030440304403 0.016720167201672017 0.023300233002330025 0.006510065100651007 0.02761027610276103 0.026750267502675028 0.030530305303053035 0.0022800228002280024 0.001890018900189002 0.011010110101101013 0.017930179301793022 0.006550065500655007 0.006160061600616006 0.003650036500365004 0.001770017700177002 0.007580075800758008 0.032380323803238034 0.002130021300213002 0.03299032990329903 0.005870058700587007 0.02784027840278403 0.007860078600786009 0.02644026440264403 0.02243022430224302 0.026470264702647028 0.007010070100701008 0.02804028040280403 0.029940299402994034 0.02837028370283703 0.01742017420174202 0.0034300343003430037 0.01019010190101901 0.033620336203362036 0.022600226002260023 0.0026300263002630025 0.013410134101341014 0.011720117201172012 0.029280292802928033 0.013570135701357015 0.014030140301403015 
0.02312023120231203 0.009180091800918012 0.032130321303213034 0.013160131601316015 0.014590145901459017 0.015260152601526017 0.03205032050320504 0.01701017010170102 0.01738017380173802 0.011700117001170015 0.02416024160241603 0.021780217802178026 0.028910289102891035 0.032620326203262044 0.005730057300573007 0.0014300143001430017 0.03151031510315104 0.03263032630326304 8.00008000080001e-05 0.030720307203072037 0.011200112001120014 0.025770257702577033 0.004900049000490006 0.030640306403064036 0.015490154901549019 0.009860098600986012 0.019670196701967024 0.013220132201322017 0.0018100181001810022 0.021370213702137025 0.02332023320233203 0.022910229102291027 0.01603016030160302 0.02457024570245703 0.009710097100971012 0.027630276302763032 0.005220052200522006 0.01950019500195002 0.008720087200872011 0.028460284602846032 0.028830288302883034 1.0000100001000013e-05 0.024300243002430028 0.028350283502835034 0.03179031790317904 0.00834008340083401 0.01898018980189802 0.004420044200442006 0.014670146701467018 0.011300113001130013 0.00896008960089601 0.013710137101371016 0.03216032160321604 0.005550055500555007 0.015510155101551017 0.005960059600596007 0.012000120001200014 
0.017230344606892135 0.01357027140542811 0.01608032160643213 0.006380127602552052 0.028720574411488228 0.00619012380247605 0.018950379007580155 0.021690433808676173 0.013180263605272106 0.023010460209204185 0.02349046980939619 0.030300606012120243 0.023940478809576192 0.001620032400648013 0.03147062941258825 0.024600492009840196 0.029180583611672237 0.032910658213164266 0.004430088601772035 0.010720214404288086 0.029110582211644233 0.02378047560951219 0.026720534410688217 0.020640412808256164 0.013470269405388107 0.014490289805796116 0.02983059661193224 0.012760255205104104 0.005570111402228045 0.025680513610272206 0.00886017720354407 0.033510670213404266 0.01599031980639613 0.01488029760595212 0.01881037620752415 0.024180483609672194 0.02370047400948019 0.00990019800396008 0.005970119402388048 0.006100122002440049 0.01758035160703214 0.0049900998019960395 0.002270045400908018 0.012030240604812097 0.026380527610552214 0.020170403408068163 0.007480149602992059 0.010370207404148084 0.022070441408828176 0.023940478809576192 0.03184063681273626 0.002740054801096022 0.017460349206984138 0.021800436008720173 0.013030260605212104 0.003980079601592032 0.020240404808096163 
0.016519999999999996 0.021439999999999997 0.008159999999999999 0.027679999999999993 0.016749999999999998 0.015209999999999996 0.009849999999999998 0.003599999999999999 0.032729999999999995 0.02685999999999999 0.003429999999999999 0.012779999999999996 0.012469999999999997 0.031169999999999993 0.011169999999999998 0.02753999999999999 0.015499999999999996 0.02395999999999999 0.029919999999999992 0.03200999999999999 0.015319999999999997 0.009739999999999999 0.03180999999999999 0.015179999999999997 0.029319999999999992 0.030389999999999993 0.024859999999999993 0.015519999999999997 0.025879999999999993 0.013729999999999996 0.027899999999999994 0.019689999999999996 0.018139999999999996 0.021129999999999996 0.0008499999999999997 0.0023199999999999996 0.02472999999999999 0.013279999999999997 0.027569999999999994 0.018449999999999998 0.02830999999999999 0.017039999999999996 0.025989999999999992 0.005769999999999999 0.008849999999999998 0.0068699999999999985 0.0020899999999999994 0.017599999999999998 0.029959999999999994 0.006929999999999999 0.028249999999999994 0.0021599999999999996 0.022529999999999998 0.004229999999999999 0.012129999999999997 0.0027799999999999995 0.013949999999999997 
0.014969550913472594 0.00588982330530084 0.02726918192454226 0.010209693709188722 0.003999880003599891 0.0070797876063718075 0.02618921432357029 0.019589412317630468 0.010889673309800705 0.02286931392058238 0.028929132126036212 0.014469565913022607 0.025229243122706312 0.013219603411897641 0.032389028329150124 0.017929462116136514 0.017169484915452535 0.02421927342179734 0.026929192124236268 0.010849674509764705 0.009519714408567742 0.027339179824605257 0.010189694309170723 0.021029369118926427 0.01502954911352659 0.00438986830395088 0.001209963701088967 0.0293291201263962 0.02984910452686419 0.012179634610961668 0.004789856304310869 0.012319630411087664 0.022389328320150392 0.012059638210853672 0.023319300420987368 0.00916972490825275 0.0019299421017369477 0.028909132726018215 0.02974910752677419 0.015089547313580589 0.009479715608531742 0.02987910362689119 0.024429267121986335 0.013689589312320628 0.011819645410637679 0.001359959201223963 0.008639740807775765 0.017629471115866522 0.004209873703788886 0.025539233822985306 0.015699529014129573 0.03124906252812415 0.018079457616271506 0.031769046928592136 0.03061908142755717 0.02097937061888143 0.024849254522364323 
0.02419048380967619 0.010300206004120082 0.0252505050101002 0.01889037780755615 0.029480589611792233 0.02796055921118422 0.01374027480549611 0.029760595211904238 0.014520290405808114 0.018450369007380146 0.028800576011520227 0.011660233204664092 0.027270545410908214 0.011950239004780094 0.01512030240604812 0.031160623212464246 0.0076701534030680606 0.022320446408928177 0.030640612812256243 0.02135042700854017 0.025900518010360203 0.02153043060861217 0.012170243404868096 0.004370087401748034 0.016960339206784133 0.010200204004080081 0.007830156603132061 0.026170523410468206 0.029920598411968237 0.022760455209104177 0.0006500130002600051 0.005710114202284045 0.0031300626012520246 0.008340166803336066 0.02161043220864417 0.010490209804196082 0.029560591211824232 0.017080341606832136 0.015470309406188121 0.02290045800916018 0.025870517410348206 0.021000420008400168 0.0009500190003800075 0.0005400108002160043 0.027670553411068218 0.02885057701154023 0.013840276805536109 0.0049900998019960395 0.025590511810236204 0.013440268805376106 0.013590271805436108 0.013480269605392108 0.012160243204864097 0.015650313006260123 0.005260105202104041 0.019930398607972157 0.02394047880957619 
0.024560245602456017 0.02525025250252502 0.018250182501825012 0.009390093900939008 0.018290182901829013 0.001410014100141001 0.01492014920149201 0.02749027490274902 0.03267032670326702 0.004610046100461004 0.02717027170271702 0.0002900029000290002 0.031160311603116022 0.030470304703047024 7.000070000700005e-05 0.0 0.02633026330263302 0.033920339203392026 0.005340053400534004 0.004390043900439003 0.01422014220142201 0.01446014460144601 0.018900189001890014 0.02389023890238902 0.02769027690276902 0.02609026090260902 0.017080170801708015 0.005590055900559004 0.02951029510295102 0.022760227602276015 0.012410124101241008 0.02885028850288502 0.0033400334003340026 0.024480244802448016 0.018100181001810014 1.0000100001000008e-05 0.017540175401754014 0.012560125601256009 0.02886028860288602 0.01680016800168001 0.009030090300903007 0.02796027960279602 0.022460224602246018 0.005150051500515004 0.005330053300533003 0.030120301203012022 0.0027700277002770017 0.02837028370283702 0.019740197401974014 0.022920229202292017 0.01599015990159901 0.02678026780267802 0.006730067300673005 0.02742027420274202 0.021640216402164014 0.01737017370173701 0.011090110901109007 
0.023719762802371976 0.022289777102228975 0.022169778302216975 0.000959990400095999 0.004539954600453995 0.017799822001779982 0.022539774602253978 0.01829981700182998 0.02960970390296097 0.02910970890291097 0.015119848801511983 0.025209747902520972 0.005759942400575994 0.0022899771002289973 0.014519854801451985 0.02119978800211998 0.017799822001779982 0.032769672303276966 0.01636983630163698 0.022459775402245977 0.03177968220317797 0.014659853401465984 0.02951970480295197 0.006289937100628993 0.02135978640213598 0.023309766902330976 0.014889851101488985 0.02740972590274097 0.012459875401245987 0.015749842501574983 0.024479755202447974 0.007569924300756993 0.00868991310086899 0.01989980100198998 0.0016899831001689982 0.028709712902870967 0.019199808001919977 0.010989890101098987 0.011609883901160988 0.0078099219007809915 0.03062969370306297 0.033509664903350965 0.017179828201717984 0.004099959000409996 0.02496975030249697 0.01841981580184198 0.010899891001089988 0.012749872501274986 0.018859811401885977 0.01754982450175498 0.00898991010089899 0.00022999770002299976 0.01023989760102399 0.01620983790162098 0.026199738002619974 0.015169848301516983 0.031479685203147964 
0.02075979240207598 0.023099769002309974 0.024779752202477974 0.010559894401055989 0.004339956600433996 0.002399976000239997 0.010889891101088988 0.003669963300366996 0.020049799502004976 0.014839851601483985 0.009479905200947991 0.010449895501044987 0.008749912500874991 0.028239717602823972 0.031159688403115966 0.02807971920280797 0.013549864501354985 0.02875971240287597 0.00935990640093599 0.03488965110348896 0.020729792702072977 0.020049799502004976 0.026099739002609975 0.02727972720272797 0.015829841701582983 0.004229957700422996 0.025169748302516975 0.022329776702232976 0.01791982080179198 0.010499895001049989 0.03463965360346396 0.0005999940000599993 0.02184978150218498 0.0076699233007669915 0.0041499585004149955 0.011589884101158987 0.03221967780322196 0.02716972830271697 0.032549674503254966 0.02616973830261697 0.032839671603283965 0.013339866601333985 0.011429885701142986 0.014009859901400985 0.02504974950250497 0.01958980410195898 0.011069889301106988 0.029049709502904968 0.03526964730352696 0.004789952100478995 0.01646983530164698 0.0008199918000819991 0.00939990600093999 0.016139838601613984 0.0016699833001669983 0.006379936200637993 0.02582974170258297 
0.02006040120802416 0.011910238204764093 0.012330246604932097 0.008740174803496068 0.008100162003240062 0.005320106402128042 0.03251065021300425 0.030210604212084238 0.00775015500310006 0.019830396607932156 0.018900378007560146 0.01658033160663213 0.002090041800836016 0.02407048140962819 0.03222064441288825 0.020830416608332163 0.012260245204904095 0.03378067561351226 0.009770195403908076 0.02954059081181623 0.02691053821076421 0.017390347806956134 0.012290245804916096 0.0025200504010080196 0.03358067161343226 0.019970399407988157 0.021330426608532165 0.0075701514030280595 0.030190603812076236 0.0015800316006320124 0.024610492209844192 0.008760175203504068 0.03553071061421228 0.013850277005540108 0.003960079201584031 0.01007020140402808 0.029100582011640227 0.012990259805196101 0.02672053441068821 0.022630452609052176 0.015080301606032118 0.020030400608012155 0.033030660613212255 0.013210264205284103 0.0006900138002760054 0.009220184403688072 0.024750495009900193 0.02781055621112422 0.034300686013720265 0.021500430008600167 0.015930318606372125 0.012580251605032098 0.009730194603892076 0.025970519410388204 0.002340046800936018 0.00131002620052401 0.01415028300566011 
0.01966019660196602 0.02879028790287903 0.031220312203122033 0.00816008160081601 0.030940309403094033 0.03160031600316004 0.0025800258002580028 0.02645026450264503 0.003900039000390004 0.0021400214002140023 0.018070180701807017 0.012880128801288014 0.0012500125001250013 0.007360073600736008 0.026420264202642027 0.01685016850168502 0.0012800128001280015 0.003510035100351004 0.025030250302503027 0.022190221902219025 0.024130241302413025 0.021960219602196025 0.029260292602926032 0.00911009110091101 0.029680296802968034 0.013240132401324014 0.015400154001540017 0.023730237302373027 0.020680206802068023 0.016180161801618017 0.0007400074000740008 0.02892028920289203 0.01968019680196802 0.025920259202592028 0.006280062800628007 0.002870028700287003 0.0015200152001520017 0.032830328303283036 0.016240162401624018 0.007940079400794008 0.030650306503065033 0.007980079800798007 0.013180131801318015 0.02996029960299603 0.030540305403054035 0.019840198401984022 0.01109011090110901 0.014250142501425016 0.01766017660176602 0.02832028320283203 0.021090210902109024 0.0003700037000370004 0.029890298902989033 0.030030300303003032 0.023180231802318024 0.02166021660216602 0.0037100371003710043 
0.0054699453005469965 0.01793982060179399 0.03657963420365798 0.0022399776002239983 0.032939670603293975 0.001969980300196999 0.019439805601943985 0.008789912100878993 0.019239807601923987 0.03523964760352398 0.016469835301646987 0.01717982820171799 0.006949930500694995 0.028149718502814985 0.01406985930140699 0.023339766602333986 0.024479755202447984 0.021439785602143987 0.010819891801081992 0.02880971190288098 0.03307966920330798 0.010459895401045994 0.022059779402205985 0.0011999880001199992 0.03312966870331298 0.006349936500634996 0.0035599644003559976 0.03410965890341098 0.008039919600803995 0.0022999770002299987 0.035189648103518975 0.037519624803751976 0.03136968630313698 0.023109768902310986 0.03837961620383797 0.03737962620373797 0.003699963000369998 0.0018699813001869987 0.01566984330156699 0.025519744802551984 0.00011999880001199992 0.013499865001349991 0.004389956100438997 0.008939910600893995 0.012599874001259993 0.024229757702422985 0.023019769802301984 0.01930980690193099 0.007259927400725995 0.0021499785002149986 0.0019299807001929988 0.027549724502754985 0.01719982800171999 0.01621983780162199 0.010549894501054993 0.017159828401715992 0.01831981680183199 
0.016150161501615013 0.0012700127001270011 0.028450284502845022 0.03185031850318503 0.028990289902899022 0.02134021340213402 0.020130201302013016 0.01283012830128301 0.029130291302913024 0.02244022440224402 0.007770077700777007 0.031000310003100027 0.028050280502805024 0.012970129701297012 0.014500145001450013 0.005980059800598005 0.008970089700897008 0.03370033700337003 0.01063010630106301 0.02564025640256402 0.01364013640136401 0.02370023700237002 0.00045000450004500036 0.02489024890248902 0.0012700127001270011 0.020360203602036015 0.022210222102221018 0.0016200162001620013 0.028060280602806024 0.026580265802658022 0.02285022850228502 0.028700287002870025 0.02334023340233402 0.014600146001460012 0.030370303703037026 0.015030150301503013 0.016480164801648014 0.02180021800218002 0.006350063500635005 0.02200022000220002 0.001300013000130001 0.028210282102821022 0.030370303703037026 0.02437024370243702 0.002210022100221002 0.0012800128001280013 0.006910069100691006 0.019200192001920014 0.013290132901329011 0.0016100161001610014 0.007270072700727007 0.0031200312003120028 0.020840208402084018 0.02600026000260002 0.02153021530215302 0.013200132001320012 0.023190231902319017 
0.0011899643010709674 0.015579532614021573 0.031029069127926148 0.0290491285261442 0.010549683509494711 0.026849194524164264 0.005329840104796853 0.0029699109026729187 0.019879403617891454 0.031499055028349134 0.004769856904292869 0.0022699319020429375 0.0004099877003689888 0.0059698209053728355 0.029629111126666188 0.032229033129006115 0.025449236522904303 0.005889823305300839 0.025029249122526315 0.016209513714588553 0.03064908052758416 0.02796916092517223 0.02886913392598221 0.011389658310250688 0.013659590212293626 0.02036938891833244 0.021189364319070418 0.02474925752227432 0.026879193624191264 0.004309870703878882 0.007199784006479803 0.028619141425757215 0.013349599512014634 0.0018799436016919485 0.00840974770756877 0.02864914052578421 0.020979370618881422 0.02116936491905242 0.022319330420087387 0.029659110226693184 0.0016699499015029543 0.02116936491905242 0.012339629811105661 0.03193904182874513 0.00010999670009899699 0.028139155825325227 0.02224933252002439 0.020919372418827426 0.03103906882793515 0.01656950291491255 0.018409447716568494 0.02740917772466825 0.0007199784006479803 0.015969520914372565 0.018439446816595494 0.012879613611591647 0.005979820605381836 
0.014510290205804119 0.016140322806456133 0.008120162403248067 0.0019400388007760159 0.0029400588011760237 0.034230684613692275 0.01728034560691214 0.007880157603152063 0.023420468409368192 0.010200204004080084 0.01921038420768416 0.025130502610052202 0.0248904978099562 0.024170483409668198 0.013800276005520112 0.011310226204524092 0.013750275005500112 0.02919058381167624 0.01831036620732415 0.019030380607612155 0.03560071201424029 0.017700354007080144 0.004590091801836038 0.007930158603172064 0.02040040800816017 0.0067401348026960555 0.0006400128002560053 0.007710154203084063 0.028820576411528232 0.008340166803336067 0.009410188203764077 0.016810336206724136 0.011330226604532092 0.0366707334146683 0.010740214804296088 0.024930498609972204 0.034400688013760276 0.009570191403828077 0.026300526010520214 0.03155063101262026 0.029860597211944243 0.01604032080641613 0.007240144802896059 0.0371107422148443 0.018800376007520155 0.019970399407988164 0.029770595411908244 0.028310566211324228 0.002180043600872018 0.034370687413748276 0.0122902458049161 0.011880237604752096 0.0004400088001760036 0.015880317606352126 0.01602032040640813 0.02334046680933619 0.010850217004340088 
0.022819771802281976 0.02074979250207498 0.014249857501424986 0.0008299917000829991 0.022449775502244976 0.02812971870281297 0.006579934200657993 0.004409955900440995 0.013659863401365985 0.014459855401445985 0.03463965360346396 0.023249767502324974 0.005609943900560995 0.007339926600733992 0.029159708402915967 0.0065399346006539925 0.007069929300706992 0.024839751602483976 0.03419965800341997 0.004609953900460996 0.01851981480185198 0.0062699373006269935 0.01746982530174698 0.003949960500394996 0.03188968110318897 0.023579764202357974 0.030719692803071966 0.014249857501424986 0.01915980840191598 0.0009399906000939989 0.03475965240347596 0.032179678203217967 0.021479785202147977 0.0022199778002219978 0.02941970580294197 0.0024399756002439973 0.03203967960320397 0.002009979900200998 0.01804981950180498 0.006229937700622993 0.032759672403275965 0.024509754902450973 0.010969890301096989 0.016919830801691984 0.014199858001419985 0.024219757802421974 0.028719712802871968 0.01863981360186398 0.0034099659003409962 0.02243977560224398 0.03602963970360296 0.001899981000189998 0.013569864301356985 0.022919770802291975 0.01695983040169598 0.010539894601053989 0.028119718802811968 
0.00842966281348746 0.002719891204351826 0.019139234430622775 0.014159433622655093 0.031188752449902 0.009649614015439383 0.01341946322147114 0.03187872485100596 0.019689212431502737 0.012239510419583216 0.02014919403223871 0.02450901963921443 0.005749770009199632 0.014199432022719092 0.027418903243870245 0.023219071237150515 0.027438902443902242 0.02738890444382225 0.009129634814607414 0.0015799368025278988 0.008479660813567456 0.027578896844126233 0.017419303227870886 0.004769809207631695 0.001859925602975881 0.02280908763649454 0.02259909603615855 0.007159713611455541 0.008009679612815486 0.022069117235310586 0.009429622815087395 0.015099396024159033 0.008129674813007479 0.022589096436142552 0.005739770409183633 0.028508859645614174 0.022199112035518578 0.0249790008399664 0.01997920083196672 0.028658853645854167 0.027878884844606214 0.002669893204271829 0.003449862005519779 0.030128794848206072 0.02392904283828647 0.029438822447102116 0.02168913243470261 0.01982920683172673 0.009899604015839367 0.01860925562977481 0.024489020439182434 0.005189792408303668 0.0007999680012799488 0.03185872565097396 0.030718771249150033 0.018329266829326826 0.029728810847566095 
0.025090501810036206 0.02697053941078822 0.017610352207044145 0.0123302466049321 0.030490609812196246 0.012630252605052104 0.005090101802036041 0.036330726614532294 0.038820776415528314 0.00734014680293606 0.021970439408788178 0.0017200344006880139 0.01862037240744815 0.026770535410708216 0.035950719014380295 0.03384067681353628 0.01101022020440409 0.03070061401228025 0.025220504410088204 0.020240404808096166 0.008470169403388069 0.01355027100542011 0.0012000240004800098 0.009030180603612074 0.018880377607552155 0.008310166203324067 0.03457069141382828 0.021270425408508174 0.009610192203844079 0.009550191003820077 0.032490649812996264 0.00031000620012400253 0.006890137802756056 0.016150323006460132 0.008530170603412069 0.00036000720014400296 0.008040160803216066 0.02218044360887218 0.01818036360727215 0.022940458809176185 0.030110602212044247 0.019000380007600154 0.028330566611332233 0.004560091201824037 0.011600232004640094 0.022520450409008182 0.025100502010040205 0.008820176403528071 0.0024100482009640194 0.02719054381087622 0.010050201004020081 0.03165063301266025 0.0362907258145163 0.005790115802316047 0.019110382207644154 0.005330106602132043 0.0028700574011480233 
0.02787055741114822 0.0255605112102242 0.0036900738014760295 0.00762015240304806 0.02911058221164423 0.018030360607212144 0.023840476809536187 0.030800616012320245 0.0255605112102242 0.014260285205704113 0.001150023000460009 0.026180523610472205 0.01397027940558811 0.025820516410328204 0.022230444608892175 0.00758015160303206 0.008650173003460068 0.026180523610472205 0.017460349206984138 0.02266045320906418 0.029850597011940237 0.025800516010320206 0.006940138802776055 0.018920378407568147 0.019030380607612148 0.004020080401608032 0.02026040520810416 0.01654033080661613 0.005820116402328046 0.01733034660693214 0.01508030160603212 0.02292045840916818 0.004560091201824036 0.00024000480009600192 0.020220404408088158 0.030790615812316246 0.018200364007280145 0.029420588411768235 0.028980579611592228 0.021630432608652172 0.008370167403348066 0.028060561211224223 0.01890037800756015 0.012060241204824095 0.010460209204184083 0.008220164403288065 0.02670053401068021 0.004380087601752035 0.027010540210804214 0.01918038360767215 0.009080181603632071 0.001140022800456009 0.013260265205304104 0.000990019800396008 0.01937038740774815 0.028610572211444227 0.029420588411768235 
0.03190031900319002 0.013990139901399011 0.018960189601896014 0.03242032420324202 0.025130251302513017 0.004770047700477003 0.02698026980269802 0.0033000330003300025 0.02662026620266202 0.01456014560145601 0.02484024840248402 0.015630156301563013 0.02660026600266002 0.03126031260312603 0.01274012740127401 0.0019000190001900014 0.001390013900139001 0.016570165701657015 0.0035600356003560023 0.005100051000510004 0.020450204502045013 0.031080310803108024 0.02726027260272602 0.009690096900969008 0.020590205902059015 0.0011800118001180008 0.03171031710317102 0.008050080500805006 0.006870068700687005 0.008370083700837007 0.031000310003100023 0.020170201702017016 0.03450034500345003 0.02340023400234002 0.01254012540125401 0.029630296302963023 0.03549035490354903 0.018780187801878016 0.0065700657006570054 0.0005300053000530004 0.015460154601546011 0.012000120001200008 0.015350153501535011 0.022680226802268014 0.010310103101031007 0.015370153701537012 0.030340303403034022 0.03276032760327602 0.035150351503515025 0.01479014790147901 0.009280092800928006 0.02581025810258102 0.003970039700397002 0.017800178001780013 0.0011600116001160008 0.010980109801098007 0.010700107001070007 
0.0003400000000000002 0.005850000000000003 0.006290000000000002 0.028800000000000013 0.02344000000000001 0.030300000000000014 0.031530000000000016 0.028920000000000015 0.025420000000000012 0.01623000000000001 0.018840000000000006 0.02133000000000001 0.028760000000000015 0.019230000000000008 0.012300000000000005 0.005150000000000003 0.029490000000000013 0.0007400000000000003 0.015050000000000006 0.005080000000000003 0.009310000000000004 0.0074300000000000034 0.002000000000000001 0.010510000000000005 0.015280000000000007 0.007800000000000003 0.005470000000000003 0.027950000000000013 0.014280000000000006 0.02247000000000001 0.0007700000000000003 0.015780000000000006 0.008400000000000003 0.007150000000000004 0.030330000000000013 0.003100000000000001 0.02113000000000001 0.02583000000000001 0.016930000000000008 0.02138000000000001 0.028940000000000014 0.005130000000000003 0.034150000000000014 0.010480000000000005 0.02387000000000001 0.030730000000000014 0.03403000000000001 0.02325000000000001 0.008450000000000003 0.03267000000000001 0.019440000000000006 0.027690000000000013 0.02418000000000001 0.032910000000000016 0.02689000000000001 0.0018900000000000008 0.008910000000000003 
0.03591856325746972 0.027008919643214283 0.01211951521939123 0.030898764049438036 0.031838726450941976 0.016889324427022925 0.015259389624415028 0.02074917003319868 0.002569897204111836 0.00035998560057597714 0.012509499620015204 0.01932922683092677 0.034648614055437794 0.005699772009119638 0.010939562417503304 0.013229470821167159 0.002219911203551859 0.0361985520579177 0.003199872005119797 0.03065877364905405 0.012079516819327233 0.007959681612735494 0.02025918963241471 0.004649814007439704 0.03225870965161395 0.007309707611695535 0.02765889364425424 0.01967921283148675 0.018329266829326833 0.03603855845766171 0.02628894844206233 0.03510859565617377 0.0001999920003199873 0.023779048838046487 0.011079556817727295 0.013759449622015125 0.02876884924603017 0.0057497700091996345 0.02608895644174234 0.0283288668453262 0.023319067237310517 0.0219691212351506 0.007339706411743533 0.0054997800087996495 0.03237870485180594 0.003489860405583778 0.0220391184352626 0.017639294428222877 0.010159593616255354 0.020029198832046725 0.015319387224511026 0.012949482020719176 0.021639134434622623 0.0035898564057437717 0.014999400023999045 0.010399584016639337 0.009619615215391389 
0.03943118293548806 0.026420792623778708 0.017290518715561465 0.006960208806264187 0.02792083762512875 0.026300789023670706 0.026290788723661706 0.01896056881706451 0.016550496514895444 0.009890296708901266 0.021110633318999567 0.01083032490974729 0.030880926427792832 0.004790143704311129 0.017360520815624468 0.018790563716911506 0.03191095732871986 0.020670620118603555 0.01194035821074632 0.038801164034921044 0.03174095222856685 0.020170605118153544 0.008100243007290217 0.038531155934678034 0.006790203706111182 0.0011800354010620317 0.03322099662989889 0.014800444013320398 0.022880686420592617 0.019920597617928536 0.011870356110683319 0.027230816924507732 0.005450163504905146 0.013710411312339368 0.004510135304059121 0.03737112113363401 0.011950358510755321 0.02197065911977359 0.012850385511565346 0.003930117903537106 0.003990119703591107 0.019060571817154513 0.008020240607218215 0.005650169505085152 0.03550106503195095 0.0008300249007470223 0.02307069212076362 0.008760262807884237 0.001230036901107033 0.01679050371511145 0.019420582617478522 0.012500375011250337 0.010360310809324277 0.009950298508955268 0.026890806724201723 0.02197065911977359 0.004720141604248127 
0.011679883201167987 0.002869971300286997 0.01009989900100999 0.030949690503094967 0.015019849801501985 0.014309856901430985 0.016899831001689982 0.0011099889001109989 0.001939980600193998 0.01798982010179898 0.00869991300086999 0.02766972330276697 0.022339776602233977 0.013289867101328985 0.008249917500824992 0.02833971660283397 0.015259847401525983 0.02807971920280797 0.023039769602303976 0.004039959600403996 0.020559794402055978 0.023819761802381975 0.027649723502764973 0.03190968090319097 0.0022199778002219978 0.010309896901030988 0.014559854401455985 0.01568984310156898 0.030919690803091968 0.007589924100758992 0.02876971230287697 0.02921970780292197 0.007169928300716993 0.025779742202577973 0.024439755602443974 0.031089689103108966 0.01041989580104199 0.004859951400485995 0.031149688503114968 0.032679673203267964 0.014839851601483985 0.017609823901760982 0.029999700002999966 0.033649663503364964 0.001919980800191998 0.022249777502224975 0.013829861701382985 0.010709892901070989 0.019509804901950978 0.022229777702222977 0.005729942700572994 0.021419785802141978 0.003919960800391996 0.02741972580274197 0.007999920000799991 0.011929880701192988 0.022349776502234974 
0.0021800000000000005 0.006190000000000002 0.022040000000000004 0.036370000000000006 0.0026100000000000003 0.004440000000000001 0.025730000000000006 0.015700000000000002 0.03595000000000001 0.03144000000000001 0.010480000000000001 0.022950000000000005 0.0023500000000000005 0.034190000000000005 0.010150000000000001 0.00019000000000000006 0.015700000000000002 0.015680000000000003 0.012460000000000004 0.013630000000000003 0.026580000000000006 0.03640000000000001 0.011480000000000002 0.0009000000000000002 0.029960000000000007 0.007080000000000002 0.03531000000000001 0.0018800000000000004 0.005920000000000002 0.017500000000000005 0.016830000000000005 0.02994000000000001 0.025070000000000005 0.013360000000000004 0.017890000000000003 0.011630000000000001 0.004960000000000001 0.009330000000000001 0.010600000000000002 0.024720000000000006 0.004870000000000001 0.016600000000000004 0.029200000000000007 0.012400000000000003 0.026820000000000007 0.021230000000000002 0.030900000000000007 0.024720000000000006 0.028280000000000007 0.020810000000000002 0.023530000000000006 0.029120000000000007 0.018040000000000004 0.019440000000000002 0.012280000000000003 0.014960000000000003 0.009030000000000002 
0.030170301703017027 0.02064020640206402 0.023760237602376024 0.009550095500955008 0.024180241802418023 0.013240132401324012 0.003160031600316003 0.029900299002990027 0.03115031150311503 0.014230142301423013 0.012670126701267014 0.006610066100661007 0.025850258502585027 0.026820268202682025 0.031330313303133024 0.008150081500815008 0.02816028160281603 0.0019900199001990017 0.026550265502655025 0.007500075000750007 0.03125031250312503 0.009880098800988009 0.018770187701877016 0.030270302703027028 0.029480294802948028 0.00957009570095701 0.027660276602766026 0.007750077500775008 0.027740277402774027 0.013170131701317011 0.00015000150001500014 0.02410024100241002 0.006800068000680006 0.005470054700547005 0.027860278602786025 0.03047030470304703 0.01051010510105101 0.01767017670176702 0.018630186301863017 0.005630056300563005 0.02351023510235102 0.009980099800998008 0.019360193601936016 0.001000010000100001 0.02952029520295203 0.012910129101291011 0.026630266302663026 0.007180071800718006 0.02252022520225202 0.0015100151001510014 0.018060180601806017 0.02238022380223802 0.019490194901949018 0.02404024040240402 0.01075010750107501 0.00987009870098701 0.012840128401284012 
0.030559999999999993 0.031149999999999994 0.022499999999999996 0.017629999999999996 0.03223999999999999 0.0013699999999999997 0.017369999999999997 0.024689999999999993 0.022969999999999997 0.029119999999999993 0.029989999999999992 0.011299999999999998 0.012949999999999996 0.014209999999999997 0.028269999999999993 0.015109999999999997 0.018219999999999997 0.006999999999999998 0.021139999999999996 0.029829999999999992 0.034339999999999996 0.004039999999999999 0.0054399999999999995 0.017459999999999996 0.014589999999999997 0.026529999999999995 0.027859999999999992 0.006309999999999998 0.032959999999999996 0.025699999999999994 0.017569999999999995 0.011819999999999997 0.0005399999999999999 0.004169999999999999 0.0004699999999999999 0.012929999999999997 0.03311999999999999 0.009749999999999998 0.027099999999999992 0.034859999999999995 0.03251999999999999 0.016779999999999996 0.006169999999999998 0.026099999999999995 0.025439999999999994 0.030429999999999992 0.0015499999999999995 0.004699999999999999 0.012239999999999996 0.0014299999999999998 0.014599999999999997 0.018859999999999995 0.020339999999999997 0.0012799999999999999 0.008709999999999999 0.0018099999999999995 0.011859999999999997 
0.019390193901939027 0.010490104901049013 0.03362033620336204 0.0066200662006620095 0.022470224702247032 0.0060000600006000085 0.008710087100871013 0.0009900099000990014 0.009030090300903012 0.027270272702727038 0.008490084900849012 0.030000300003000042 0.02298022980229803 0.016350163501635023 0.017890178901789025 0.014320143201432019 0.019420194201942027 0.020460204602046027 0.011650116501165018 0.018930189301893025 0.02430024300243003 0.0060700607006070086 0.011290112901129015 0.016040160401604022 0.019710197101971028 0.027800278002780038 0.00038000380003800054 0.01367013670136702 0.016830168301683025 0.03484034840348405 0.02299022990229903 0.008890088900889014 0.01991019910199103 0.02812028120281204 0.0007900079000790011 0.03171031710317105 0.032950329503295045 0.019930199301993027 0.018210182101821026 0.018830188301883027 0.011680116801168016 0.03331033310333104 0.026480264802648038 0.025840258402584033 0.023930239302393033 0.005100051000510007 0.025250252502525036 0.008780087800878012 0.012910129101291018 0.02706027060270604 0.032970329703297045 0.016880168801688022 0.0015900159001590022 0.00644006440064401 0.016350163501635023 0.003640036400364005 0.02344023440234403 
0.0018299817001829989 0.03144968550314498 0.013009869901300992 0.013139868601313992 0.017969820301796988 0.02802971970280298 0.010639893601063993 0.0035699643003569976 0.0023999760002399984 0.01576984230157699 0.0009899901000989995 0.0014799852001479992 0.028229717702822985 0.03267967320326798 0.025119748802511985 0.029079709202907984 0.024119758802411986 0.025719742802571985 0.005599944000559996 0.011399886001139994 0.02979970200297998 0.010689893101068992 0.022479775202247986 0.0007399926000739996 0.03066969330306698 0.03618963810361898 0.01359986400135999 0.0027099729002709985 0.03092969070309298 0.024349756502434986 0.013619863801361992 0.027039729602703986 0.019109808901910986 0.007979920200797994 0.0017599824001759989 0.009209907900920994 0.024149758502414985 0.013099869001309992 0.011839881601183993 0.004079959200407998 0.031619683803161984 0.026599734002659983 0.011059889401105994 0.0022499775002249984 0.0018799812001879987 0.0003599964000359998 0.01709982900170999 0.03515964840351597 0.01542984570154299 0.014539854601453992 0.02676973230267698 0.021899781002189984 0.028689713102868983 0.032809671903280976 0.01756982430175699 0.03355966440335598 0.02642973570264298 
0.010869891301086988 0.004019959800401996 0.03324966750332497 0.032689673103268965 0.023259767402325975 0.032769672303276966 0.015069849301506984 0.00848991510084899 0.02793972060279397 0.019889801101988982 0.010799892001079989 0.005439945600543995 0.002039979600203998 0.02781972180278197 0.011449885501144988 0.00913990860091399 0.02810971890281097 0.03170968290317097 0.019839801601983977 0.013459865401345986 0.00920990790092099 0.004619953800461995 0.016829831701682983 0.015179848201517984 0.0028999710002899966 0.025059749402505972 0.012579874201257986 0.031089689103108966 0.02717972820271797 0.01777982220177798 0.012959870401295986 0.01587984120158798 0.022849771502284975 0.02034979650203498 0.023799762002379977 0.022299777002229976 7.999920000799993e-05 0.030859691403085966 0.02098979010209898 0.0042999570004299955 0.009429905700942988 0.013249867501324985 0.015629843701562986 0.001899981000189998 0.015209847901520983 0.01121988780112199 0.01958980410195898 0.03258967410325896 0.01737982620173798 0.030849691503084965 0.005229947700522995 0.0014299857001429986 0.024879751202487973 0.029389706102938968 0.013729862701372985 0.02804971950280497 0.02538974610253897 
0.02877086312589378 0.02557076712301369 0.01695050851525546 0.002780083402502075 0.023160694820844627 0.0003400102003060092 0.0019500585017550528 0.0030900927027810838 0.0222006660199806 0.03166094982849486 0.006620198605958179 0.005060151804554137 0.00046001380041401247 0.02137064111923358 0.027850835525065756 0.009830294908847266 0.011650349510485316 0.02985089552686581 0.0024900747022410675 0.008030240907227218 0.026430792923787715 0.03425102753082593 0.004350130503915118 0.026040781223436706 0.035311059331779956 0.011960358810764325 0.007620228606858207 0.019730591917757535 0.016870506115183457 0.032640979229376886 0.032950988529655896 0.0184805544166325 0.009340280208406252 0.01706051181535446 0.02759082772483175 0.023300699020970633 0.03883116493494806 0.01695050851525546 0.0043101293038791165 0.023980719421582652 0.0051101533045991385 0.00628018840565217 0.006390191705751173 0.0257907737232117 0.028190845725371762 8.000240007200218e-05 0.003650109503285099 0.03414102423072692 0.013130393911817355 0.012330369911097335 0.03879116373491205 0.037331119933598014 0.013890416712501377 0.016850505515165457 0.03715111453343601 0.0018300549016470496 0.011370341110233308 
0.016010160101601018 0.022860228602286023 0.020620206202062022 0.007970079700797009 0.02948029480294803 0.003750037500375004 0.025740257402574025 0.004230042300423005 0.02851028510285103 0.0025000250002500026 0.03152031520315203 0.025560255602556026 0.0006600066000660007 0.013350133501335015 0.029020290202902033 0.011170111701117012 0.021210212102121023 0.02767027670276703 0.030310303103031032 0.014150141501415015 0.034720347203472036 0.016760167601676017 0.013070130701307013 0.030980309803098034 0.022790227902279026 0.021170211702117026 0.02059020590205902 0.023870238702387025 0.022470224702247025 0.012340123401234013 0.006960069600696008 0.016820168201682018 0.01743017430174302 0.015430154301543016 0.021820218202182023 0.010550105501055012 0.007820078200782008 0.002690026900269003 0.015240152401524017 0.008650086500865009 0.007760077600776009 0.023870238702387025 0.001950019500195002 0.02218022180221802 0.013460134601346013 0.03336033360333603 0.031050310503105034 0.0008600086000860009 0.014170141701417015 0.02879028790287903 0.021780217802178023 0.031200312003120033 0.005760057600576006 0.011740117401174014 0.011140111401114013 0.01911019110191102 0.013350133501335015 
0.00021999780002199978 0.013939860601393985 0.02065979340206598 0.014109858901410983 0.032079679203207964 0.024929750702492974 0.030389696103038967 0.033449665503344966 0.01617983820161798 0.027229727702722972 0.026739732602673972 0.012279877201227985 0.02750972490275097 0.0022399776002239974 0.0011199888001119987 0.02721972780272197 0.016869831301686983 0.003649963500364996 0.02792972070279297 0.017609823901760982 0.013599864001359985 0.029049709502904968 0.022339776602233977 0.004729952700472995 0.015579844201557983 0.025289747102528973 0.019889801101988982 0.02795972040279597 0.01781982180178198 0.011119888801111987 0.003149968500314997 0.017159828401715982 0.014029859701402986 0.012979870201297986 0.00958990410095899 0.01856981430185698 0.01804981950180498 0.0011099889001109989 0.01985980140198598 0.009549904500954989 0.01889981100188998 0.02685973140268597 0.002579974200257997 0.004259957400425995 0.03279967200327997 0.031239687603123966 0.004099959000409996 0.030469695303046967 0.031119688803111965 0.026739732602673972 0.012819871801281987 0.02124978750212498 0.013079869201307985 0.027149728502714972 0.013809861901380985 0.013149868501314986 0.001889981100188998 
0.020511230673840433 0.02289137348240895 0.01911114666880013 0.01638098285897154 0.008240494429665781 0.017201032061923718 0.03614216853011181 0.014000840050403026 0.023491409484569077 0.008710522631357884 0.0014900894053643222 0.024481468888133292 0.021111266676000565 0.037912274736484196 0.020231213872832374 0.03172190331419886 0.019481168870132213 0.020381222873372403 0.010770646238774328 0.016030961857711464 0.0007300438026281578 0.0025501530091805516 0.04277256635398125 0.005810348620917256 0.002030121807308439 0.021921315278916737 0.01953117187031222 0.028711722703362207 0.013610816648998943 0.031601896113766834 0.01240074404464268 0.01773106386383183 0.02855171310278617 0.030521831309878598 0.00962057723463408 0.016991019461167673 0.03695221713302799 0.022321339280356824 0.010260615636938218 0.01827109626577595 0.01615096905814349 0.001550093005580335 0.029531771906314383 0.022731363881832913 0.027111626697601858 0.03597215832949978 0.0030001800108006484 0.0029201752105126313 0.022431345880752847 0.011230673840430428 0.004400264015840952 0.003520211212672761 0.0042702562153729235 0.00800048002880173 0.008900534032041925 0.01671100266015961 0.018381102866171974 
0.0010200408016320657 0.029001160046401867 0.016420656826273056 0.022080883235329418 0.023710948437937522 0.002520100804032162 0.021570862834513385 0.004400176007040283 0.000810032401296052 0.030471218848753957 0.025671026841073648 0.019990799631985287 0.020630825233009326 0.005580223208928359 0.027781111244449784 0.027631105244209773 0.02503100124004961 0.020160806432257296 0.012860514420576827 0.025331013240529627 0.018480739229569186 0.025911036441457664 0.015250610024400979 0.030461218448737958 0.013050522020880839 0.02627105084203369 0.008880355214208572 0.025691027641105653 0.02462098483939358 0.01725069002760111 0.004160166406656267 0.027181087243489745 0.025921036841473663 0.0015200608024320977 0.009720388815552624 0.03002120084803393 0.030621224848993968 0.027811112444497788 0.012060482419296775 0.0014300572022880919 0.007050282011280453 0.02508100324012961 0.006720268810752432 0.004700188007520302 0.013960558422336898 0.02987119484779392 0.014260570422816917 0.01960078403136126 0.021680867234689396 0.01027041081643266 0.010560422416896679 0.020420816832673314 0.020600824032961325 0.015270610824432982 0.012770510820432821 0.000280011200448018 0.027911116444657793 
0.00882026460793824 0.01882056461693851 0.007510225306759204 0.02758082742482275 0.010190305709171276 0.026520795623868717 0.003720111603348101 0.006740202206066183 0.01212036361090833 0.0185005550166505 0.0004200126003780114 0.004770143104293129 0.014460433813014392 0.01663049891496745 0.01692050761522846 0.013220396611898359 0.02472074162224867 0.026950808524255732 0.018690560716821503 0.026720801624048725 0.02028060841825255 0.014870446113383402 0.032980989429682896 0.001040031200936028 0.005860175805274159 0.02808084242527276 0.029460883826514798 0.007980239407182215 0.02104063121893657 0.0332009960298809 0.012330369911097335 0.015220456613698412 0.0028200846025380763 0.008310249307479225 0.028170845125353762 0.023390701721051635 0.01660049801494045 0.004380131403942119 0.0331809954298629 0.022290668720061604 0.01544046321389642 0.02889086672600178 0.02488074642239267 0.023110693320799625 0.023530705921177637 0.013740412212366373 0.02846085382561477 0.002500075002250068 0.014580437413122394 0.02770083102493075 0.027050811524345734 0.020040601218036542 0.007950238507155215 0.0332609978299349 0.02691080732421973 0.0004900147004410132 0.01594047821434643 
0.004899999999999999 0.0035299999999999993 0.0073399999999999984 0.03536999999999999 0.012509999999999997 0.013049999999999997 0.024099999999999993 0.029089999999999994 0.005379999999999999 0.02438999999999999 0.0006399999999999999 0.029199999999999993 0.019299999999999998 0.016009999999999996 0.03348999999999999 0.030289999999999994 0.018359999999999998 0.0007699999999999997 0.006829999999999998 0.029999999999999992 0.021229999999999995 0.005129999999999999 0.0018099999999999995 0.03189999999999999 0.028789999999999993 0.035309999999999994 0.016939999999999997 0.028119999999999992 0.011569999999999999 0.016559999999999995 0.031849999999999996 0.011909999999999997 0.017839999999999998 0.011299999999999998 0.012019999999999996 0.010269999999999998 0.0020699999999999994 0.009559999999999999 0.014849999999999997 0.015299999999999996 0.0050999999999999995 0.020979999999999995 0.0025099999999999996 0.0066799999999999984 0.012069999999999997 0.020009999999999997 0.033909999999999996 0.025089999999999994 0.033699999999999994 0.029989999999999992 0.027439999999999992 0.031059999999999994 0.020069999999999998 0.033339999999999995 0.0063799999999999985 0.0004199999999999999 0.012369999999999997 
0.024989750102498962 0.024649753502464962 0.009139908600913987 0.012549874501254981 0.020369796302036967 0.002699973000269996 0.018609813901860974 0.014649853501464978 0.018969810301896973 0.015559844401555976 0.01900980990190097 0.02210977890221097 0.02013979860201397 0.025679743202567964 0.014569854301456978 0.02228977710222897 0.012839871601283982 0.016069839301606978 0.020629793702062967 0.025339746602533963 0.020939790602093968 0.02092979070209297 0.014629853701462978 0.024349756502434962 0.023189768102318965 0.025849741502584962 0.01976980230197697 0.002839971600283996 0.01411985880141198 0.02706972930270696 0.02723972760272396 0.02024979750202497 0.006999930000699989 0.022539774602253967 0.02640973590264096 0.019699803001969968 0.018399816001839972 0.008309916900830987 0.014889851101488978 0.017659823401765973 0.009989900100998985 0.009409905900940986 0.009479905200947986 0.00676993230067699 0.00705992940070599 0.02857971420285796 0.024189758102418964 0.02723972760272396 0.022959770402295968 0.023749762502374965 0.017139828601713973 0.02731972680273196 0.016869831301686976 0.004579954200457993 0.005769942300576991 0.001299987000129998 0.020639793602063968 
0.019240192401924018 0.028520285202852023 0.01296012960129601 0.02169021690216902 0.029160291602916024 0.008440084400844006 0.02675026750267502 0.021380213802138018 0.02263022630226302 0.005290052900529005 0.022410224102241017 0.010810108101081009 0.025550255502555023 0.027490274902749023 0.005950059500595005 0.030770307703077024 0.015610156101561013 0.029590295902959026 0.025020250202502023 0.009290092900929008 0.028290282902829023 0.017110171101711015 0.027100271002710022 0.017360173601736015 0.019910199101991016 0.003760037600376003 0.02067020670206702 0.021320213202132017 0.004080040800408004 0.006000060000600005 0.02291022910229102 0.025080250802508024 0.01300013000130001 0.01153011530115301 0.013450134501345011 0.026400264002640023 0.026730267302673024 0.030190301903019027 0.0006700067000670006 0.02387023870238702 0.004640046400464004 0.028540285402854023 0.015070150701507013 0.023970239702397023 0.015930159301593014 0.0007600076000760007 0.02258022580225802 0.031220312203122026 0.0030000300003000025 0.017020170201702014 0.015340153401534013 0.008140081400814007 0.0016700167001670015 0.02253022530225302 0.019520195201952015 0.01144011440114401 0.0006400064000640006 
0.02111 0.02568 0.03215 0.01964 0.03066 0.01692 0.01723 0.01558 0.00616 0.00668 0.00062 0.01745 0.01438 0.01901 0.01715 0.00201 0.02786 0.02753 0.00389 0.02916 0.01667 0.00926 0.02453 0.02107 0.02637 0.00946 0.00878 0.00719 0.0166 0.03447 0.00911 0.01911 0.03004 0.02229 0.01295 0.02177 0.02825 0.02857 0.0274 0.0155 0.02666 0.02357 0.01529 0.01249 0.02411 0.02193 0.01132 0.00187 0.02317 0.02342 0.00995 0.01912 0.0208 0.00714 0.00163 0.00464 0.01263 
0.01357959261222163 0.028829135125946218 1.9999400017999457e-05 0.016079517614471562 0.03411897643070707 0.008149755507334778 0.03304900852974411 0.003139905802825915 0.006129816105516834 0.029289121326360204 0.025989220323390294 0.012469625911222661 0.004909852704418867 0.028269151925442233 0.006649800505984819 0.0183294501164965 0.003159905202843914 0.028559143225703222 0.007389778306650799 0.013379598612041636 0.00921972340829775 0.004819855404337868 0.031649050528484136 0.027379178624641256 0.004139875803725887 0.034018979430617075 0.01726948191554253 0.01956941291761247 0.005949821505354839 0.032399028029159116 0.0048098557043288696 0.009799706008819733 0.022629321120366384 0.010989670309890702 0.0017899463016109512 0.00844974650760477 0.028449146525604225 0.01645950621481355 0.0004299871003869883 0.015359539213823582 0.012019639410817672 0.018189454316370507 0.027369178924632254 0.02454926352209433 0.021859344219673407 0.02835914922552323 0.03255902322930311 0.024709258722238326 0.018469445916622498 0.03274901752947411 0.014129576112716615 0.010959671209863702 0.031649050528484136 0.022789316320510383 0.02134935951921442 0.01809945701628951 0.013119606411807642 
0.03002120084803392 0.024110964438577537 0.00610024400976039 0.019020760830433213 0.011620464818592741 0.028251130045201803 0.020900836033441332 0.015320612824512978 0.03115124604984199 0.018580743229729184 0.0031701268050722026 0.030951238049521972 0.024230969238769547 0.007970318812752508 0.010920436817472696 0.0035501420056802267 0.009910396415856632 0.0024800992039681583 0.027521100844033756 0.008480339213568541 0.0061902476099043955 0.008010320412816511 0.026131045241809668 0.017710708428337132 0.026921076843073717 0.03036121444857794 0.0014800592023680944 0.022950918036721467 0.027631105244209763 0.013990559622384893 0.0018300732029281168 0.02179087163486539 0.0035301412056482255 0.021390855634225363 0.019460778431137242 0.026721068842753708 0.03061122444897795 0.0015500620024800989 0.0019800792031681265 0.025671026841073637 0.02597103884155366 0.005700228009120364 0.022010880435217404 0.020770830833233327 0.010430417216688666 0.026861074442977712 0.02165086603464138 0.024070962838513538 0.025731029241169642 0.017310692427697102 0.02803112124484979 0.010140405616224648 0.023100924036961474 0.028101124044961793 0.014340573622944915 0.007380295211808471 0.01822072882915316 
0.006419871602567949 0.024949501009979804 0.003709925801483971 0.0028299434011319776 0.03119937601247975 0.030789384212315758 0.011129777404451912 0.017179656406871864 5.9998800023999525e-05 0.02770944581108378 0.02303953920921582 0.011099778004439913 0.023189536209275816 0.029809403811923763 0.014249715005699888 0.010999780004399912 0.023399532009359816 0.015719685606287878 0.00997980040399192 0.018399632007359855 0.003049939001219976 0.030129397412051763 0.02019959600807984 0.032069358612827746 0.0020099598008039843 0.005739885202295955 0.016959660806783867 0.014349713005739886 0.01645967080658387 0.018419631607367853 0.031239375212495753 0.029659406811863763 0.013109737805243896 0.0018099638007239858 0.007349853002939942 0.01755964880702386 0.01892962140757185 0.024659506809863806 0.030979380412391757 0.026269474610507795 0.0007199856002879944 0.019819603607927845 0.0008199836003279935 0.014639707205855884 0.0002799944001119978 0.01994960100797984 0.028359432811343774 0.023469530609387817 0.0252294954100918 0.031079378412431753 0.028469430611387774 0.021669566608667826 0.019479610407791847 0.004849903001939962 0.026039479210415793 0.018729625407491853 0.019579608407831847 
0.023979280621581344 0.0219493415197544 0.028569142925712217 0.012099637010889668 0.017969460916172506 0.02416927492175234 0.029769106926792185 0.02583922482325529 0.032529024129276114 0.01241962741117766 0.015989520314390562 0.012789616311510649 0.032719018429447105 0.02007939761807145 0.030129096127116173 0.032609021729348105 0.018489445316640492 0.00545983620491385 0.0024999250022499316 0.03136905892823214 0.01856944291671249 0.022879313620591375 0.020629381118566433 0.02443926682199533 0.018009459716208508 0.017699469015929514 0.02774916752497424 0.018109456716298506 0.010799676009719705 0.0146095617131486 0.015529534113976574 0.012099637010889668 0.016489505314840548 0.004659860204193872 0.03179904602861913 0.0025499235022949304 0.00872973810785676 0.0017199484015479529 0.005609831705048847 0.010109696709098722 0.027669169924902242 0.005019849404517863 0.01525954221373358 0.011429657110286685 0.02256932292031238 0.030039098827035177 0.004359869203923881 0.015129546113616584 0.03226903192904212 0.014529564113076602 0.021279361619151418 0.005509834704958849 0.006979790606281809 0.014379568612941606 0.0007599772006839792 0.01897943061708148 0.01961941141765746 
0.011949880501194993 0.01576984230157699 0.028119718802811982 0.011859881401185993 0.013359866401335992 0.03090969090309098 0.03233967660323398 0.001489985100148999 0.01567984320156799 0.004359956400435998 0.017299827001729988 0.023309766902330987 0.025709742902570984 0.030549694503054982 0.01979980200197999 0.025689743102568986 0.0038899611003889974 0.009359906400935994 0.026519734802651983 0.020449795502044985 0.002049979500204999 0.0026299737002629985 0.01564984350156499 0.02994970050299498 0.020279797202027987 0.017819821801781988 0.01524984750152499 0.025469745302546982 0.025379746202537985 0.003059969400305998 0.022469775302246985 0.009159908400915994 0.024329756702432984 0.003609963900360998 0.03191968080319198 0.005839941600583996 0.013309866901330993 0.013649863501364993 0.01367986320136799 0.025869741302586985 0.019609803901960987 0.009939900600993992 0.028179718202817984 0.0037399626003739974 0.01756982430175699 0.008139918600813995 0.027739722602773985 0.024719752802471982 0.022139778602213986 0.028129718702812983 0.010259897401025994 0.01575984240157599 0.01880981190188099 3.9999600003999977e-05 0.029549704502954983 0.01734982650173499 0.028529714702852982 
0.03070000000000001 0.013850000000000003 0.013070000000000003 0.016130000000000002 0.018540000000000004 0.027660000000000007 0.030950000000000005 0.0012200000000000002 0.010100000000000001 0.0010200000000000003 0.031740000000000004 0.007830000000000002 0.028250000000000008 0.017310000000000002 0.031190000000000006 0.018530000000000005 0.014290000000000004 0.03316000000000001 0.023560000000000008 0.008880000000000002 0.005260000000000001 0.007440000000000002 0.03011000000000001 0.009860000000000002 0.012190000000000003 0.013320000000000004 0.014700000000000003 0.014220000000000003 0.034440000000000005 0.019770000000000003 0.013220000000000004 0.016840000000000004 0.007510000000000002 0.011930000000000003 0.030010000000000005 0.0023300000000000005 0.020970000000000003 0.005290000000000001 0.027090000000000006 0.031090000000000007 0.022450000000000005 0.010130000000000002 0.008640000000000002 0.020520000000000004 0.033330000000000005 0.016700000000000003 0.006660000000000002 0.015160000000000003 0.013720000000000003 0.029900000000000006 0.016890000000000002 0.026630000000000008 0.010490000000000001 0.019720000000000005 0.03126000000000001 0.002970000000000001 0.009260000000000001 
0.007570075700757009 0.025040250402504027 0.0030000300003000034 0.006360063600636007 0.01083010830108301 0.020080200802008022 0.020410204102041023 0.005550055500555006 0.016550165501655015 0.03276032760327603 0.008230082300823009 0.0023500235002350024 0.007030070300703007 0.022680226802268024 0.023770237702377024 0.014200142001420016 0.03666036660366604 0.002840028400284003 0.02021020210202102 0.01661016610166102 0.03467034670346704 0.014790147901479015 0.007230072300723008 0.025610256102561027 0.004830048300483006 0.02800028000280003 0.006080060800608007 0.036550365503655036 0.023390233902339026 0.02944029440294403 0.015740157401574018 0.03154031540315403 0.025230252302523026 0.023240232402324024 0.032460324603246035 0.00913009130091301 0.03397033970339704 0.022530225302253026 0.03309033090330904 0.0003700037000370004 0.005500055000550006 0.035800358003580036 0.005330053300533005 0.0020000200002000023 0.011800118001180013 0.030330303303033032 0.010600106001060011 0.006610066100661008 0.014030140301403015 0.005450054500545006 0.026460264602646028 0.014350143501435016 0.025090250902509027 0.00973009730097301 0.02826028260282603 0.014170141701417015 0.013860138601386015 
0.022329553408931817 0.025239495210095792 0.01837963240735185 0.005239895202095958 0.01577968440631187 0.027719445611087776 0.024409511809763803 0.010149797004059916 0.027439451210975775 0.022989540209195813 0.0247395052098958 0.00853982920341593 0.028949421011579764 0.023789524209515807 0.031179376412471746 0.029999400011999754 0.01687966240675186 0.01596968060638787 0.003329933401331973 0.017989640207195852 0.022639547209055817 0.017159656806863863 0.010559788804223914 0.0074098518029639395 0.024699506009879798 0.029719405611887757 0.026779464410711783 0.011959760804783903 0.007709845803083937 0.00981980360392792 0.002699946001079978 0.022499550008999815 0.026469470610587784 0.006559868802623946 0.031019379612407746 0.01094978100437991 0.0008799824003519928 0.01705965880682386 0.026869462610747782 0.009599808003839921 0.025069498610027795 0.005719885602287954 0.007089858202835943 0.014289714205715884 0.0027699446011079775 0.015509689806203873 0.02601947961040779 0.0008699826003479929 0.02803943921121577 0.019759604807903838 0.004229915401691966 0.02366952660946781 0.02816943661126777 0.023299534009319812 0.014919701605967877 0.026519469610607783 0.00994980100397992 
0.013439865601343989 0.021609783902160982 0.018249817501824982 0.019249807501924985 0.008019919800801993 0.007969920300796993 0.020279797202027983 0.01994980050199498 0.0007899921000789993 0.02572974270257298 0.014679853201467988 0.027759722402775976 0.02766972330276698 0.026599734002659976 0.028289717102828977 0.006689933100668994 0.010239897601023992 0.011649883501164991 0.018359816401835986 0.029499705002949975 0.008019919800801993 0.024479755202447977 0.03289967100328997 0.030209697903020975 0.029979700202997974 0.029979700202997974 0.010759892401075992 0.029069709302906973 0.008099919000809993 0.03191968080319197 0.01162988370116299 0.01250987490125099 0.022789772102278984 0.007229927700722994 0.02144978550214498 0.019899801001989983 0.010209897901020991 0.021049789502104982 0.001279987200127999 0.033179668203317976 0.004009959900400996 0.023639763602363983 0.031819681803181975 0.020379796202037982 0.03172968270317297 0.017869821301786985 0.008429915700842993 0.010599894001059991 0.003619963800361997 0.005929940700592995 4.999950000499996e-05 0.00038999610003899964 0.02248977510224898 0.030009699903000973 0.007069929300706994 0.020569794302056982 0.008019919800801993 
0.035860358603586044 0.004940049400494005 0.0039900399003990035 0.03675036750367504 0.0031300313003130033 0.017880178801788018 0.03790037900379004 0.0013800138001380015 0.021730217302173022 0.03338033380333803 0.00998009980099801 0.033960339603396034 0.023360233602336022 0.001040010400104001 0.003470034700347004 0.0025700257002570026 0.018420184201842018 0.035220352203522036 0.0005100051000510006 0.0002000020000200002 0.015620156201562017 0.0039300393003930045 0.008310083100831008 0.004920049200492005 0.014520145201452015 0.01794017940179402 0.011720117201172012 0.005270052700527006 0.037710377103771044 0.01693016930169302 0.014830148301483015 0.03424034240342404 0.002910029100291003 0.029030290302903033 0.024470244702447026 0.03076030760307603 0.025950259502595028 0.009660096600966011 0.02866028660286603 0.009660096600966011 0.03111031110311103 0.030800308003080035 0.024790247902479027 0.028420284202842032 0.023690236902369023 0.004690046900469005 0.0007000070000700007 0.03493034930349304 0.023190231902319024 0.02013020130201302 0.001740017400174002 0.008810088100881009 0.002130021300213002 0.00807008070080701 0.03716037160371604 0.007870078700787009 0.03905039050390504 
0.032710981329439885 0.020920627618828565 0.011160334810044302 0.005290158704761143 0.025900777023310697 0.03156094682840485 0.0032500975029250874 0.01971059131773953 0.016410492314769445 0.026930807924237726 0.016380491414742442 0.013830414912447374 0.018370551116533497 0.014370431112933388 0.030320909627288818 0.03190095702871086 0.0008500255007650229 0.012660379811394342 0.023910717321519646 0.01337040111203336 0.0335310059301779 0.024050721521645647 0.024510735322059662 0.005100153004590138 0.016370491114733442 0.0013900417012510376 0.012940388211646349 0.025010750322509677 0.00019000570017100514 0.028900867026010777 0.03043091292738782 0.004100123003690111 0.011800354010620318 0.013390401712051362 0.03398101943058292 0.0006400192005760173 0.018540556216686502 0.03428102843085292 0.013440403212096363 0.016890506715201453 0.0006900207006210186 0.028320849625488767 0.0029500885026550795 0.027320819624588738 0.017550526515795473 0.027560826824804745 0.0009100273008190245 0.015590467714031421 0.005400162004860146 0.01403042091262738 0.019480584417532525 0.0184405532165965 0.02300069002070062 0.011630348910467313 0.010320309609288278 0.027690830724921747 0.029810894326829804 
0.024779999999999993 0.021519999999999997 0.010899999999999998 0.008579999999999999 0.021799999999999996 0.029799999999999993 0.025969999999999993 0.021209999999999996 0.027829999999999994 0.022259999999999995 0.006749999999999998 0.018069999999999996 0.024839999999999994 0.0028699999999999997 0.02591999999999999 0.0024499999999999995 0.008509999999999998 0.0024399999999999995 0.030399999999999993 0.017059999999999995 0.022049999999999997 0.016039999999999995 0.02447999999999999 0.029419999999999995 0.019579999999999997 0.026899999999999993 0.011499999999999998 0.021459999999999996 0.013419999999999996 0.020979999999999995 0.016699999999999996 0.014129999999999997 0.024089999999999993 0.018489999999999996 0.023849999999999993 0.012389999999999997 0.023979999999999994 0.024069999999999994 0.020029999999999996 0.003389999999999999 0.012799999999999997 0.012009999999999996 0.031109999999999992 0.02949999999999999 0.008779999999999998 0.008889999999999999 0.013799999999999996 0.003919999999999999 0.005639999999999999 0.031549999999999995 0.004489999999999999 0.018849999999999995 0.027489999999999994 0.012409999999999996 0.005769999999999999 0.0005099999999999999 0.031569999999999994 
0.00826008260082601 0.026750267502675035 0.016140161401614023 0.034340343403434045 0.03006030060300604 0.00753007530075301 0.010180101801018013 0.00020000200002000026 0.035900359003590045 0.013580135801358018 0.026980269802698034 0.02902029020290204 0.005360053600536007 0.02875028750287504 0.03477034770347705 0.03230032300323005 0.003830038300383005 0.004090040900409005 0.03489034890348904 0.015080150801508018 0.02374023740237403 0.010310103101031013 0.018120181201812025 0.03199031990319904 0.0003200032000320004 0.002180021800218003 0.01763017630176302 0.01757017570175702 0.02228022280222803 0.005080050800508007 0.004100041000410006 0.021200212002120026 6.000060000600008e-05 0.02310023100231003 0.026450264502645034 0.017860178601786025 0.0012200122001220016 0.008010080100801011 0.03056030560305604 0.025510255102551033 0.02301023010230103 0.003700037000370005 0.01552015520155202 0.012880128801288018 0.013010130101301018 0.02177021770217703 0.002370023700237003 0.010960109601096014 0.0006600066000660009 0.02849028490284904 0.021660216602166025 0.03120031200312004 0.0051700517005170065 0.028200282002820036 0.035380353803538045 0.030780307803078038 0.009930099300993013 
0.026119999999999994 0.010399999999999998 0.022879999999999998 0.022559999999999997 0.009639999999999998 0.004339999999999999 0.004729999999999999 0.033359999999999994 0.029919999999999992 0.031659999999999994 0.023249999999999996 0.026459999999999994 0.0027599999999999994 0.0025899999999999994 0.008319999999999998 0.016379999999999995 0.009739999999999999 0.028619999999999993 0.017729999999999996 0.019609999999999995 0.024869999999999993 0.03180999999999999 0.029419999999999995 0.003739999999999999 0.035609999999999996 0.0017199999999999995 0.020529999999999996 0.023459999999999995 0.027889999999999995 0.026439999999999995 0.025619999999999993 0.005629999999999999 0.007489999999999998 0.011589999999999998 0.009509999999999998 0.017359999999999997 0.03362999999999999 0.011109999999999998 0.024629999999999992 0.0019799999999999996 0.030729999999999993 0.003449999999999999 0.025139999999999992 0.007279999999999998 0.0018799999999999995 0.018809999999999997 0.014229999999999996 0.018799999999999997 0.014449999999999996 0.022289999999999997 0.025359999999999994 0.0025499999999999997 0.015939999999999996 0.031909999999999994 0.014609999999999996 0.009179999999999999 0.018279999999999998 
0.02653 0.0209 0.0267 0.00035 0.02188 0.00802 0.01698 0.022 0.02476 0.01764 0.01525 0.00306 0.01265 0.03071 0.02996 0.01354 0.024 0.0277 0.01044 0.00178 0.00811 0.00183 0.02207 0.01875 0.01288 0.00077 0.01289 0.0258 0.03276 0.00318 0.03273 0.02496 0.02104 0.00287 0.01468 0.02522 0.00142 0.02575 0.02772 0.02969 0.00441 0.01647 0.01865 0.01237 0.01608 0.02607 0.03163 0.0276 0.00638 0.00827 0.00939 0.01791 0.01794 0.0176 0.03027 0.01339 0.0256 

emissions
0 1 1 1 1 1 1 1 1 1 1 1 1 1 1 1 1 1 1 1 1 1 1 1 1 1 1 1 1 1 1 1 1 1 1 1 1 1 1 1 1 1 1 1 1 1 1 1 1 1 1 1 1 1 1 1 1 
1 0 0 0 0 0 0 0 0 0 0 0 0 0 0 0 0 0 0 0 0 0 0 0 0 0 0 0 0 0 0 0 0 0 0 0 0 0 0 0 0 0 0 0 0 0 0 0 0 0 0 0 0 0 0 0 0 
