states
0 1 2 3 4 5 6 7 8 9 10 11 12 13 14 15 16 17 18 19 20 21 22 23 24 25 26 27 28 29 30 31 32 33 34 35 36 37 38 39 40 41 42 43 44 45 46 47 48 49 50 51 52 53 54 55 56 
labels
init empty 
initial
0.0 0.0 0.0 0.0 0.0 0.0 0.0 0.0 0.0 0.0 0.0 0.0 0.0 0.0 0.0 0.0 0.0 0.0 0.0 0.0 0.0 0.0 0.0 0.0 0.0 0.0 0.0 0.0 0.0 0.0 0.0 0.0 0.0 0.0 0.0 0.0 0.0 0.0 0.0 0.0 0.0 0.0 0.0 0.0 0.0 0.0 0.0 0.0 0.0 0.0 0.0 0.0 0.0 0.0 0.0 0.0 1.0
transitions
0.026865671641791055 0.026865671641791055 0.020895522388059713 0.008955223880597019 0.026865671641791055 0.023880597014925384 0.008955223880597019 0.005970149253731346 0.017910447761194038 0.014925373134328365 0.014925373134328365 0.017910447761194038 0.023880597014925384 0.011940298507462692 0.020895522388059713 0.014925373134328365 0.011940298507462692 0.023880597014925384 0.020895522388059713 0.005970149253731346 0.011940298507462692 0.017910447761194038 0.026865671641791055 0.014925373134328365 0.020895522388059713 0.011940298507462692 0.02985074626865673 0.008955223880597019 0.002985074626865673 0.014925373134328365 0.008955223880597019 0.014925373134328365 0.005970149253731346 0.023880597014925384 0.026865671641791055 0.008955223880597019 0.02985074626865673 0.026865671641791055 0.023880597014925384 0.005970149253731346 0.020895522388059713 0.026865671641791055 0.017910447761194038 0.02985074626865673 0.02985074626865673 0.02985074626865673 0.011940298507462692 0.002985074626865673 0.002985074626865673 0.008955223880597019 0.026865671641791055 0.026865671641791055 0.008955223880597019 0.02985074626865673 0.020895522388059713 0.017910447761194038 0.0 
0.023102310231023104 0.023102310231023104 0.023102310231023104 0.013201320132013205 0.02970297029702971 0.009900990099009903 0.0066006600660066025 0.016501650165016504 0.02970297029702971 0.0066006600660066025 0.023102310231023104 0.03300330033003301 0.019801980198019806 0.0066006600660066025 0.009900990099009903 0.016501650165016504 0.02640264026402641 0.023102310231023104 0.016501650165016504 0.019801980198019806 0.02970297029702971 0.013201320132013205 0.0033003300330033012 0.0033003300330033012 0.019801980198019806 0.02640264026402641 0.019801980198019806 0.0033003300330033012 0.02970297029702971 0.023102310231023104 0.019801980198019806 0.0066006600660066025 0.02640264026402641 0.016501650165016504 0.013201320132013205 0.023102310231023104 0.0066006600660066025 0.016501650165016504 0.0033003300330033012 0.02970297029702971 0.019801980198019806 0.016501650165016504 0.009900990099009903 0.03300330033003301 0.02640264026402641 0.0066006600660066025 0.03300330033003301 0.009900990099009903 0.0066006600660066025 0.0033003300330033012 0.02640264026402641 0.0066006600660066025 0.02970297029702971 0.03300330033003301 0.0033003300330033012 0.02640264026402641 0.0 
0.0033557046979865775 0.020134228187919465 0.010067114093959733 0.020134228187919465 0.006711409395973155 0.01342281879194631 0.01342281879194631 0.006711409395973155 0.0302013422818792 0.023489932885906045 0.0302013422818792 0.006711409395973155 0.020134228187919465 0.02684563758389262 0.0033557046979865775 0.03355704697986578 0.006711409395973155 0.020134228187919465 0.03355704697986578 0.010067114093959733 0.0033557046979865775 0.0033557046979865775 0.01677852348993289 0.023489932885906045 0.01342281879194631 0.006711409395973155 0.0302013422818792 0.020134228187919465 0.03355704697986578 0.020134228187919465 0.01677852348993289 0.010067114093959733 0.02684563758389262 0.0302013422818792 0.02684563758389262 0.01342281879194631 0.01677852348993289 0.0302013422818792 0.023489932885906045 0.01342281879194631 0.0302013422818792 0.0302013422818792 0.020134228187919465 0.006711409395973155 0.01342281879194631 0.01342281879194631 0.01342281879194631 0.010067114093959733 0.023489932885906045 0.020134228187919465 0.020134228187919465 0.010067114093959733 0.020134228187919465 0.023489932885906045 0.006711409395973155 0.020134228187919465 0.0 
0.0032894736842105266 0.01973684210526316 0.016447368421052634 0.02960526315789474 0.013157894736842106 0.026315789473684213 0.01973684210526316 0.03289473684210527 0.016447368421052634 0.01973684210526316 0.00986842105263158 0.023026315789473686 0.0032894736842105266 0.01973684210526316 0.026315789473684213 0.006578947368421053 0.023026315789473686 0.026315789473684213 0.0032894736842105266 0.006578947368421053 0.00986842105263158 0.016447368421052634 0.0032894736842105266 0.023026315789473686 0.023026315789473686 0.02960526315789474 0.023026315789473686 0.03289473684210527 0.01973684210526316 0.006578947368421053 0.01973684210526316 0.03289473684210527 0.016447368421052634 0.03289473684210527 0.02960526315789474 0.013157894736842106 0.016447368421052634 0.023026315789473686 0.00986842105263158 0.016447368421052634 0.026315789473684213 0.01973684210526316 0.006578947368421053 0.013157894736842106 0.026315789473684213 0.016447368421052634 0.01973684210526316 0.006578947368421053 0.00986842105263158 0.013157894736842106 0.023026315789473686 0.006578947368421053 0.00986842105263158 0.03289473684210527 0.023026315789473686 0.0032894736842105266 0.0 
0.022222222222222223 0.014814814814814815 0.022222222222222223 0.011111111111111112 0.03333333333333333 0.037037037037037035 0.02962962962962963 0.014814814814814815 0.003703703703703704 0.018518518518518517 0.025925925925925925 0.011111111111111112 0.02962962962962963 0.037037037037037035 0.014814814814814815 0.007407407407407408 0.007407407407407408 0.037037037037037035 0.037037037037037035 0.003703703703703704 0.03333333333333333 0.003703703703703704 0.03333333333333333 0.022222222222222223 0.014814814814814815 0.022222222222222223 0.03333333333333333 0.014814814814814815 0.025925925925925925 0.007407407407407408 0.025925925925925925 0.007407407407407408 0.011111111111111112 0.007407407407407408 0.011111111111111112 0.025925925925925925 0.025925925925925925 0.007407407407407408 0.014814814814814815 0.014814814814814815 0.011111111111111112 0.014814814814814815 0.011111111111111112 0.014814814814814815 0.014814814814814815 0.003703703703703704 0.022222222222222223 0.007407407407407408 0.011111111111111112 0.007407407407407408 0.025925925925925925 0.011111111111111112 0.007407407407407408 0.014814814814814815 0.025925925925925925 0.014814814814814815 0.0 
0.033222591362126255 0.0033222591362126255 0.016611295681063128 0.009966777408637875 0.026578073089701004 0.01993355481727575 0.01993355481727575 0.013289036544850502 0.033222591362126255 0.006644518272425251 0.02990033222591363 0.006644518272425251 0.016611295681063128 0.023255813953488375 0.009966777408637875 0.023255813953488375 0.026578073089701004 0.01993355481727575 0.0033222591362126255 0.006644518272425251 0.01993355481727575 0.023255813953488375 0.033222591362126255 0.02990033222591363 0.02990033222591363 0.009966777408637875 0.023255813953488375 0.0033222591362126255 0.023255813953488375 0.0033222591362126255 0.016611295681063128 0.013289036544850502 0.013289036544850502 0.026578073089701004 0.0033222591362126255 0.033222591362126255 0.009966777408637875 0.009966777408637875 0.013289036544850502 0.01993355481727575 0.023255813953488375 0.0033222591362126255 0.023255813953488375 0.0033222591362126255 0.013289036544850502 0.026578073089701004 0.013289036544850502 0.02990033222591363 0.0033222591362126255 0.013289036544850502 0.02990033222591363 0.01993355481727575 0.026578073089701004 0.01993355481727575 0.026578073089701004 0.016611295681063128 0.0 
0.006191950464396285 0.0030959752321981426 0.021671826625386997 0.02476780185758514 0.02476780185758514 0.02786377708978328 0.015479876160990712 0.030959752321981424 0.009287925696594427 0.02476780185758514 0.018575851393188854 0.030959752321981424 0.01238390092879257 0.021671826625386997 0.015479876160990712 0.0030959752321981426 0.021671826625386997 0.006191950464396285 0.02786377708978328 0.018575851393188854 0.006191950464396285 0.0030959752321981426 0.018575851393188854 0.0030959752321981426 0.030959752321981424 0.02786377708978328 0.009287925696594427 0.021671826625386997 0.030959752321981424 0.030959752321981424 0.02786377708978328 0.009287925696594427 0.015479876160990712 0.006191950464396285 0.006191950464396285 0.009287925696594427 0.009287925696594427 0.021671826625386997 0.02476780185758514 0.030959752321981424 0.02786377708978328 0.01238390092879257 0.030959752321981424 0.015479876160990712 0.02786377708978328 0.015479876160990712 0.0030959752321981426 0.0030959752321981426 0.015479876160990712 0.02476780185758514 0.018575851393188854 0.030959752321981424 0.009287925696594427 0.030959752321981424 0.021671826625386997 0.0030959752321981426 0.0 
0.012618296529968449 0.022082018927444786 0.02839116719242901 0.009463722397476337 0.006309148264984224 0.003154574132492112 0.025236593059936897 0.018927444794952675 0.025236593059936897 0.022082018927444786 0.03154574132492112 0.012618296529968449 0.003154574132492112 0.01577287066246056 0.03154574132492112 0.003154574132492112 0.009463722397476337 0.003154574132492112 0.03154574132492112 0.01577287066246056 0.025236593059936897 0.01577287066246056 0.022082018927444786 0.018927444794952675 0.03154574132492112 0.018927444794952675 0.018927444794952675 0.03154574132492112 0.009463722397476337 0.022082018927444786 0.009463722397476337 0.03154574132492112 0.01577287066246056 0.003154574132492112 0.03154574132492112 0.02839116719242901 0.009463722397476337 0.006309148264984224 0.022082018927444786 0.006309148264984224 0.03154574132492112 0.012618296529968449 0.03154574132492112 0.009463722397476337 0.009463722397476337 0.02839116719242901 0.009463722397476337 0.018927444794952675 0.009463722397476337 0.03154574132492112 0.022082018927444786 0.022082018927444786 0.018927444794952675 0.003154574132492112 0.018927444794952675 0.012618296529968449 0.0 
0.03322259136212625 0.0033222591362126247 0.026578073089700997 0.023255813953488372 0.019933554817275746 0.026578073089700997 0.0033222591362126247 0.006644518272425249 0.03322259136212625 0.006644518272425249 0.023255813953488372 0.0033222591362126247 0.009966777408637873 0.006644518272425249 0.023255813953488372 0.019933554817275746 0.019933554817275746 0.019933554817275746 0.029900332225913623 0.03322259136212625 0.006644518272425249 0.016611295681063124 0.006644518272425249 0.019933554817275746 0.03322259136212625 0.03322259136212625 0.019933554817275746 0.013289036544850499 0.016611295681063124 0.0033222591362126247 0.013289036544850499 0.019933554817275746 0.03322259136212625 0.026578073089700997 0.029900332225913623 0.023255813953488372 0.006644518272425249 0.009966777408637873 0.0033222591362126247 0.03322259136212625 0.006644518272425249 0.0033222591362126247 0.006644518272425249 0.019933554817275746 0.016611295681063124 0.009966777408637873 0.029900332225913623 0.006644518272425249 0.03322259136212625 0.029900332225913623 0.023255813953488372 0.023255813953488372 0.016611295681063124 0.009966777408637873 0.009966777408637873 0.013289036544850499 0.0 
0.02622950819672131 0.01639344262295082 0.013114754098360656 0.003278688524590164 0.009836065573770493 0.006557377049180328 0.019672131147540985 0.009836065573770493 0.009836065573770493 0.003278688524590164 0.013114754098360656 0.03278688524590164 0.019672131147540985 0.006557377049180328 0.029508196721311476 0.009836065573770493 0.029508196721311476 0.006557377049180328 0.003278688524590164 0.03278688524590164 0.009836065573770493 0.019672131147540985 0.009836065573770493 0.01639344262295082 0.022950819672131147 0.019672131147540985 0.013114754098360656 0.022950819672131147 0.03278688524590164 0.013114754098360656 0.003278688524590164 0.029508196721311476 0.01639344262295082 0.003278688524590164 0.009836065573770493 0.006557377049180328 0.019672131147540985 0.019672131147540985 0.01639344262295082 0.029508196721311476 0.029508196721311476 0.029508196721311476 0.022950819672131147 0.019672131147540985 0.029508196721311476 0.02622950819672131 0.01639344262295082 0.006557377049180328 0.006557377049180328 0.009836065573770493 0.02622950819672131 0.03278688524590164 0.022950819672131147 0.029508196721311476 0.03278688524590164 0.022950819672131147 0.0 
0.028070175438596485 0.028070175438596485 0.028070175438596485 0.014035087719298242 0.03157894736842105 0.017543859649122803 0.0035087719298245606 0.035087719298245605 0.017543859649122803 0.017543859649122803 0.010526315789473682 0.0035087719298245606 0.028070175438596485 0.017543859649122803 0.010526315789473682 0.021052631578947364 0.021052631578947364 0.007017543859649121 0.0035087719298245606 0.0035087719298245606 0.03157894736842105 0.007017543859649121 0.007017543859649121 0.014035087719298242 0.0035087719298245606 0.010526315789473682 0.03157894736842105 0.035087719298245605 0.0035087719298245606 0.021052631578947364 0.010526315789473682 0.035087719298245605 0.028070175438596485 0.03157894736842105 0.010526315789473682 0.014035087719298242 0.010526315789473682 0.010526315789473682 0.035087719298245605 0.03157894736842105 0.014035087719298242 0.0035087719298245606 0.007017543859649121 0.028070175438596485 0.03157894736842105 0.021052631578947364 0.0035087719298245606 0.028070175438596485 0.017543859649122803 0.010526315789473682 0.03157894736842105 0.014035087719298242 0.010526315789473682 0.014035087719298242 0.007017543859649121 0.028070175438596485 0.0 
0.012539184952978052 0.018808777429467082 0.025078369905956105 0.025078369905956105 0.03134796238244513 0.015673981191222566 0.021943573667711595 0.012539184952978052 0.015673981191222566 0.02821316614420062 0.012539184952978052 0.03134796238244513 0.021943573667711595 0.018808777429467082 0.006269592476489026 0.02821316614420062 0.009404388714733541 0.02821316614420062 0.021943573667711595 0.021943573667711595 0.021943573667711595 0.009404388714733541 0.003134796238244513 0.03134796238244513 0.018808777429467082 0.003134796238244513 0.006269592476489026 0.018808777429467082 0.006269592476489026 0.012539184952978052 0.009404388714733541 0.018808777429467082 0.021943573667711595 0.009404388714733541 0.006269592476489026 0.003134796238244513 0.012539184952978052 0.021943573667711595 0.006269592476489026 0.021943573667711595 0.025078369905956105 0.015673981191222566 0.012539184952978052 0.02821316614420062 0.009404388714733541 0.012539184952978052 0.02821316614420062 0.003134796238244513 0.012539184952978052 0.02821316614420062 0.02821316614420062 0.009404388714733541 0.02821316614420062 0.025078369905956105 0.03134796238244513 0.03134796238244513 0.0 
0.01993355481727575 0.01993355481727575 0.003322259136212625 0.023255813953488375 0.0132890365448505 0.01993355481727575 0.033222591362126255 0.0132890365448505 0.026578073089701 0.026578073089701 0.016611295681063128 0.003322259136212625 0.029900332225913626 0.003322259136212625 0.029900332225913626 0.029900332225913626 0.003322259136212625 0.026578073089701 0.003322259136212625 0.029900332225913626 0.029900332225913626 0.00664451827242525 0.023255813953488375 0.01993355481727575 0.026578073089701 0.0132890365448505 0.01993355481727575 0.009966777408637875 0.033222591362126255 0.0132890365448505 0.00664451827242525 0.0132890365448505 0.00664451827242525 0.0132890365448505 0.0132890365448505 0.01993355481727575 0.016611295681063128 0.009966777408637875 0.003322259136212625 0.009966777408637875 0.033222591362126255 0.01993355481727575 0.01993355481727575 0.033222591362126255 0.029900332225913626 0.016611295681063128 0.009966777408637875 0.003322259136212625 0.003322259136212625 0.00664451827242525 0.016611295681063128 0.029900332225913626 0.023255813953488375 0.029900332225913626 0.023255813953488375 0.016611295681063128 0.0 
0.01286173633440514 0.009646302250803856 0.02572347266881028 0.016077170418006423 0.01286173633440514 0.032154340836012846 0.003215434083601285 0.009646302250803856 0.01286173633440514 0.003215434083601285 0.00643086816720257 0.00643086816720257 0.032154340836012846 0.022508038585208993 0.009646302250803856 0.00643086816720257 0.01929260450160771 0.01286173633440514 0.016077170418006423 0.02572347266881028 0.00643086816720257 0.00643086816720257 0.00643086816720257 0.032154340836012846 0.022508038585208993 0.032154340836012846 0.02572347266881028 0.009646302250803856 0.009646302250803856 0.032154340836012846 0.009646302250803856 0.02572347266881028 0.00643086816720257 0.032154340836012846 0.02893890675241156 0.02893890675241156 0.009646302250803856 0.02893890675241156 0.009646302250803856 0.032154340836012846 0.009646302250803856 0.032154340836012846 0.022508038585208993 0.032154340836012846 0.022508038585208993 0.02572347266881028 0.003215434083601285 0.02572347266881028 0.00643086816720257 0.02572347266881028 0.00643086816720257 0.022508038585208993 0.032154340836012846 0.01286173633440514 0.00643086816720257 0.022508038585208993 0.0 
0.019543973941368073 0.009771986970684036 0.009771986970684036 0.019543973941368073 0.006514657980456025 0.022801302931596087 0.02931596091205211 0.0032573289902280123 0.0260586319218241 0.006514657980456025 0.019543973941368073 0.0032573289902280123 0.016286644951140062 0.0032573289902280123 0.02931596091205211 0.0260586319218241 0.032573289902280124 0.0032573289902280123 0.009771986970684036 0.0260586319218241 0.022801302931596087 0.01302931596091205 0.006514657980456025 0.032573289902280124 0.02931596091205211 0.0032573289902280123 0.0260586319218241 0.01302931596091205 0.016286644951140062 0.022801302931596087 0.0032573289902280123 0.009771986970684036 0.019543973941368073 0.032573289902280124 0.0032573289902280123 0.006514657980456025 0.022801302931596087 0.0260586319218241 0.022801302931596087 0.0260586319218241 0.016286644951140062 0.032573289902280124 0.016286644951140062 0.009771986970684036 0.02931596091205211 0.032573289902280124 0.0260586319218241 0.019543973941368073 0.022801302931596087 0.0032573289902280123 0.009771986970684036 0.019543973941368073 0.0260586319218241 0.01302931596091205 0.019543973941368073 0.022801302931596087 0.0 
0.02054794520547945 0.030821917808219176 0.00684931506849315 0.010273972602739725 0.02054794520547945 0.00684931506849315 0.0273972602739726 0.00684931506849315 0.017123287671232876 0.030821917808219176 0.003424657534246575 0.0136986301369863 0.02054794520547945 0.02054794520547945 0.003424657534246575 0.0136986301369863 0.003424657534246575 0.010273972602739725 0.010273972602739725 0.010273972602739725 0.003424657534246575 0.02054794520547945 0.00684931506849315 0.03424657534246575 0.0273972602739726 0.030821917808219176 0.023972602739726026 0.00684931506849315 0.0273972602739726 0.03424657534246575 0.017123287671232876 0.003424657534246575 0.010273972602739725 0.030821917808219176 0.023972602739726026 0.02054794520547945 0.02054794520547945 0.02054794520547945 0.02054794520547945 0.02054794520547945 0.003424657534246575 0.003424657534246575 0.0136986301369863 0.010273972602739725 0.0136986301369863 0.03424657534246575 0.0136986301369863 0.02054794520547945 0.0273972602739726 0.03424657534246575 0.03424657534246575 0.003424657534246575 0.03424657534246575 0.023972602739726026 0.0136986301369863 0.023972602739726026 0.0 
0.026229508196721305 0.003278688524590163 0.016393442622950817 0.003278688524590163 0.02950819672131147 0.032786885245901634 0.026229508196721305 0.019672131147540982 0.003278688524590163 0.022950819672131143 0.006557377049180326 0.026229508196721305 0.006557377049180326 0.02950819672131147 0.016393442622950817 0.026229508196721305 0.006557377049180326 0.026229508196721305 0.016393442622950817 0.003278688524590163 0.009836065573770491 0.006557377049180326 0.016393442622950817 0.013114754098360652 0.032786885245901634 0.003278688524590163 0.016393442622950817 0.02950819672131147 0.02950819672131147 0.003278688524590163 0.006557377049180326 0.009836065573770491 0.003278688524590163 0.003278688524590163 0.026229508196721305 0.006557377049180326 0.032786885245901634 0.032786885245901634 0.019672131147540982 0.016393442622950817 0.006557377049180326 0.006557377049180326 0.026229508196721305 0.022950819672131143 0.026229508196721305 0.019672131147540982 0.019672131147540982 0.02950819672131147 0.006557377049180326 0.016393442622950817 0.032786885245901634 0.016393442622950817 0.026229508196721305 0.026229508196721305 0.032786885245901634 0.019672131147540982 0.0 
0.017804154302670627 0.017804154302670627 0.023738872403560835 0.008902077151335314 0.008902077151335314 0.023738872403560835 0.02077151335311573 0.02077151335311573 0.023738872403560835 0.02077151335311573 0.017804154302670627 0.017804154302670627 0.014836795252225522 0.0029673590504451044 0.023738872403560835 0.014836795252225522 0.023738872403560835 0.026706231454005937 0.029673590504451043 0.026706231454005937 0.023738872403560835 0.008902077151335314 0.011869436201780418 0.011869436201780418 0.008902077151335314 0.029673590504451043 0.026706231454005937 0.011869436201780418 0.029673590504451043 0.023738872403560835 0.011869436201780418 0.026706231454005937 0.023738872403560835 0.029673590504451043 0.005934718100890209 0.0029673590504451044 0.017804154302670627 0.029673590504451043 0.014836795252225522 0.017804154302670627 0.008902077151335314 0.02077151335311573 0.011869436201780418 0.014836795252225522 0.026706231454005937 0.011869436201780418 0.02077151335311573 0.011869436201780418 0.0029673590504451044 0.005934718100890209 0.0029673590504451044 0.014836795252225522 0.029673590504451043 0.023738872403560835 0.008902077151335314 0.029673590504451043 0.0 
0.03086419753086419 0.0030864197530864187 0.02777777777777777 0.006172839506172837 0.03086419753086419 0.015432098765432094 0.012345679012345675 0.006172839506172837 0.03086419753086419 0.021604938271604934 0.03086419753086419 0.0030864197530864187 0.02469135802469135 0.021604938271604934 0.03086419753086419 0.03086419753086419 0.006172839506172837 0.015432098765432094 0.03086419753086419 0.03086419753086419 0.015432098765432094 0.02469135802469135 0.03086419753086419 0.02469135802469135 0.03086419753086419 0.006172839506172837 0.0030864197530864187 0.02777777777777777 0.006172839506172837 0.009259259259259257 0.02469135802469135 0.018518518518518514 0.018518518518518514 0.0030864197530864187 0.015432098765432094 0.021604938271604934 0.018518518518518514 0.009259259259259257 0.006172839506172837 0.012345679012345675 0.012345679012345675 0.03086419753086419 0.015432098765432094 0.03086419753086419 0.0030864197530864187 0.018518518518518514 0.006172839506172837 0.0030864197530864187 0.03086419753086419 0.021604938271604934 0.018518518518518514 0.02777777777777777 0.02469135802469135 0.006172839506172837 0.006172839506172837 0.006172839506172837 0.0 
0.027303754266211597 0.0204778156996587 0.006825938566552899 0.01706484641638225 0.0204778156996587 0.030716723549488047 0.030716723549488047 0.01706484641638225 0.013651877133105799 0.0034129692832764497 0.01706484641638225 0.01023890784982935 0.0341296928327645 0.0034129692832764497 0.0204778156996587 0.006825938566552899 0.01706484641638225 0.01706484641638225 0.01706484641638225 0.0341296928327645 0.006825938566552899 0.023890784982935148 0.023890784982935148 0.01023890784982935 0.023890784982935148 0.013651877133105799 0.023890784982935148 0.013651877133105799 0.006825938566552899 0.01706484641638225 0.0204778156996587 0.0204778156996587 0.023890784982935148 0.01706484641638225 0.013651877133105799 0.030716723549488047 0.01023890784982935 0.01023890784982935 0.006825938566552899 0.01023890784982935 0.013651877133105799 0.01706484641638225 0.0034129692832764497 0.030716723549488047 0.0341296928327645 0.01706484641638225 0.030716723549488047 0.0204778156996587 0.0204778156996587 0.023890784982935148 0.0034129692832764497 0.006825938566552899 0.0204778156996587 0.023890784982935148 0.0204778156996587 0.0204778156996587 0.0 
0.03623188405797101 0.007246376811594201 0.028985507246376805 0.010869565217391302 0.0036231884057971006 0.021739130434782605 0.018115942028985504 0.018115942028985504 0.014492753623188403 0.03623188405797101 0.010869565217391302 0.021739130434782605 0.0036231884057971006 0.0036231884057971006 0.028985507246376805 0.0036231884057971006 0.0036231884057971006 0.007246376811594201 0.028985507246376805 0.028985507246376805 0.007246376811594201 0.018115942028985504 0.028985507246376805 0.032608695652173905 0.007246376811594201 0.0036231884057971006 0.014492753623188403 0.014492753623188403 0.032608695652173905 0.03623188405797101 0.03623188405797101 0.014492753623188403 0.018115942028985504 0.03623188405797101 0.021739130434782605 0.014492753623188403 0.028985507246376805 0.018115942028985504 0.014492753623188403 0.007246376811594201 0.021739130434782605 0.025362318840579705 0.025362318840579705 0.028985507246376805 0.025362318840579705 0.032608695652173905 0.0036231884057971006 0.007246376811594201 0.007246376811594201 0.007246376811594201 0.03623188405797101 0.0036231884057971006 0.014492753623188403 0.0036231884057971006 0.0036231884057971006 0.010869565217391302 0.0 
0.033003300330033014 0.009900990099009905 0.016501650165016507 0.0033003300330033017 0.009900990099009905 0.016501650165016507 0.033003300330033014 0.026402640264026413 0.026402640264026413 0.01980198019801981 0.033003300330033014 0.0033003300330033017 0.029702970297029712 0.0033003300330033017 0.01980198019801981 0.029702970297029712 0.013201320132013207 0.023102310231023108 0.013201320132013207 0.009900990099009905 0.026402640264026413 0.01980198019801981 0.016501650165016507 0.023102310231023108 0.009900990099009905 0.013201320132013207 0.016501650165016507 0.009900990099009905 0.0033003300330033017 0.01980198019801981 0.006600660066006603 0.026402640264026413 0.033003300330033014 0.009900990099009905 0.023102310231023108 0.006600660066006603 0.006600660066006603 0.013201320132013207 0.016501650165016507 0.033003300330033014 0.009900990099009905 0.009900990099009905 0.029702970297029712 0.033003300330033014 0.013201320132013207 0.013201320132013207 0.026402640264026413 0.023102310231023108 0.01980198019801981 0.023102310231023108 0.023102310231023108 0.01980198019801981 0.013201320132013207 0.006600660066006603 0.023102310231023108 0.006600660066006603 0.0 
0.02821316614420062 0.021943573667711595 0.02821316614420062 0.025078369905956105 0.009404388714733541 0.012539184952978052 0.009404388714733541 0.021943573667711595 0.012539184952978052 0.015673981191222566 0.018808777429467082 0.015673981191222566 0.006269592476489026 0.009404388714733541 0.03134796238244513 0.003134796238244513 0.03134796238244513 0.018808777429467082 0.021943573667711595 0.006269592476489026 0.021943573667711595 0.021943573667711595 0.012539184952978052 0.03134796238244513 0.009404388714733541 0.025078369905956105 0.03134796238244513 0.012539184952978052 0.03134796238244513 0.03134796238244513 0.012539184952978052 0.03134796238244513 0.015673981191222566 0.012539184952978052 0.025078369905956105 0.025078369905956105 0.025078369905956105 0.025078369905956105 0.006269592476489026 0.006269592476489026 0.021943573667711595 0.018808777429467082 0.006269592476489026 0.018808777429467082 0.009404388714733541 0.015673981191222566 0.015673981191222566 0.009404388714733541 0.009404388714733541 0.03134796238244513 0.018808777429467082 0.021943573667711595 0.009404388714733541 0.009404388714733541 0.009404388714733541 0.012539184952978052 0.0 
0.032786885245901634 0.009836065573770491 0.022950819672131143 0.019672131147540982 0.032786885245901634 0.006557377049180326 0.022950819672131143 0.003278688524590163 0.016393442622950817 0.032786885245901634 0.016393442622950817 0.019672131147540982 0.006557377049180326 0.016393442622950817 0.019672131147540982 0.02950819672131147 0.013114754098360652 0.02950819672131147 0.02950819672131147 0.006557377049180326 0.022950819672131143 0.02950819672131147 0.016393442622950817 0.022950819672131143 0.019672131147540982 0.022950819672131143 0.003278688524590163 0.006557377049180326 0.022950819672131143 0.026229508196721305 0.006557377049180326 0.026229508196721305 0.022950819672131143 0.003278688524590163 0.022950819672131143 0.026229508196721305 0.003278688524590163 0.02950819672131147 0.032786885245901634 0.013114754098360652 0.019672131147540982 0.032786885245901634 0.016393442622950817 0.003278688524590163 0.009836065573770491 0.006557377049180326 0.032786885245901634 0.022950819672131143 0.003278688524590163 0.006557377049180326 0.026229508196721305 0.016393442622950817 0.016393442622950817 0.009836065573770491 0.003278688524590163 0.006557377049180326 0.0 
0.029900332225913623 0.009966777408637873 0.023255813953488372 0.013289036544850499 0.013289036544850499 0.029900332225913623 0.023255813953488372 0.026578073089700997 0.013289036544850499 0.013289036544850499 0.009966777408637873 0.009966777408637873 0.03322259136212625 0.009966777408637873 0.016611295681063124 0.029900332225913623 0.03322259136212625 0.023255813953488372 0.009966777408637873 0.026578073089700997 0.026578073089700997 0.016611295681063124 0.023255813953488372 0.0033222591362126247 0.023255813953488372 0.026578073089700997 0.0033222591362126247 0.026578073089700997 0.013289036544850499 0.016611295681063124 0.0033222591362126247 0.023255813953488372 0.023255813953488372 0.0033222591362126247 0.029900332225913623 0.006644518272425249 0.029900332225913623 0.0033222591362126247 0.013289036544850499 0.016611295681063124 0.009966777408637873 0.016611295681063124 0.029900332225913623 0.019933554817275746 0.0033222591362126247 0.03322259136212625 0.006644518272425249 0.006644518272425249 0.013289036544850499 0.03322259136212625 0.0033222591362126247 0.013289036544850499 0.03322259136212625 0.0033222591362126247 0.03322259136212625 0.009966777408637873 0.0 
0.025078369905956115 0.01880877742946709 0.015673981191222573 0.012539184952978058 0.009404388714733545 0.0031347962382445144 0.025078369905956115 0.006269592476489029 0.0031347962382445144 0.0031347962382445144 0.006269592476489029 0.009404388714733545 0.009404388714733545 0.01880877742946709 0.031347962382445145 0.01880877742946709 0.012539184952978058 0.0031347962382445144 0.025078369905956115 0.028213166144200632 0.021943573667711602 0.0031347962382445144 0.01880877742946709 0.025078369905956115 0.009404388714733545 0.028213166144200632 0.028213166144200632 0.01880877742946709 0.021943573667711602 0.021943573667711602 0.009404388714733545 0.025078369905956115 0.031347962382445145 0.021943573667711602 0.015673981191222573 0.01880877742946709 0.01880877742946709 0.015673981191222573 0.031347962382445145 0.031347962382445145 0.009404388714733545 0.031347962382445145 0.009404388714733545 0.025078369905956115 0.01880877742946709 0.006269592476489029 0.015673981191222573 0.01880877742946709 0.028213166144200632 0.031347962382445145 0.021943573667711602 0.025078369905956115 0.006269592476489029 0.028213166144200632 0.006269592476489029 0.015673981191222573 0.0 
0.013986013986013988 0.02447552447552448 0.027972027972027975 0.03146853146853148 0.013986013986013988 0.003496503496503497 0.003496503496503497 0.020979020979020983 0.003496503496503497 0.010489510489510492 0.034965034965034975 0.017482517482517487 0.027972027972027975 0.02447552447552448 0.010489510489510492 0.027972027972027975 0.020979020979020983 0.010489510489510492 0.013986013986013988 0.013986013986013988 0.020979020979020983 0.027972027972027975 0.02447552447552448 0.027972027972027975 0.03146853146853148 0.006993006993006994 0.027972027972027975 0.006993006993006994 0.020979020979020983 0.027972027972027975 0.013986013986013988 0.02447552447552448 0.017482517482517487 0.006993006993006994 0.034965034965034975 0.020979020979020983 0.006993006993006994 0.010489510489510492 0.020979020979020983 0.010489510489510492 0.020979020979020983 0.003496503496503497 0.013986013986013988 0.02447552447552448 0.020979020979020983 0.010489510489510492 0.003496503496503497 0.02447552447552448 0.010489510489510492 0.013986013986013988 0.006993006993006994 0.02447552447552448 0.013986013986013988 0.013986013986013988 0.020979020979020983 0.02447552447552448 0.0 
0.02372881355932205 0.01694915254237289 0.010169491525423733 0.013559322033898312 0.013559322033898312 0.020338983050847467 0.027118644067796623 0.020338983050847467 0.01694915254237289 0.030508474576271205 0.03389830508474578 0.030508474576271205 0.01694915254237289 0.030508474576271205 0.027118644067796623 0.010169491525423733 0.020338983050847467 0.003389830508474578 0.010169491525423733 0.013559322033898312 0.010169491525423733 0.02372881355932205 0.010169491525423733 0.020338983050847467 0.013559322033898312 0.027118644067796623 0.01694915254237289 0.020338983050847467 0.01694915254237289 0.01694915254237289 0.03389830508474578 0.013559322033898312 0.003389830508474578 0.020338983050847467 0.006779661016949156 0.030508474576271205 0.02372881355932205 0.020338983050847467 0.010169491525423733 0.010169491525423733 0.006779661016949156 0.010169491525423733 0.030508474576271205 0.010169491525423733 0.03389830508474578 0.003389830508474578 0.020338983050847467 0.003389830508474578 0.003389830508474578 0.027118644067796623 0.030508474576271205 0.010169491525423733 0.010169491525423733 0.010169491525423733 0.01694915254237289 0.03389830508474578 0.0 
0.00949367088607595 0.00949367088607595 0.022151898734177215 0.0189873417721519 0.03164556962025317 0.006329113924050633 0.015822784810126583 0.028481012658227847 0.028481012658227847 0.02531645569620253 0.015822784810126583 0.0189873417721519 0.006329113924050633 0.015822784810126583 0.012658227848101266 0.0031645569620253164 0.015822784810126583 0.012658227848101266 0.006329113924050633 0.03164556962025317 0.0031645569620253164 0.0189873417721519 0.012658227848101266 0.022151898734177215 0.03164556962025317 0.03164556962025317 0.006329113924050633 0.022151898734177215 0.006329113924050633 0.028481012658227847 0.022151898734177215 0.03164556962025317 0.0031645569620253164 0.012658227848101266 0.006329113924050633 0.00949367088607595 0.028481012658227847 0.012658227848101266 0.015822784810126583 0.015822784810126583 0.0031645569620253164 0.012658227848101266 0.03164556962025317 0.028481012658227847 0.03164556962025317 0.006329113924050633 0.03164556962025317 0.015822784810126583 0.012658227848101266 0.006329113924050633 0.03164556962025317 0.03164556962025317 0.03164556962025317 0.0189873417721519 0.00949367088607595 0.0189873417721519 0.0 
0.012307692307692302 0.0030769230769230756 0.018461538461538456 0.018461538461538456 0.012307692307692302 0.024615384615384605 0.009230769230769228 0.02769230769230768 0.006153846153846151 0.012307692307692302 0.024615384615384605 0.018461538461538456 0.009230769230769228 0.009230769230769228 0.018461538461538456 0.024615384615384605 0.021538461538461527 0.018461538461538456 0.021538461538461527 0.02769230769230768 0.030769230769230757 0.02769230769230768 0.015384615384615379 0.012307692307692302 0.006153846153846151 0.030769230769230757 0.030769230769230757 0.006153846153846151 0.024615384615384605 0.024615384615384605 0.012307692307692302 0.030769230769230757 0.024615384615384605 0.030769230769230757 0.009230769230769228 0.02769230769230768 0.006153846153846151 0.021538461538461527 0.02769230769230768 0.0030769230769230756 0.0030769230769230756 0.030769230769230757 0.009230769230769228 0.030769230769230757 0.018461538461538456 0.021538461538461527 0.030769230769230757 0.006153846153846151 0.012307692307692302 0.0030769230769230756 0.012307692307692302 0.009230769230769228 0.012307692307692302 0.02769230769230768 0.012307692307692302 0.018461538461538456 0.0 
0.0034129692832764505 0.020477815699658702 0.006825938566552901 0.006825938566552901 0.010238907849829351 0.020477815699658702 0.020477815699658702 0.0034129692832764505 0.030716723549488054 0.034129692832764506 0.020477815699658702 0.006825938566552901 0.034129692832764506 0.030716723549488054 0.006825938566552901 0.023890784982935155 0.027303754266211604 0.010238907849829351 0.034129692832764506 0.013651877133105802 0.030716723549488054 0.0034129692832764505 0.020477815699658702 0.010238907849829351 0.020477815699658702 0.017064846416382253 0.017064846416382253 0.0034129692832764505 0.027303754266211604 0.013651877133105802 0.023890784982935155 0.030716723549488054 0.006825938566552901 0.013651877133105802 0.0034129692832764505 0.010238907849829351 0.017064846416382253 0.030716723549488054 0.023890784982935155 0.017064846416382253 0.017064846416382253 0.010238907849829351 0.027303754266211604 0.0034129692832764505 0.013651877133105802 0.034129692832764506 0.020477815699658702 0.034129692832764506 0.017064846416382253 0.034129692832764506 0.013651877133105802 0.027303754266211604 0.006825938566552901 0.006825938566552901 0.010238907849829351 0.017064846416382253 0.0 
0.006557377049180328 0.022950819672131147 0.03278688524590164 0.022950819672131147 0.022950819672131147 0.02622950819672131 0.003278688524590164 0.019672131147540985 0.029508196721311476 0.02622950819672131 0.019672131147540985 0.019672131147540985 0.029508196721311476 0.009836065573770493 0.019672131147540985 0.01639344262295082 0.009836065573770493 0.019672131147540985 0.013114754098360656 0.019672131147540985 0.013114754098360656 0.013114754098360656 0.013114754098360656 0.022950819672131147 0.013114754098360656 0.022950819672131147 0.009836065573770493 0.003278688524590164 0.019672131147540985 0.01639344262295082 0.02622950819672131 0.009836065573770493 0.029508196721311476 0.01639344262295082 0.022950819672131147 0.006557377049180328 0.003278688524590164 0.009836065573770493 0.006557377049180328 0.01639344262295082 0.006557377049180328 0.022950819672131147 0.009836065573770493 0.022950819672131147 0.02622950819672131 0.02622950819672131 0.029508196721311476 0.013114754098360656 0.03278688524590164 0.022950819672131147 0.029508196721311476 0.03278688524590164 0.009836065573770493 0.009836065573770493 0.003278688524590164 0.01639344262295082 0.0 
0.022364217252396165 0.025559105431309903 0.006389776357827476 0.012779552715654952 0.02875399361022364 0.022364217252396165 0.022364217252396165 0.01597444089456869 0.006389776357827476 0.01597444089456869 0.009584664536741214 0.03194888178913738 0.02875399361022364 0.025559105431309903 0.022364217252396165 0.025559105431309903 0.02875399361022364 0.009584664536741214 0.009584664536741214 0.009584664536741214 0.019169329073482427 0.019169329073482427 0.022364217252396165 0.022364217252396165 0.025559105431309903 0.025559105431309903 0.022364217252396165 0.03194888178913738 0.012779552715654952 0.009584664536741214 0.012779552715654952 0.022364217252396165 0.012779552715654952 0.02875399361022364 0.003194888178913738 0.003194888178913738 0.019169329073482427 0.022364217252396165 0.025559105431309903 0.009584664536741214 0.01597444089456869 0.003194888178913738 0.022364217252396165 0.012779552715654952 0.006389776357827476 0.019169329073482427 0.01597444089456869 0.03194888178913738 0.009584664536741214 0.02875399361022364 0.003194888178913738 0.006389776357827476 0.012779552715654952 0.02875399361022364 0.02875399361022364 0.003194888178913738 0.0 
0.0260586319218241 0.019543973941368073 0.0032573289902280123 0.009771986970684036 0.0260586319218241 0.0032573289902280123 0.0260586319218241 0.0032573289902280123 0.019543973941368073 0.006514657980456025 0.009771986970684036 0.016286644951140062 0.032573289902280124 0.019543973941368073 0.009771986970684036 0.0260586319218241 0.02931596091205211 0.0260586319218241 0.016286644951140062 0.0260586319218241 0.016286644951140062 0.0032573289902280123 0.006514657980456025 0.009771986970684036 0.032573289902280124 0.0260586319218241 0.019543973941368073 0.032573289902280124 0.0260586319218241 0.022801302931596087 0.019543973941368073 0.032573289902280124 0.032573289902280124 0.022801302931596087 0.02931596091205211 0.019543973941368073 0.016286644951140062 0.01302931596091205 0.0032573289902280123 0.02931596091205211 0.01302931596091205 0.016286644951140062 0.0032573289902280123 0.022801302931596087 0.009771986970684036 0.009771986970684036 0.009771986970684036 0.016286644951140062 0.01302931596091205 0.019543973941368073 0.0032573289902280123 0.022801302931596087 0.022801302931596087 0.0032573289902280123 0.019543973941368073 0.0260586319218241 0.0 
0.022988505747126433 0.02011494252873563 0.017241379310344824 0.02873563218390804 0.01436781609195402 0.005747126436781608 0.017241379310344824 0.02873563218390804 0.01436781609195402 0.025862068965517234 0.025862068965517234 0.01436781609195402 0.02873563218390804 0.02011494252873563 0.022988505747126433 0.017241379310344824 0.022988505747126433 0.002873563218390804 0.022988505747126433 0.025862068965517234 0.02011494252873563 0.01436781609195402 0.02873563218390804 0.02873563218390804 0.01436781609195402 0.017241379310344824 0.017241379310344824 0.02873563218390804 0.01436781609195402 0.022988505747126433 0.025862068965517234 0.025862068965517234 0.022988505747126433 0.017241379310344824 0.011494252873563216 0.01436781609195402 0.01436781609195402 0.022988505747126433 0.005747126436781608 0.002873563218390804 0.008620689655172412 0.011494252873563216 0.017241379310344824 0.002873563218390804 0.002873563218390804 0.017241379310344824 0.022988505747126433 0.008620689655172412 0.02011494252873563 0.002873563218390804 0.011494252873563216 0.02873563218390804 0.01436781609195402 0.02011494252873563 0.017241379310344824 0.022988505747126433 0.0 
0.012048192771084335 0.015060240963855418 0.012048192771084335 0.006024096385542167 0.006024096385542167 0.006024096385542167 0.006024096385542167 0.0030120481927710836 0.021084337349397585 0.02409638554216867 0.021084337349397585 0.015060240963855418 0.02409638554216867 0.012048192771084335 0.009036144578313251 0.015060240963855418 0.030120481927710836 0.027108433734939753 0.030120481927710836 0.018072289156626502 0.006024096385542167 0.027108433734939753 0.006024096385542167 0.0030120481927710836 0.030120481927710836 0.027108433734939753 0.015060240963855418 0.027108433734939753 0.0030120481927710836 0.021084337349397585 0.015060240963855418 0.021084337349397585 0.0030120481927710836 0.027108433734939753 0.018072289156626502 0.012048192771084335 0.027108433734939753 0.030120481927710836 0.02409638554216867 0.02409638554216867 0.027108433734939753 0.030120481927710836 0.009036144578313251 0.018072289156626502 0.015060240963855418 0.030120481927710836 0.027108433734939753 0.021084337349397585 0.030120481927710836 0.018072289156626502 0.015060240963855418 0.027108433734939753 0.018072289156626502 0.006024096385542167 0.0030120481927710836 0.02409638554216867 0.0 
0.003703703703703704 0.018518518518518517 0.003703703703703704 0.022222222222222223 0.018518518518518517 0.02962962962962963 0.007407407407407408 0.007407407407407408 0.003703703703703704 0.014814814814814815 0.007407407407407408 0.003703703703703704 0.014814814814814815 0.007407407407407408 0.025925925925925925 0.007407407407407408 0.037037037037037035 0.022222222222222223 0.022222222222222223 0.025925925925925925 0.018518518518518517 0.037037037037037035 0.011111111111111112 0.011111111111111112 0.03333333333333333 0.007407407407407408 0.007407407407407408 0.011111111111111112 0.022222222222222223 0.007407407407407408 0.022222222222222223 0.02962962962962963 0.014814814814814815 0.003703703703703704 0.025925925925925925 0.007407407407407408 0.025925925925925925 0.007407407407407408 0.02962962962962963 0.007407407407407408 0.02962962962962963 0.022222222222222223 0.025925925925925925 0.03333333333333333 0.007407407407407408 0.018518518518518517 0.018518518518518517 0.011111111111111112 0.02962962962962963 0.014814814814814815 0.03333333333333333 0.003703703703703704 0.03333333333333333 0.02962962962962963 0.03333333333333333 0.011111111111111112 0.0 
0.03174603174603175 0.03174603174603175 0.022222222222222227 0.025396825396825404 0.022222222222222227 0.009523809523809526 0.015873015873015876 0.025396825396825404 0.012698412698412702 0.025396825396825404 0.009523809523809526 0.028571428571428577 0.006349206349206351 0.03174603174603175 0.0031746031746031755 0.015873015873015876 0.015873015873015876 0.025396825396825404 0.025396825396825404 0.012698412698412702 0.03174603174603175 0.022222222222222227 0.019047619047619053 0.025396825396825404 0.006349206349206351 0.006349206349206351 0.0031746031746031755 0.025396825396825404 0.009523809523809526 0.019047619047619053 0.025396825396825404 0.012698412698412702 0.0031746031746031755 0.03174603174603175 0.028571428571428577 0.006349206349206351 0.009523809523809526 0.015873015873015876 0.009523809523809526 0.012698412698412702 0.006349206349206351 0.028571428571428577 0.025396825396825404 0.015873015873015876 0.0031746031746031755 0.03174603174603175 0.025396825396825404 0.012698412698412702 0.03174603174603175 0.009523809523809526 0.022222222222222227 0.009523809523809526 0.022222222222222227 0.006349206349206351 0.015873015873015876 0.012698412698412702 0.0 
0.01294498381877023 0.01618122977346279 0.0032362459546925577 0.022653721682847905 0.02912621359223302 0.03236245954692558 0.02588996763754046 0.0032362459546925577 0.02912621359223302 0.02912621359223302 0.022653721682847905 0.03236245954692558 0.006472491909385115 0.03236245954692558 0.019417475728155345 0.01294498381877023 0.02912621359223302 0.02912621359223302 0.01294498381877023 0.02588996763754046 0.03236245954692558 0.019417475728155345 0.019417475728155345 0.019417475728155345 0.02912621359223302 0.009708737864077673 0.006472491909385115 0.02588996763754046 0.006472491909385115 0.0032362459546925577 0.0032362459546925577 0.03236245954692558 0.019417475728155345 0.019417475728155345 0.006472491909385115 0.022653721682847905 0.01618122977346279 0.009708737864077673 0.0032362459546925577 0.022653721682847905 0.006472491909385115 0.009708737864077673 0.01618122977346279 0.01294498381877023 0.02912621359223302 0.006472491909385115 0.009708737864077673 0.03236245954692558 0.019417475728155345 0.02912621359223302 0.009708737864077673 0.009708737864077673 0.006472491909385115 0.03236245954692558 0.0032362459546925577 0.01294498381877023 0.0 
0.01408450704225353 0.03169014084507044 0.024647887323943674 0.017605633802816913 0.024647887323943674 0.03169014084507044 0.010563380281690146 0.02112676056338029 0.02816901408450706 0.024647887323943674 0.007042253521126765 0.010563380281690146 0.02816901408450706 0.01408450704225353 0.03169014084507044 0.017605633802816913 0.02816901408450706 0.02112676056338029 0.02816901408450706 0.024647887323943674 0.02112676056338029 0.03169014084507044 0.02112676056338029 0.010563380281690146 0.01408450704225353 0.02112676056338029 0.024647887323943674 0.01408450704225353 0.010563380281690146 0.007042253521126765 0.02816901408450706 0.02816901408450706 0.01408450704225353 0.02112676056338029 0.007042253521126765 0.01408450704225353 0.017605633802816913 0.024647887323943674 0.01408450704225353 0.03169014084507044 0.010563380281690146 0.010563380281690146 0.007042253521126765 0.0035211267605633825 0.02112676056338029 0.024647887323943674 0.02816901408450706 0.01408450704225353 0.0035211267605633825 0.010563380281690146 0.0035211267605633825 0.01408450704225353 0.0035211267605633825 0.007042253521126765 0.017605633802816913 0.0035211267605633825 0.0 
0.017064846416382243 0.030716723549488033 0.034129692832764486 0.013651877133105794 0.017064846416382243 0.0034129692832764484 0.0034129692832764484 0.027303754266211587 0.010238907849829344 0.027303754266211587 0.034129692832764486 0.027303754266211587 0.030716723549488033 0.027303754266211587 0.034129692832764486 0.0034129692832764484 0.023890784982935138 0.02047781569965869 0.023890784982935138 0.030716723549488033 0.027303754266211587 0.027303754266211587 0.034129692832764486 0.013651877133105794 0.0034129692832764484 0.010238907849829344 0.0034129692832764484 0.02047781569965869 0.013651877133105794 0.006825938566552897 0.030716723549488033 0.010238907849829344 0.0034129692832764484 0.006825938566552897 0.02047781569965869 0.013651877133105794 0.010238907849829344 0.013651877133105794 0.017064846416382243 0.006825938566552897 0.010238907849829344 0.017064846416382243 0.023890784982935138 0.006825938566552897 0.010238907849829344 0.023890784982935138 0.017064846416382243 0.017064846416382243 0.013651877133105794 0.023890784982935138 0.017064846416382243 0.010238907849829344 0.017064846416382243 0.030716723549488033 0.023890784982935138 0.0034129692832764484 0.0 
0.022950819672131154 0.013114754098360661 0.029508196721311487 0.016393442622950827 0.029508196721311487 0.009836065573770496 0.032786885245901655 0.0065573770491803305 0.019672131147540992 0.016393442622950827 0.009836065573770496 0.032786885245901655 0.026229508196721322 0.019672131147540992 0.022950819672131154 0.022950819672131154 0.0065573770491803305 0.016393442622950827 0.019672131147540992 0.0065573770491803305 0.019672131147540992 0.019672131147540992 0.0065573770491803305 0.009836065573770496 0.0032786885245901652 0.026229508196721322 0.016393442622950827 0.022950819672131154 0.016393442622950827 0.032786885245901655 0.019672131147540992 0.013114754098360661 0.0032786885245901652 0.0065573770491803305 0.029508196721311487 0.0032786885245901652 0.0065573770491803305 0.0065573770491803305 0.013114754098360661 0.013114754098360661 0.016393442622950827 0.009836065573770496 0.026229508196721322 0.013114754098360661 0.026229508196721322 0.013114754098360661 0.026229508196721322 0.032786885245901655 0.013114754098360661 0.022950819672131154 0.016393442622950827 0.026229508196721322 0.026229508196721322 0.013114754098360661 0.016393442622950827 0.032786885245901655 0.0 
0.029520295202952036 0.014760147601476018 0.007380073800738009 0.011070110701107012 0.007380073800738009 0.029520295202952036 0.025830258302583033 0.025830258302583033 0.036900369003690044 0.025830258302583033 0.007380073800738009 0.007380073800738009 0.007380073800738009 0.0036900369003690045 0.0036900369003690045 0.007380073800738009 0.025830258302583033 0.011070110701107012 0.029520295202952036 0.014760147601476018 0.022140221402214024 0.007380073800738009 0.029520295202952036 0.007380073800738009 0.018450184501845022 0.025830258302583033 0.014760147601476018 0.018450184501845022 0.007380073800738009 0.011070110701107012 0.025830258302583033 0.0036900369003690045 0.018450184501845022 0.03321033210332104 0.011070110701107012 0.007380073800738009 0.011070110701107012 0.025830258302583033 0.025830258302583033 0.036900369003690044 0.007380073800738009 0.025830258302583033 0.011070110701107012 0.025830258302583033 0.018450184501845022 0.011070110701107012 0.03321033210332104 0.014760147601476018 0.007380073800738009 0.036900369003690044 0.014760147601476018 0.03321033210332104 0.018450184501845022 0.007380073800738009 0.014760147601476018 0.025830258302583033 0.0 
0.003048780487804876 0.012195121951219504 0.003048780487804876 0.01524390243902438 0.03048780487804876 0.01524390243902438 0.021341463414634134 0.006097560975609752 0.024390243902439008 0.006097560975609752 0.01524390243902438 0.01524390243902438 0.003048780487804876 0.01524390243902438 0.024390243902439008 0.01524390243902438 0.027439024390243885 0.027439024390243885 0.012195121951219504 0.027439024390243885 0.024390243902439008 0.018292682926829253 0.027439024390243885 0.006097560975609752 0.021341463414634134 0.021341463414634134 0.027439024390243885 0.027439024390243885 0.003048780487804876 0.027439024390243885 0.012195121951219504 0.021341463414634134 0.021341463414634134 0.024390243902439008 0.03048780487804876 0.006097560975609752 0.009146341463414627 0.03048780487804876 0.027439024390243885 0.018292682926829253 0.006097560975609752 0.021341463414634134 0.006097560975609752 0.003048780487804876 0.03048780487804876 0.021341463414634134 0.009146341463414627 0.012195121951219504 0.018292682926829253 0.009146341463414627 0.009146341463414627 0.01524390243902438 0.03048780487804876 0.03048780487804876 0.027439024390243885 0.024390243902439008 0.0 
0.0253968253968254 0.019047619047619053 0.019047619047619053 0.019047619047619053 0.0126984126984127 0.015873015873015876 0.003174603174603175 0.009523809523809526 0.022222222222222227 0.00634920634920635 0.019047619047619053 0.0253968253968254 0.009523809523809526 0.028571428571428574 0.00634920634920635 0.022222222222222227 0.028571428571428574 0.019047619047619053 0.028571428571428574 0.0126984126984127 0.028571428571428574 0.003174603174603175 0.019047619047619053 0.00634920634920635 0.028571428571428574 0.028571428571428574 0.0126984126984127 0.0253968253968254 0.03174603174603175 0.03174603174603175 0.0253968253968254 0.028571428571428574 0.003174603174603175 0.03174603174603175 0.0126984126984127 0.028571428571428574 0.0126984126984127 0.03174603174603175 0.003174603174603175 0.015873015873015876 0.003174603174603175 0.0126984126984127 0.03174603174603175 0.015873015873015876 0.00634920634920635 0.022222222222222227 0.03174603174603175 0.0126984126984127 0.028571428571428574 0.003174603174603175 0.015873015873015876 0.022222222222222227 0.00634920634920635 0.0126984126984127 0.009523809523809526 0.003174603174603175 0.0 
0.03546099290780142 0.014184397163120567 0.010638297872340425 0.0070921985815602835 0.028368794326241134 0.0035460992907801418 0.0035460992907801418 0.03546099290780142 0.02127659574468085 0.03546099290780142 0.014184397163120567 0.028368794326241134 0.031914893617021274 0.010638297872340425 0.014184397163120567 0.01773049645390071 0.014184397163120567 0.0070921985815602835 0.0035460992907801418 0.01773049645390071 0.024822695035460994 0.024822695035460994 0.014184397163120567 0.031914893617021274 0.024822695035460994 0.028368794326241134 0.0070921985815602835 0.024822695035460994 0.01773049645390071 0.014184397163120567 0.024822695035460994 0.03546099290780142 0.03546099290780142 0.014184397163120567 0.014184397163120567 0.010638297872340425 0.0035460992907801418 0.0070921985815602835 0.0035460992907801418 0.024822695035460994 0.0070921985815602835 0.010638297872340425 0.01773049645390071 0.0035460992907801418 0.010638297872340425 0.014184397163120567 0.02127659574468085 0.02127659574468085 0.031914893617021274 0.014184397163120567 0.014184397163120567 0.014184397163120567 0.01773049645390071 0.031914893617021274 0.02127659574468085 0.0070921985815602835 0.0 
0.02097902097902098 0.006993006993006993 0.027972027972027972 0.013986013986013986 0.006993006993006993 0.0034965034965034965 0.03496503496503497 0.013986013986013986 0.017482517482517484 0.0034965034965034965 0.03146853146853147 0.0034965034965034965 0.027972027972027972 0.013986013986013986 0.013986013986013986 0.006993006993006993 0.01048951048951049 0.03496503496503497 0.006993006993006993 0.03496503496503497 0.0034965034965034965 0.024475524475524476 0.013986013986013986 0.0034965034965034965 0.03146853146853147 0.03146853146853147 0.024475524475524476 0.013986013986013986 0.013986013986013986 0.017482517482517484 0.0034965034965034965 0.024475524475524476 0.024475524475524476 0.03496503496503497 0.03496503496503497 0.0034965034965034965 0.013986013986013986 0.02097902097902098 0.017482517482517484 0.024475524475524476 0.006993006993006993 0.03146853146853147 0.03146853146853147 0.01048951048951049 0.0034965034965034965 0.02097902097902098 0.006993006993006993 0.03146853146853147 0.006993006993006993 0.006993006993006993 0.03496503496503497 0.017482517482517484 0.013986013986013986 0.006993006993006993 0.02097902097902098 0.03146853146853147 0.0 
0.02777777777777777 0.02430555555555555 0.02083333333333333 0.013888888888888885 0.02777777777777777 0.013888888888888885 0.031249999999999993 0.006944444444444442 0.02430555555555555 0.031249999999999993 0.006944444444444442 0.02777777777777777 0.006944444444444442 0.02083333333333333 0.006944444444444442 0.013888888888888885 0.02777777777777777 0.013888888888888885 0.013888888888888885 0.010416666666666664 0.01736111111111111 0.010416666666666664 0.02777777777777777 0.010416666666666664 0.013888888888888885 0.006944444444444442 0.031249999999999993 0.03472222222222222 0.013888888888888885 0.01736111111111111 0.02430555555555555 0.003472222222222221 0.03472222222222222 0.031249999999999993 0.02083333333333333 0.031249999999999993 0.003472222222222221 0.02777777777777777 0.01736111111111111 0.02430555555555555 0.02430555555555555 0.010416666666666664 0.01736111111111111 0.010416666666666664 0.010416666666666664 0.02777777777777777 0.006944444444444442 0.031249999999999993 0.01736111111111111 0.003472222222222221 0.003472222222222221 0.006944444444444442 0.01736111111111111 0.010416666666666664 0.02083333333333333 0.006944444444444442 0.0 
0.006825938566552901 0.006825938566552901 0.010238907849829351 0.0034129692832764505 0.017064846416382253 0.0034129692832764505 0.013651877133105802 0.006825938566552901 0.0034129692832764505 0.027303754266211604 0.010238907849829351 0.013651877133105802 0.020477815699658702 0.010238907849829351 0.030716723549488054 0.027303754266211604 0.023890784982935155 0.020477815699658702 0.020477815699658702 0.027303754266211604 0.027303754266211604 0.0034129692832764505 0.030716723549488054 0.006825938566552901 0.013651877133105802 0.023890784982935155 0.023890784982935155 0.0034129692832764505 0.010238907849829351 0.034129692832764506 0.030716723549488054 0.017064846416382253 0.023890784982935155 0.034129692832764506 0.0034129692832764505 0.030716723549488054 0.010238907849829351 0.010238907849829351 0.0034129692832764505 0.013651877133105802 0.030716723549488054 0.023890784982935155 0.020477815699658702 0.027303754266211604 0.020477815699658702 0.006825938566552901 0.034129692832764506 0.020477815699658702 0.034129692832764506 0.020477815699658702 0.006825938566552901 0.0034129692832764505 0.020477815699658702 0.030716723549488054 0.010238907849829351 0.030716723549488054 0.0 
0.00641025641025641 0.02564102564102564 0.028846153846153848 0.016025641025641024 0.01282051282051282 0.019230769230769232 0.022435897435897436 0.019230769230769232 0.022435897435897436 0.01282051282051282 0.019230769230769232 0.009615384615384616 0.01282051282051282 0.022435897435897436 0.00641025641025641 0.003205128205128205 0.016025641025641024 0.019230769230769232 0.02564102564102564 0.028846153846153848 0.00641025641025641 0.00641025641025641 0.016025641025641024 0.01282051282051282 0.03205128205128205 0.00641025641025641 0.02564102564102564 0.022435897435897436 0.03205128205128205 0.019230769230769232 0.019230769230769232 0.019230769230769232 0.00641025641025641 0.009615384615384616 0.02564102564102564 0.009615384615384616 0.00641025641025641 0.019230769230769232 0.009615384615384616 0.009615384615384616 0.016025641025641024 0.02564102564102564 0.03205128205128205 0.028846153846153848 0.022435897435897436 0.009615384615384616 0.03205128205128205 0.028846153846153848 0.00641025641025641 0.02564102564102564 0.03205128205128205 0.022435897435897436 0.00641025641025641 0.02564102564102564 0.016025641025641024 0.00641025641025641 0.0 
0.03157894736842106 0.014035087719298248 0.003508771929824562 0.03157894736842106 0.010526315789473686 0.003508771929824562 0.007017543859649124 0.024561403508771933 0.028070175438596495 0.01754385964912281 0.010526315789473686 0.03508771929824562 0.007017543859649124 0.024561403508771933 0.01754385964912281 0.01754385964912281 0.024561403508771933 0.01754385964912281 0.003508771929824562 0.02105263157894737 0.014035087719298248 0.028070175438596495 0.024561403508771933 0.03157894736842106 0.007017543859649124 0.024561403508771933 0.03508771929824562 0.003508771929824562 0.010526315789473686 0.024561403508771933 0.01754385964912281 0.02105263157894737 0.007017543859649124 0.003508771929824562 0.01754385964912281 0.028070175438596495 0.024561403508771933 0.024561403508771933 0.007017543859649124 0.003508771929824562 0.024561403508771933 0.03508771929824562 0.003508771929824562 0.01754385964912281 0.003508771929824562 0.003508771929824562 0.014035087719298248 0.014035087719298248 0.028070175438596495 0.028070175438596495 0.01754385964912281 0.028070175438596495 0.007017543859649124 0.007017543859649124 0.03157894736842106 0.028070175438596495 0.0 
0.013513513513513514 0.02702702702702703 0.02364864864864865 0.0033783783783783786 0.013513513513513514 0.010135135135135136 0.0033783783783783786 0.006756756756756757 0.02027027027027027 0.02364864864864865 0.02702702702702703 0.006756756756756757 0.033783783783783786 0.030405405405405407 0.02364864864864865 0.0033783783783783786 0.0033783783783783786 0.016891891891891893 0.033783783783783786 0.030405405405405407 0.016891891891891893 0.013513513513513514 0.02364864864864865 0.02364864864864865 0.02702702702702703 0.02702702702702703 0.02364864864864865 0.02364864864864865 0.02364864864864865 0.016891891891891893 0.02027027027027027 0.0033783783783783786 0.02027027027027027 0.016891891891891893 0.02702702702702703 0.030405405405405407 0.013513513513513514 0.010135135135135136 0.0033783783783783786 0.016891891891891893 0.02027027027027027 0.010135135135135136 0.010135135135135136 0.013513513513513514 0.02027027027027027 0.013513513513513514 0.006756756756756757 0.010135135135135136 0.006756756756756757 0.033783783783783786 0.02364864864864865 0.02027027027027027 0.02027027027027027 0.033783783783783786 0.0033783783783783786 0.016891891891891893 0.0 
0.007604562737642586 0.01140684410646388 0.01140684410646388 0.02281368821292776 0.030418250950570346 0.007604562737642586 0.030418250950570346 0.003802281368821293 0.02281368821292776 0.003802281368821293 0.019011406844106467 0.007604562737642586 0.01140684410646388 0.003802281368821293 0.015209125475285173 0.003802281368821293 0.02281368821292776 0.003802281368821293 0.02661596958174905 0.038022813688212934 0.003802281368821293 0.007604562737642586 0.01140684410646388 0.003802281368821293 0.02661596958174905 0.030418250950570346 0.030418250950570346 0.007604562737642586 0.007604562737642586 0.019011406844106467 0.019011406844106467 0.01140684410646388 0.02661596958174905 0.015209125475285173 0.015209125475285173 0.003802281368821293 0.007604562737642586 0.015209125475285173 0.02661596958174905 0.03422053231939164 0.01140684410646388 0.02281368821292776 0.038022813688212934 0.038022813688212934 0.02661596958174905 0.003802281368821293 0.015209125475285173 0.015209125475285173 0.03422053231939164 0.003802281368821293 0.03422053231939164 0.02281368821292776 0.02281368821292776 0.030418250950570346 0.038022813688212934 0.015209125475285173 0.0 
0.030211480362537773 0.006042296072507555 0.009063444108761332 0.015105740181268886 0.02114803625377644 0.02416918429003022 0.030211480362537773 0.018126888217522664 0.027190332326283994 0.02114803625377644 0.015105740181268886 0.01208459214501511 0.015105740181268886 0.0030211480362537773 0.02416918429003022 0.006042296072507555 0.0030211480362537773 0.0030211480362537773 0.030211480362537773 0.015105740181268886 0.018126888217522664 0.02416918429003022 0.015105740181268886 0.027190332326283994 0.006042296072507555 0.015105740181268886 0.030211480362537773 0.02114803625377644 0.009063444108761332 0.018126888217522664 0.02416918429003022 0.027190332326283994 0.030211480362537773 0.006042296072507555 0.01208459214501511 0.027190332326283994 0.015105740181268886 0.015105740181268886 0.02416918429003022 0.018126888217522664 0.02416918429003022 0.030211480362537773 0.02114803625377644 0.006042296072507555 0.015105740181268886 0.01208459214501511 0.01208459214501511 0.0030211480362537773 0.006042296072507555 0.027190332326283994 0.02114803625377644 0.015105740181268886 0.027190332326283994 0.009063444108761332 0.030211480362537773 0.027190332326283994 0.0 
0.026706231454005927 0.00890207715133531 0.020771513353115723 0.023738872403560825 0.002967359050445103 0.026706231454005927 0.026706231454005927 0.014836795252225516 0.023738872403560825 0.029673590504451033 0.005934718100890206 0.029673590504451033 0.020771513353115723 0.023738872403560825 0.014836795252225516 0.005934718100890206 0.020771513353115723 0.020771513353115723 0.029673590504451033 0.00890207715133531 0.023738872403560825 0.00890207715133531 0.014836795252225516 0.002967359050445103 0.026706231454005927 0.00890207715133531 0.014836795252225516 0.00890207715133531 0.00890207715133531 0.005934718100890206 0.005934718100890206 0.002967359050445103 0.023738872403560825 0.026706231454005927 0.029673590504451033 0.01780415430267062 0.011869436201780412 0.026706231454005927 0.023738872403560825 0.011869436201780412 0.026706231454005927 0.01780415430267062 0.020771513353115723 0.014836795252225516 0.020771513353115723 0.023738872403560825 0.026706231454005927 0.029673590504451033 0.011869436201780412 0.029673590504451033 0.014836795252225516 0.005934718100890206 0.002967359050445103 0.023738872403560825 0.026706231454005927 0.011869436201780412 0.0 
0.031578947368421054 0.02456140350877193 0.02456140350877193 0.028070175438596492 0.031578947368421054 0.031578947368421054 0.02456140350877193 0.021052631578947368 0.017543859649122806 0.007017543859649123 0.017543859649122806 0.028070175438596492 0.021052631578947368 0.03508771929824561 0.02456140350877193 0.0035087719298245615 0.021052631578947368 0.0035087719298245615 0.031578947368421054 0.0035087719298245615 0.028070175438596492 0.007017543859649123 0.014035087719298246 0.017543859649122806 0.007017543859649123 0.0035087719298245615 0.0035087719298245615 0.02456140350877193 0.02456140350877193 0.021052631578947368 0.021052631578947368 0.03508771929824561 0.017543859649122806 0.0035087719298245615 0.007017543859649123 0.017543859649122806 0.007017543859649123 0.0035087719298245615 0.0035087719298245615 0.017543859649122806 0.014035087719298246 0.017543859649122806 0.028070175438596492 0.02456140350877193 0.028070175438596492 0.02456140350877193 0.0035087719298245615 0.010526315789473684 0.02456140350877193 0.028070175438596492 0.007017543859649123 0.010526315789473684 0.007017543859649123 0.017543859649122806 0.02456140350877193 0.014035087719298246 0.0 
1.0 0.0 0.0 0.0 0.0 0.0 0.0 0.0 0.0 0.0 0.0 0.0 0.0 0.0 0.0 0.0 0.0 0.0 0.0 0.0 0.0 0.0 0.0 0.0 0.0 0.0 0.0 0.0 0.0 0.0 0.0 0.0 0.0 0.0 0.0 0.0 0.0 0.0 0.0 0.0 0.0 0.0 0.0 0.0 0.0 0.0 0.0 0.0 0.0 0.0 0.0 0.0 0.0 0.0 0.0 0.0 0.0 

emissions
0 0 0 0 0 0 0 0 0 0 0 0 0 0 0 0 0 0 0 0 0 0 0 0 0 0 0 0 0 0 0 0 0 0 0 0 0 0 0 0 0 0 0 0 0 0 0 0 0 0 0 0 0 0 0 0 1 
1 1 1 1 1 1 1 1 1 1 1 1 1 1 1 1 1 1 1 1 1 1 1 1 1 1 1 1 1 1 1 1 1 1 1 1 1 1 1 1 1 1 1 1 1 1 1 1 1 1 1 1 1 1 1 1 0 
