states
0 1 2 3 4 5 6 7 8 9 10 11 12 13 14 15 16 17 18 19 20 21 22 23 24 25 26 27 28 29 30 31 32 33 34 35 36 37 38 39 40 41 42 43 44 45 46 47 48 49 50 51 52 53 54 55 56 
labels
empty init 
initial
1.0 0.0 0.0 0.0 0.0 0.0 0.0 0.0 0.0 0.0 0.0 0.0 0.0 0.0 0.0 0.0 0.0 0.0 0.0 0.0 0.0 0.0 0.0 0.0 0.0 0.0 0.0 0.0 0.0 0.0 0.0 0.0 0.0 0.0 0.0 0.0 0.0 0.0 0.0 0.0 0.0 0.0 0.0 0.0 0.0 0.0 0.0 0.0 0.0 0.0 0.0 0.0 0.0 0.0 0.0 0.0 0.0
transitions
9.000450022501122e-05 0.003260163008150406 0.03196159807990399 0.023391169558477917 0.010340517025851289 0.02361118055902794 0.021051052552627625 0.018560928046402313 0.007280364018200908 0.0006700335016750835 0.025481274063703176 0.035191759587979383 0.03162158107905395 0.012880644032201606 0.01339066953347667 0.0017200860043002145 0.0012400620031001546 0.02494124706235311 0.024811240562028092 0.022761138056902837 0.02477123856192809 0.000610030501525076 0.013370668533426666 0.009980499024951243 0.02213110655532776 0.014230711535576774 0.027781389069453464 0.03363168158407919 0.02063103155157757 0.0280814040702035 0.008480424021201057 0.03719185959297964 0.023841192059602972 0.022251112555627773 0.02108105405270263 0.025971298564928236 0.03839191959597979 0.00417020851042552 0.014640732036601826 0.022761138056902837 0.03331166558327915 0.0264513225661283 0.03274163708185408 0.0005800290014500723 0.03683184159207959 0.007600380019000948 0.018680934046702326 0.010240512025601278 0.016320816040802037 0.01251062553127656 0.007610380519025948 0.00490024501225061 0.005850292514625729 0.006650332516625829 0.01829091454572728 0.010180509025451269 0.0029901495074753726 
0.03754037540375403 0.03482034820348203 0.036280362803628036 0.012940129401294012 0.007700077000770008 0.0043300433004330036 0.03293032930329303 0.014470144701447014 0.008960089600896008 0.006850068500685006 0.008110081100811007 0.012750127501275011 0.015330153301533015 0.002300023000230002 0.017840178401784017 0.010330103301033011 0.027060270602706025 0.004990049900499004 0.026000260002600025 0.016270162701627015 0.005140051400514004 0.035530355303553036 0.012200122001220013 0.011390113901139011 0.018130181301813018 0.03053030530305303 0.009470094700947009 0.01185011850118501 0.027990279902799026 0.03393033930339304 0.01073010730107301 0.0003200032000320003 0.017810178101781017 0.03129031290312903 0.0004300043000430004 0.015720157201572018 0.02046020460204602 0.024010240102401024 0.034990349903499036 0.012370123701237013 0.002190021900219002 0.01793017930179302 0.012260122601226012 0.009420094200942008 0.03749037490374904 0.0004900049000490004 0.0018700187001870017 0.018100181001810017 0.02679026790267903 0.029450294502945028 0.026910269102691026 0.015170151701517014 0.025070250702507024 0.014350143501435014 0.023650236502365023 0.026250262502625025 0.01051010510105101 
0.005210000000000001 0.006420000000000002 0.041240000000000006 0.019080000000000003 0.003120000000000001 0.013950000000000004 0.04209000000000001 0.005270000000000001 0.006810000000000002 0.012680000000000004 0.020690000000000004 0.010620000000000001 0.012690000000000003 0.034960000000000005 0.006430000000000002 0.020530000000000003 0.025890000000000007 0.005640000000000001 0.010200000000000002 0.014000000000000004 0.009020000000000002 0.03225000000000001 0.013900000000000003 0.011930000000000003 0.03125000000000001 0.037930000000000005 0.020480000000000005 0.007590000000000002 0.011920000000000004 0.015230000000000004 0.023940000000000006 0.024960000000000006 0.027930000000000007 0.030320000000000007 0.0006300000000000001 0.012400000000000003 0.008440000000000001 0.00040000000000000013 0.025940000000000008 0.017780000000000004 0.0043300000000000005 0.019170000000000003 0.033060000000000006 0.010480000000000001 0.008510000000000002 0.0021700000000000005 0.040830000000000005 0.022530000000000005 0.009490000000000002 0.039400000000000004 0.0018900000000000004 0.012620000000000003 0.004130000000000001 0.029560000000000006 0.036270000000000004 0.029110000000000007 0.014690000000000003 
0.01748930042798288 0.006859725610975562 0.0037898484060637583 0.019709211631534742 0.01457941682332707 0.031358745650174 0.03232870685172593 0.032488700451981926 0.0282088716451342 0.026278948842046325 0.002629894804207832 0.010989560417583298 0.017639294428222874 0.006539738410463582 0.031398744050237994 0.01691932322707092 0.003859845606175754 0.013269469221231154 0.01583936642534299 0.0027898884044638217 0.024999000039998404 0.018779248830046804 0.013909443622255113 0.015269389224431025 0.010229590816367347 0.008009679612815488 0.031718731250749976 0.030168793248270074 0.022149114035438587 0.024359025638974446 0.011519539218431265 0.0030398784048638063 0.029718811247550103 0.011879524819007241 0.03067877284908604 0.006089756409743611 0.012159513619455225 0.009449622015119397 0.022089116435342587 0.026868925242990286 0.011579536818527261 0.020679172833086682 0.027628894844206234 0.006199752009919604 0.02290908363665454 0.01315947362105516 0.025918963241470343 0.0024299028038878446 0.01111955521779129 0.006089756409743611 0.017949282028718854 0.009179632814687415 0.029108835646574144 0.028278868845246195 0.028818847246110158 0.026388944442222315 0.014509419623215074 
0.025200504010080203 0.019680393607872156 0.016440328806576133 0.00039000780015600314 0.027460549210984217 0.015350307006140124 0.024650493009860195 0.012540250805016102 0.008290165803316067 0.03247064941298826 0.015710314206284125 0.03345066901338027 0.03145062901258025 0.013640272805456108 0.012280245604912098 0.0031500630012600253 0.01114022280445609 0.001880037600752015 0.002400048000960019 0.03269065381307626 0.02595051901038021 0.009730194603892078 0.006460129202584051 0.0037700754015080303 0.012690253805076102 0.0250305006100122 0.027740554811096222 0.031390627812556256 0.029580591611832237 0.021660433208664173 0.0006000120002400048 0.02355047100942019 0.02312046240924819 0.025740514810296204 0.01494029880597612 0.019270385407708153 0.023390467809356188 0.02109042180843617 0.025560511210224204 0.0053101062021240425 0.028130562611252224 0.028420568411368228 0.021470429408588173 0.0016700334006680135 0.004290085801716035 0.029910598211964238 0.022840456809136184 0.007690153803076061 0.030990619812396248 0.0023300466009320187 0.010340206804136083 0.009490189803796076 0.007030140602812056 0.023130462609252188 0.01761035220704414 0.03359067181343627 0.004220084401688033 
0.021030420608412165 0.0006800136002720054 0.02637052741054821 0.0383607672153443 0.02867057341146823 0.007700154003080061 0.020720414408288163 0.007330146602932058 0.009020180403608071 0.0381607632152643 0.015840316806336126 0.011670233404668093 0.02375047500950019 0.029250585011700234 0.010440208804176083 0.0380207604152083 0.004840096801936038 0.0010800216004320086 0.019240384807696152 0.035720714414288285 0.013040260805216102 0.0128302566051321 0.017080341606832136 0.018570371407428145 0.021000420008400168 0.0014700294005880116 0.0034100682013640266 0.009720194403888077 0.0373007460149203 0.03220064401288025 0.009260185203704072 0.033950679013580266 0.00759015180303606 0.019740394807896158 0.025990519810396205 0.025520510410208204 0.0032000640012800254 0.02849056981139623 0.02166043320866417 0.0126502530050601 0.029350587011740235 0.0015800316006320124 0.006470129402588051 0.012870257405148102 0.024150483009660193 0.025220504410088197 0.006020120402408048 0.002760055201104022 0.02911058221164423 0.01145022900458009 0.014920298405968117 0.01533030660613212 0.004510090201804036 0.015410308206164122 0.023220464409288186 0.0019100382007640152 0.03314066281325626 
0.027439999999999992 0.0014799999999999995 0.008719999999999999 0.028349999999999993 0.023939999999999993 0.024119999999999992 0.016379999999999995 0.007389999999999998 0.020549999999999995 0.012359999999999996 0.033729999999999996 0.0006399999999999999 0.005719999999999999 0.020759999999999997 0.030699999999999995 0.025169999999999994 0.0010299999999999999 0.013889999999999996 0.022649999999999997 0.028339999999999994 0.03009999999999999 0.005389999999999999 0.026929999999999992 0.015189999999999997 0.028749999999999994 0.030189999999999995 0.012259999999999997 0.016179999999999996 0.03189999999999999 0.019759999999999996 0.014589999999999997 0.011699999999999999 0.015989999999999997 0.004479999999999999 0.016819999999999998 0.025189999999999994 0.020749999999999998 0.03434999999999999 0.004089999999999999 0.006159999999999998 0.0044399999999999995 0.0050799999999999994 0.021069999999999995 0.012479999999999996 0.0006899999999999999 0.03520999999999999 0.006519999999999998 0.007799999999999998 0.03434999999999999 0.03132999999999999 0.028629999999999992 0.008209999999999999 0.004639999999999999 0.014379999999999997 0.011369999999999998 0.035519999999999996 0.014149999999999996 
0.015480309606192122 0.012550251005020099 0.0042200844016880325 0.0033700674013480265 0.015870317406348124 0.028630572611452222 0.025260505210104197 0.018820376407528146 0.025410508210164197 0.012200244004880095 0.004480089601792034 0.004190083801676033 0.027490549810996214 0.03510070201404027 0.014850297005940117 0.015300306006120118 0.004240084801696033 0.030480609612192237 0.019860397207944153 0.01915038300766015 0.031540630812616245 0.01568031360627212 0.022070441408828172 0.03351067021340426 0.024490489809796193 0.012320246404928096 0.02737054741094821 0.0024800496009920194 0.004130082601652032 0.018950379007580148 0.028730574611492223 0.016220324406488126 0.013410268205364105 0.0021400428008560165 0.004100082001640032 0.02186043720874417 0.01904038080761615 0.0045500910018200355 0.023320466409328184 0.034360687213744266 0.036070721414428276 0.029160583211664225 0.013230264605292103 0.023840476809536187 0.007870157403148061 0.02942058841176823 0.006330126602532049 0.012330246604932097 0.007490149802996058 0.011830236604732092 0.021230424608492164 0.020580411608232162 0.029890597811956233 0.013650273005460107 0.007580151603032059 0.025290505810116198 0.006970139402788054 
0.017280345606912145 0.018740374807496157 0.023710474209484196 0.03276065521310427 0.00480009600192004 0.004520090401808037 0.011280225604512095 0.022400448008960187 0.010470209404188087 0.03331066621332428 0.021810436208724183 0.021150423008460175 0.0007800156003120065 0.007080141602832059 0.012420248404968104 0.03310066201324027 0.017050341006820142 0.03209064181283627 0.012880257605152108 0.019870397407948166 0.0009900198003960083 0.02632052641052822 0.014180283605672118 0.02519050381007621 0.033190663813276275 0.01926038520770416 0.026480529610592222 0.003840076801536032 0.01891037820756416 0.00838016760335207 0.034100682013640284 0.0235704714094282 0.018050361007220152 0.02032040640812817 0.021050421008420174 0.032700654013080276 0.010940218804376092 0.007280145602912061 0.02519050381007621 0.013470269405388112 0.013800276005520116 0.023050461009220195 0.006350127002540053 0.0022200444008880185 0.02987059741194825 0.012990259805196108 0.0025700514010280214 0.019670393407868164 0.020080401608032167 0.0242204844096882 0.008100162003240067 0.004690093801876039 0.016720334406688138 0.01652033040660814 0.02064041280825617 0.01420028400568012 0.023380467609352196 
0.032109999999999986 0.03204999999999999 0.011619999999999995 0.029339999999999988 0.0012499999999999994 0.01740999999999999 0.011959999999999995 0.0010799999999999996 0.016309999999999995 0.008979999999999997 0.009859999999999996 0.02469999999999999 0.004879999999999998 0.033059999999999985 0.02558999999999999 0.010899999999999995 0.016889999999999992 0.016949999999999993 0.032329999999999984 0.02710999999999999 0.0017599999999999992 0.032059999999999984 0.02517999999999999 0.029859999999999987 0.0011499999999999995 0.035759999999999986 0.02311999999999999 0.009019999999999997 0.02483999999999999 0.01842999999999999 0.03240999999999999 0.004219999999999998 0.0031199999999999986 0.007819999999999997 0.007069999999999996 0.004609999999999999 0.02679999999999999 0.015609999999999994 0.016779999999999993 0.005039999999999998 3.999999999999998e-05 0.028579999999999987 0.003419999999999998 0.028579999999999987 0.031539999999999985 0.03351999999999999 0.016019999999999993 0.0013099999999999993 0.002679999999999999 0.03247999999999999 0.02321999999999999 0.014879999999999994 0.013369999999999995 0.02543999999999999 0.029229999999999985 0.010909999999999994 0.015739999999999994 
0.031288435578221085 0.020588970551472425 0.007039648017599119 0.016859157042147892 0.0004599770011499425 0.0034798260086995646 0.02103894805259737 0.020978951052447375 0.0006299685015749212 0.0010699465026748661 0.020168991550422476 0.03462826858657067 0.01932903354832258 0.010689465526723663 0.021458927053647315 0.010529473526323682 0.031238438078096092 0.012969351532423378 0.017619119044047796 0.002949852507374631 0.027968601569921498 0.020718964051797406 0.03171841407929603 0.03324833758312084 0.010519474026298685 0.013319334033298333 0.013889305534723262 0.009809509524523773 0.03233838308084595 0.009289535523223837 0.0009399530023498824 0.012829358532073395 0.01845907704614769 0.03075846207689615 0.0006599670016499174 0.028918554072296383 0.02439878006099695 0.0351682415879206 0.013159342032898353 0.023838808059597018 0.02391880405979701 0.011869406529673516 0.025458727063646814 0.02940852957352132 0.006609669516524174 0.03237838108094595 0.011999400029998499 0.030648467576621166 0.007799610019499024 0.015809209539523025 0.03407829608519573 0.004559772011399429 0.004439778011099445 0.02762861856907154 0.003879806009699515 0.01613919304034798 0.016409179541022948 
0.02522 0.01211 0.01684 0.00886 0.00619 0.01236 0.00958 0.00844 0.01483 0.00208 0.01423 0.01521 0.01142 0.00528 0.0281 0.03185 0.01807 0.01105 0.02931 0.00203 0.01164 0.02235 0.02242 0.01048 0.01397 0.0292 0.00448 0.01851 0.01574 0.02121 0.02486 0.02896 0.02494 0.02164 0.02864 0.02789 0.00223 0.02563 0.02148 0.03153 0.00941 0.02791 0.03641 0.01687 0.01216 0.01601 0.03139 0.03466 0.00854 0.01395 0.03454 0.01103 0.0014 0.01021 0.03539 0.00256 0.0067 
0.01596047881436443 0.015970479114373434 0.0027100813024390734 0.03248097442923288 0.023040691220736622 0.030690920727621827 0.013810414312429372 0.03189095672870186 0.013510405312159364 0.003270098102943088 0.027570827124813745 0.008960268808064241 0.029020870626118783 0.009910297308919267 0.012910387311619347 0.0041601248037441115 0.002520075602268068 0.0010200306009180277 0.025460763822914685 0.008320249607488223 0.0148304449133474 0.011620348610458313 0.03008090242707281 0.03186095582867486 0.017410522315669467 0.010350310509315279 0.009090272708181246 0.00014000420012600376 0.03193095792873786 0.018190545716371492 0.02743082292468774 0.008690260707821234 0.034441033230996926 0.030960928827864838 0.0260007800234007 0.021930657919737594 0.033431002930087904 0.0030900927027810833 0.015230456913707412 0.03133093992819784 0.0020600618018540556 0.014900447013410402 0.02078062341870256 0.026940808224246725 0.016120483614508435 0.03319099572987189 0.010960328809864296 0.008650259507785233 0.029540886226586797 0.016080482414472436 0.024530735922077662 0.004140124203726111 0.024260727821834655 0.008650259507785233 0.016490494714841444 0.003810114303429103 0.017660529815894475 
0.028690573811476234 0.008300166003320068 0.01492029840596812 0.008930178603572073 0.026500530010600216 0.002720054401088022 0.0003800076001520031 0.015350307006140125 0.004870097401948039 0.03138062761255225 0.009600192003840078 0.02700054001080022 0.016510330206604133 0.02865057301146023 0.00983019660393208 0.013260265205304107 0.011480229604592093 0.0122302446048921 0.026500530010600216 0.005060101202024042 0.02354047080941619 0.021090421808436174 0.02108042160843217 0.03367067341346827 0.027380547610952224 0.028930578611572236 0.0010100202004040082 0.030590611812236247 0.003530070601412029 0.027120542410848218 0.03392067841356827 0.004120082401648034 0.02011040220804416 0.016770335406708137 0.004460089201784037 0.006800136002720055 0.0053001060021200435 0.010530210604212085 0.018220364407288147 0.024570491409828202 0.02843056861137223 0.024180483609672197 0.010780215604312087 0.020080401608032164 0.023010460209204185 0.021340426808536175 0.021720434408688177 0.020990419808396173 0.010760215204304088 0.033260665213304265 0.018250365007300148 0.010750215004300087 0.018630372607452154 0.012950259005180105 0.015200304006080124 0.02839056781135623 0.016360327206544133 
0.0021700000000000005 0.021980000000000003 0.007300000000000001 0.025350000000000004 0.004190000000000001 0.005660000000000001 0.017030000000000003 0.018120000000000004 0.004420000000000001 0.0026800000000000005 0.009380000000000001 0.007860000000000002 0.014600000000000002 0.0027000000000000006 0.020090000000000004 0.031700000000000006 0.008570000000000001 0.007660000000000001 0.03198000000000001 0.017350000000000004 0.03320000000000001 0.03599000000000001 0.020880000000000003 0.0040100000000000005 0.005680000000000001 0.028570000000000005 0.03364000000000001 0.03558000000000001 0.018040000000000004 0.005050000000000001 0.023360000000000002 0.021640000000000003 0.017740000000000002 0.0030500000000000006 0.03597000000000001 0.008780000000000001 0.011900000000000003 0.0073100000000000005 0.0026200000000000004 0.027830000000000004 0.026740000000000003 0.020210000000000002 0.013400000000000002 0.005420000000000001 0.009880000000000002 0.022600000000000002 0.031520000000000006 0.03547000000000001 0.0011700000000000002 0.033870000000000004 0.007430000000000001 0.021110000000000004 0.03330000000000001 0.034230000000000003 0.0033500000000000005 0.026170000000000002 0.03250000000000001 
0.010139797204055919 0.027399452010959783 0.018329633407331854 0.010779784404311914 0.01624967500649987 0.006149877002459951 0.023759524809503812 0.01875962480750385 0.025409491810163796 0.015019699606007882 0.007979840403191937 0.02634947301053979 0.027719445611087783 0.015959680806383873 0.0027799444011119777 0.030809383812323756 0.011829763404731906 0.030979380412391757 0.009249815003699926 0.02782944341113178 0.024839503209935804 0.00250994980100398 0.023409531809363816 0.008009839803203937 0.01647967040659187 0.03079938401231976 0.018239635207295855 0.0013499730005399895 0.0023499530009399817 0.011589768204635907 0.02122957540849183 0.009849803003939922 0.030029399412011763 0.01151976960460791 0.016819663606727868 0.008089838203235935 0.012439751204975901 0.029819403611927763 0.020689586208275837 0.028549429011419773 0.023029539409211815 0.004059918801623968 0.02242955140897182 0.030629387412251758 0.018279634407311857 0.02881942361152777 0.026139477210455793 0.025669486610267796 0.005729885402291955 0.024839503209935804 0.021549569008619828 0.008279834403311934 0.029619407611847767 0.016799664006719867 0.004099918001639968 0.015689686206275876 0.002239955200895982 
0.01383972320553589 0.027939441211175777 0.010219795604087919 0.03444931101377973 0.034299314013719724 0.02146957060858783 0.006079878402431952 0.011019779604407913 0.013529729405411894 0.007909841803163937 0.017179656406871864 0.005259894802103958 0.02278954420911582 0.022029559408811825 0.03485930281394373 0.002299954000919982 0.030669386612267757 0.0024499510009799805 0.007899842003159938 0.027179456410871786 0.012059758804823904 0.02664946701065979 0.03335933281334374 0.008159836803263936 0.019519609607807846 0.019199616007679846 0.03130937381252375 0.0002399952000959981 0.02906941861162777 0.0253494930101398 0.02291954160916782 0.005759884802303955 0.02303953920921582 0.014259714805703887 0.028179436411271776 0.03342933141337174 0.03130937381252375 0.002769944601107978 0.007909841803163937 0.0042899142017159666 0.012999740005199897 0.0071698566028679436 0.027659446811063783 0.012539749205015901 0.03140937181256375 0.028039439211215777 0.01664966700665987 0.010249795004099919 0.010719785604287916 0.014019719605607888 0.009299814003719925 0.011779764404711908 0.013439731205375895 0.03032939341213176 0.013499730005399894 0.005319893602127958 0.0127197456050879 
0.015160151601516021 0.019960199601996027 0.031850318503185045 0.004110041100411006 0.025880258802588037 0.024380243802438032 0.02036020360203603 0.03365033650336505 0.029790297902979043 0.034110341103411046 0.001430014300143002 0.01481014810148102 0.03226032260322604 0.024720247202472033 0.016590165901659022 0.023040230402304032 0.002880028800288004 0.00787007870078701 0.008580085800858013 0.017570175701757024 0.03153031530315305 0.020020200202002028 0.034920349203492046 0.011260112601126014 0.018250182501825023 0.018750187501875026 0.03248032480324805 0.03223032230322305 0.00013000130001300018 0.02150021500215003 0.0054500545005450075 0.011280112801128016 0.013420134201342018 0.02542025420254204 0.005670056700567008 0.0004200042000420006 0.02119021190211903 0.016680166801668023 0.018550185501855027 0.030190301903019044 0.02794027940279404 0.0033200332003320045 0.012470124701247018 0.024490244902449037 0.009740097400974014 0.010620106201062015 0.011180111801118017 0.0037100371003710056 0.011150111501115017 0.0009500095000950014 0.02860028600286004 0.02115021150211503 0.01511015110151102 0.008460084600846011 0.029800298002980043 0.008550085500855013 0.014410144101441019 
0.03238097142914288 0.010580317409522288 0.015290458713761416 0.026260787823634713 0.033270998129943906 0.008330249907497226 0.02968089042671281 0.015190455713671414 0.004810144304329131 0.02405072152164565 0.022290668720061607 0.005490164704941149 0.01761052831584948 0.010380311409342282 0.019000570017100517 0.010760322809684293 0.035291058731761964 0.009130273908217247 0.02977089312679381 0.011800354010620321 0.008200246007380224 0.007230216906507197 0.011660349810494318 0.0031500945028350856 0.0031800954028620865 0.030330909927297825 0.02832084962548877 0.003970119103573108 0.02467074012220367 0.0027800834025020755 0.012260367811034333 0.03448103443103293 0.031940958228746874 0.03252097562926889 0.015370461113833419 0.02648079442383272 0.018990569717091517 0.0330709921297639 0.027330819924597745 0.009960298808964272 0.02968089042671281 0.009960298808964272 0.007790233707011212 0.010980329409882299 0.009570287108613261 0.024910747322419678 0.03266097982939489 0.010010300309009273 0.004180125403762113 0.027240817224516743 0.005620168605058153 0.0332409972299169 0.011210336310089304 0.0013500405012150368 0.007820234607038214 0.018110543316299493 0.0183905517165515 
0.025289747102528973 0.030659693403065968 0.022179778202217976 0.022739772602273976 0.030309696903030967 0.02901970980290197 0.020709792902070978 0.010589894101058988 0.006439935600643994 0.01121988780112199 0.027979720202797972 0.012479875201247987 0.011599884001159987 0.013879861201387985 0.02818971810281897 0.016949830501694983 0.00962990370096299 0.020209797902020977 0.009049909500904991 0.014019859801401984 0.019199808001919977 0.007649923500764991 0.007169928300716993 0.008539914600853992 0.016489835101648982 0.0008099919000809991 0.00901990980090199 0.021379786202137978 0.02883971160288397 0.0014199858001419986 0.03137968620313796 0.02674973250267497 0.029409705902940966 0.001969980300196998 0.027309726902730973 0.031159688403115966 0.017759822401775982 0.013759862401375986 0.01822981770182298 0.0051399486005139945 5.9999400005999934e-05 0.02634973650263497 0.024699753002469974 0.015919840801591985 0.01841981580184198 0.005319946800531995 0.023569764302356976 0.017829821701782978 0.015489845101548983 0.03138968610313897 0.0005299947000529994 0.012039879601203987 0.014389856101438985 0.03220967790322097 0.02924970750292497 0.007079929200707993 0.02891971080289197 
0.02957970420295796 0.009169908300916987 0.029609703902960964 0.00818991810081899 0.00732992670073299 0.019789802101978973 0.025599744002559967 0.001559984400155998 0.02490975090249097 0.025899741002589967 0.009629903700962988 0.009399906000939989 0.030869691303086963 0.001459985400145998 0.013229867701322983 0.021009789902100975 0.03337966620333796 0.032359676403235955 0.028359716402835963 0.01887981120188798 0.027989720102798966 0.013519864801351983 0.012759872401275985 0.03220967790322096 0.013479865201347984 0.01558984410155898 0.004619953800461994 0.01474985250147498 0.009459905400945988 0.007169928300716991 0.024529754702452968 0.020909790902090976 0.013689863101368983 0.02171978280217197 0.007679923200767991 0.003859961400385995 0.02550974490255097 0.029809701902980962 0.0028799712002879965 0.015959840401595978 0.02248977510224897 0.02453975460245397 0.0011599884001159985 0.030789692103078962 0.021599784002159974 0.01817981820181798 0.025899741002589967 0.005499945000549992 0.02401975980240197 0.023439765602343968 0.015139848601513982 0.012489875101248984 0.004039959600403995 0.0024099759002409967 0.026279737202627967 0.03067969320306796 0.013029869701302984 
0.012469501219951202 0.035858565657373706 0.017529298828046876 0.024429022839086437 0.0077996880124795 0.0019299228030878765 0.029008839646414143 0.02858885644574217 0.03221871125154994 0.01652933882644694 0.014269429222831085 0.02076916923323067 0.005579776808927643 0.022839086436542536 0.027398904043838247 0.03392864285428583 0.02516899324027039 0.001639934402623895 0.019719211231550737 0.017859285628574858 0.02517899284028639 0.004649814007439702 0.007079716811327547 0.025318987240510377 0.0064197432102715895 0.011339546418143272 0.009019639214431423 0.012129514819407224 0.028448862045518178 0.03418863245470181 0.009079636814527418 0.025798968041278347 0.016889324427022918 0.013199472021119155 0.01358945642174313 0.016319347226110958 0.033018679252829884 0.03254869805207792 0.006999720011199552 0.00016999320027198913 0.022299108035678573 0.02375904963801448 0.011999520019199232 0.022059117635294587 0.006379744810207592 0.0024099036038558457 0.014269429222831085 0.001529938802447902 0.00593976240950362 0.0093696252149914 0.02853885844566217 0.028528858845646172 0.03496860125594976 0.0030498780048798047 0.004869805207791688 0.021359145634174632 0.031748730050797966 
0.006690133802676054 0.012710254205084105 0.017200344006880138 3.0000600012000243e-05 0.016560331206624132 0.012030240604812099 0.020020400408008163 0.0018200364007280147 0.030060601212024245 0.007040140802816058 0.012400248004960101 0.031250625012500255 0.006720134402688055 0.02692053841076822 0.002560051201024021 0.0031500630012600258 0.025450509010180207 0.01609032180643613 0.028630572611452233 0.03197063941278826 0.010800216004320089 0.003090061801236025 0.020120402408048164 0.0042900858017160355 0.00020000400008000164 0.015480309606192127 0.010100202004040082 0.03217064341286826 0.023180463609272187 0.023380467609352192 0.025450509010180207 0.013830276605532113 0.025350507010140206 0.0019200384007680156 0.009650193003860079 0.02323046460929219 0.017950359007180148 0.017600352007040142 0.02941058821176424 0.002340046800936019 0.03193063861277226 0.030520610412208247 0.023990479809596198 0.03306066121322427 0.0074201484029680605 0.035010700214004285 0.035920718414368294 0.026020520410408213 0.030900618012360253 0.03389067781355628 0.025210504210084205 0.025200504010080206 0.0010800216004320088 0.00852017040340807 0.0024400488009760197 0.007490149802996061 0.022540450809016184 
0.029 0.02148 0.03232 0.0109 0.01572 0.00336 0.0275 0.01953 0.00144 0.01275 0.02123 0.02453 0.0078 0.01274 0.00824 0.02361 0.02941 0.0102 0.00087 0.0057 0.03264 0.01171 0.03204 0.02424 0.02219 0.02919 0.01133 0.01212 0.00923 0.03155 0.02772 0.022 0.00436 0.0143 0.00092 0.02809 0.01608 0.00662 0.03006 0.00369 0.01551 0.02929 0.0188 0.01919 0.01926 0.00214 0.03242 0.02737 0.02764 0.00631 0.01885 0.01539 0.01746 0.01467 0.00534 0.0285 0.01345 
0.015450154501545016 0.00893008930089301 0.025330253302533027 0.021940219402194025 0.006940069400694008 0.038620386203862045 0.023590235902359025 0.030620306203062032 0.024430244302443026 0.006140061400614006 0.0074200742007420085 0.01785017850178502 0.006740067400674008 0.0016800168001680018 0.002560025600256003 0.005420054200542006 0.021220212202122023 0.03504035040350404 0.009520095200952011 0.03170031700317003 0.016460164601646017 0.00833008330083301 0.015440154401544018 0.022660226602266024 0.02079020790207902 0.033020330203302035 0.006260062600626007 0.027900279002790032 0.008320083200832008 0.010670106701067012 0.01855018550185502 0.011170111701117012 0.012500125001250015 0.0034900349003490036 0.014220142201422014 0.027120271202712026 0.023070230702307026 0.004500045000450005 0.0031500315003150036 0.009820098200982012 0.015950159501595017 0.024700247002470026 0.021970219702197022 0.014000140001400015 0.01833018330183302 0.026200262002620028 0.029590295902959033 0.024600246002460028 0.03715037150371504 0.030600306003060032 0.0006000060000600005 0.01633016330163302 0.021440214402144022 0.012750127501275013 0.02762027620276203 0.006710067100671007 0.03287032870328704 
0.013459057865949383 0.010739248252622315 0.013319067665263432 0.017668763186576942 0.01774875758696891 0.029217954743167976 0.024968252222344434 0.019468637195396325 0.017928744987850853 0.026108172427930045 0.017218794684372093 0.00984931054826162 0.027608067435279528 0.02877798554101213 0.011409201355905086 0.013509054366194366 0.027528073034887555 0.004289699721019529 0.015968882178247525 0.016578839481236313 0.01570890037697361 0.009579329446938714 0.023428360014798963 0.02599818012739108 0.012019158658893877 0.018548701590888637 0.0021798474106812524 0.012229143959922804 0.010009299349045566 0.020138590298679093 0.02314837961342706 0.02728808983371164 0.025198236123471357 0.0018998670093093484 0.015068945173837832 0.012199146059775815 0.026768126231163817 0.002889797714160009 0.009379343445958782 0.024918255722099453 0.0276880618356715 0.018818682692211545 0.01725879188456808 0.015238933274670774 0.002719809613327067 0.01576889617726759 0.023708340416170866 0.022298439109262352 0.03011789174757767 0.010559260851740379 0.01979861409701321 0.022918395712300137 0.0029697921145519814 0.013669043166978312 0.024788264821462496 0.019718619696621236 0.02999790014698971 
0.03090092702781084 0.00963028890866726 0.027750832524975753 0.007500225006750203 0.013430402912087363 0.009550286508595258 0.0052201566046981415 0.008760262807884238 0.027380821424642744 0.03035091052731582 0.010280308409252278 0.013010390311709353 0.015070452113563408 0.003290098702961089 0.018360550816524497 0.0015000450013500407 0.004680140404212127 0.02820084602538076 0.01256037681130434 0.02798083942518276 0.032610978329349886 0.004210126303789114 0.02100063001890057 0.030460913827414827 0.028230846925407765 0.021190635719071576 0.020530615918477556 0.02096062881886457 0.001690050701521046 0.02294068822064662 0.028230846925407765 0.030740922227666834 0.004990149704491135 0.01078032340970229 0.013850415512465375 0.028810864325929778 0.021210636319089576 0.022610678320349614 0.030100903027090814 0.01067032010960329 0.009540286208586258 0.018420552616578496 0.014800444013320401 0.01890056701701051 0.014570437113113394 0.02801084032520976 0.02689080672420173 0.011680350410512316 0.002680080402412073 0.027780833425002753 0.031100933027990843 0.013440403212096365 0.011260337810134304 0.014350430512915388 0.005640169205076153 0.019650589517685533 0.02005060151804554 
0.004029838806447742 0.024489020439182434 0.02213911443542258 0.013849446022159113 0.001279948802047918 0.03135874565017399 0.017109315627374905 0.010549578016879325 0.0093696252149914 0.000719971201151954 0.001749930002799888 0.0052497900083996645 0.022999080036798528 0.009299628014879404 0.031178752849886002 0.004599816007359705 0.03575856965721371 0.03487860485580577 0.027518899244030236 0.00390984360625575 0.006619735210591576 0.011199552017919282 0.006029758809647613 0.008539658413663455 0.03091876324947002 0.0029298828046878124 0.029618815247390105 0.01885924563017479 0.002329906803727851 0.011419543218271268 0.011119555217791288 0.029908803647854084 0.017529298828046876 0.015059397624095036 0.03136874525018999 0.025228990840366384 0.02247910083596656 0.031678732850685974 0.016649334026638936 0.02125914963401464 0.004899804007839686 0.035668573257069715 0.011339546418143272 0.023069077236910523 0.02375904963801448 0.022239110435582576 0.009709611615535378 0.013169473221071155 0.031948722051117956 0.03469861205551778 0.02888884444622215 0.013369465221391144 0.012129514819407224 0.007429702811887524 0.012009519619215231 0.027848886044558218 0.025038998440062396 
0.03072 0.01495 0.02727 0.01589 0.02479 0.013 0.02638 0.0315 0.02159 0.01095 0.02241 0.02963 0.02682 0.00573 0.00146 0.01915 0.006 0.00192 0.00225 0.03055 0.00776 0.03158 0.00221 0.00991 0.02841 0.0162 0.00023 0.0242 0.02381 0.00494 0.00732 0.01931 0.02709 0.03152 0.01126 0.02654 0.0032 0.01386 0.00546 0.02558 0.01009 0.01334 0.03234 0.02972 0.0176 0.00551 0.02808 0.01658 0.01556 0.02054 0.03209 0.01584 0.00812 0.02859 0.02001 0.01623 0.00641 
0.01620983790162098 0.030609693903060967 0.024309756902430972 0.011949880501194988 0.026669733302666972 0.008239917600823992 0.011359886401135989 0.01594984050159498 0.024199758002419972 0.030399696003039968 0.03096969030309697 0.027229727702722972 0.020899791002089975 0.014979850201497984 0.012189878101218986 0.010959890401095988 0.002839971600283997 0.022059779402205975 0.012739872601273987 0.02739972600273997 0.0020699793002069977 0.01980980190198098 0.023079769202307976 0.023369766302336975 0.021409785902140977 0.018099819001809982 0.007539924600753992 0.015889841101588986 0.022579774202257975 0.026329736702632972 0.02620973790262097 0.010649893501064989 0.02758972410275897 0.004919950800491995 0.01762982370176298 0.029329706702932966 0.02898971010289897 0.012259877401225987 0.003729962700372996 0.03070969290307097 0.030669693303066965 0.015229847701522985 0.014459855401445985 0.030489695103048966 0.01059989400105999 0.023389766102338977 0.010139898601013988 0.00896991030089699 0.0072599274007259925 0.019839801601983977 0.01936980630193698 0.0022099779002209977 0.011719882801171987 0.004029959700402996 0.00935990640093599 0.0066699333006669925 0.021229787702122978 
0.0015599376024959003 0.00719971201151954 0.03271869125234991 0.016579336826526944 0.021259149634014644 0.02444902203911844 0.02928882844686213 0.016219351225950963 0.012169513219471224 0.009889604415823369 0.014689412423503063 0.029228830846766134 0.0075496980120795185 0.00043998240070397196 0.008919643214271432 0.02603895844166234 0.0172193112275509 0.005389784408623656 0.02541898324067038 0.010079596816127356 0.016959321627134916 0.00024999000039998404 0.025408983640654376 0.013979440822367108 0.02758889644414224 0.030018799248030085 0.007749690012399505 0.016009359625614977 0.018619255229790813 0.01748930042798288 0.027558897644094242 0.00926962921483141 0.0281988720451182 0.009339626414943403 0.03273869045238191 0.023449062037518502 0.015399384024639019 0.008189672413103477 0.0023699052037918487 0.012309507619695214 0.024179032838686457 0.019429222831086758 0.0017899284028638858 0.031388744450221995 0.011289548418063278 0.032908683652653904 0.028108875644974204 0.01815927362905484 0.029078836846526145 0.0012399504019839208 0.020679172833086682 0.013719451221951125 0.031438742450301996 0.023239070437182516 0.026438942442302313 0.005219791208351666 0.022489100435982564 
0.028029439411211776 0.026449471010579793 0.009709805803883923 0.005259894802103958 0.01514969700605988 0.00015999680006399875 0.020959580808383834 0.009029819403611928 0.018299634007319855 0.03320933581328374 0.024369512609747807 0.01519969600607988 0.025999480010399794 0.0011999760004799903 0.022619547609047823 0.021579568408631827 0.008599828003439933 0.024949501009979804 0.007209855802883944 0.0018099638007239858 0.018029639407211858 0.009849803003939922 0.0005799884002319954 0.004089918201635967 0.005439891202175957 0.01384972300553989 0.03145937081258375 0.006709865802683947 0.03418931621367573 0.01661966760664787 0.013159736805263895 0.019469610607787846 0.0067698646027079465 0.018319633607327853 0.0005399892002159957 0.007869842603147938 0.0006099878002439952 0.03150936981260376 0.0055498890022199565 0.03266934661306774 0.011509769804603909 0.029939401211975764 0.030689386212275755 0.0051998960020799585 0.03482930341393172 0.008499830003399933 0.029569408611827764 0.014929701405971883 0.025799484010319795 0.023349533009339816 0.02247955040899182 0.026229475410491792 0.03032939341213176 0.019499610007799845 0.034769304613907724 0.028659426811463776 0.02663946721065579 
0.005750115002300048 0.018410368207364153 0.020670413408268175 0.027840556811136234 0.005640112802256047 0.01698033960679214 0.0239604792095842 0.009290185803716077 0.01666033320666414 0.024890497809956207 0.014280285605712118 0.029630592611852247 0.01899037980759616 0.02147042940858818 0.02851057021140424 0.00470009400188004 0.01909038180763616 0.004120082401648035 0.01816036320726415 0.01772035440708815 0.02277045540910819 0.009890197803956082 0.026920538410768226 0.0026400528010560222 0.012480249604992104 0.019360387207744162 0.019840396807936166 0.021880437608752183 0.02493049860997221 0.022690453809076187 0.026590531810636222 0.019820396407928167 0.027730554611092233 0.014500290005800122 0.02749054981099623 0.023510470209404197 0.005680113602272048 0.004690093801876039 0.025930518610372218 0.02501050021000421 0.002290045800916019 0.021010420208404178 0.011470229404588096 0.011100222004440094 0.005750115002300048 0.026850537010740222 0.010330206604132086 0.01321026420528411 0.016300326006520136 0.0028100562011240233 0.023530470609412196 0.022650453009060188 0.023550471009420197 0.023650473009460198 0.017820356407128146 0.018770375407508155 0.01778035560711215 
0.027729445411091777 0.0036499270014599705 0.018249635007299852 0.015479690406191874 0.023119537609247814 0.028889422211555764 0.01848963020739585 0.015559688806223873 0.021459570808583826 0.018309633807323852 0.03121937561248775 0.030989380212395747 0.03148937021259574 0.015509689806203873 0.02100957980840383 0.003199936001279974 0.025319493610127794 0.0245995080098398 0.032729345413091734 0.011279774404511908 0.027449451010979776 0.027319453610927778 0.010539789204215916 0.03315933681326373 0.03455930881382372 0.021589568208635827 0.017989640207195852 0.012749745005099896 0.0016799664006719864 0.00242995140097198 0.007199856002879941 0.025459490810183793 0.03180936381272374 0.0035799284014319706 0.000849983000339993 0.018019639607207854 0.03112937741245175 0.0002699946001079978 0.009199816003679926 0.004249915001699966 0.01114977700445991 0.02569948601027979 0.004219915601687965 0.022979540409191812 0.016579668406631866 0.004379912401751965 0.0006599868002639946 0.02115957680846383 0.033779324413511724 0.001449971000579988 0.03410931781364372 0.025119497610047795 0.004049919001619967 0.019269614607707843 0.004679906401871962 0.014469710605787882 0.016729665406691862 
0.013770137701377017 0.0048200482004820055 0.01843018430184302 0.03593035930359304 0.028060280602806038 0.00789007890078901 0.02139021390213903 0.03470034700347004 0.013790137901379017 0.007980079800798009 0.031420314203142036 0.00776007760077601 0.021350213502135028 0.0009500095000950012 0.018030180301803023 0.003830038300383005 0.01524015240152402 0.018720187201872025 0.004570045700457006 0.026840268402684032 0.01588015880158802 0.009180091800918012 0.03684036840368404 0.0013000130001300015 0.03364033640336404 0.009090090900909013 0.03661036610366104 0.00808008080080801 0.004220042200422006 0.02143021430214303 0.0020000200002000027 0.010540105401054014 0.03672036720367205 0.00894008940089401 0.012590125901259016 0.019340193401934023 0.02908029080290804 0.020400204002040026 0.021610216102161028 0.009790097900979013 0.035550355503555044 0.01537015370153702 0.029410294102941038 0.014230142301423018 0.02221022210222103 0.020690206902069026 0.008010080100801011 0.005000050000500007 0.021070210702107024 0.03392033920339204 0.001580015800158002 0.025560255602556033 0.028310283102831034 0.0013500135001350017 0.028380283802838035 0.009870098700987012 0.01673016730167302 
0.026800536010720213 0.023580471609432187 0.022080441608832175 0.0251105022100442 0.010960219204384086 0.01404028080561611 0.002370047400948019 0.001530030600612012 0.015450309006180123 0.006630132602652052 0.017490349806996135 0.03203064061281226 0.02129042580851617 0.018320366407328145 0.02775055501110022 0.03034060681213624 0.021870437408748174 0.002280045600912018 0.0001400028000560011 0.0254905098101962 0.015090301806036118 0.0037200744014880298 0.0003300066001320026 0.018550371007420147 0.004320086401728034 0.03142062841256824 0.026610532210644213 0.029420588411768235 0.02603052061041221 0.024860497209944196 0.030430608612172238 0.016740334806696133 0.016050321006420124 0.022110442208844176 0.02320046400928018 0.01787035740714814 0.009340186803736073 0.007270145402908058 0.030800616012320245 0.019280385607712152 0.013680273605472108 0.0251805036100722 0.006450129002580051 0.0034100682013640266 0.005870117402348047 0.013630272605452107 0.026980539610792213 0.028040560811216222 0.009490189803796074 0.026420528410568207 0.00038000760015200304 0.00751015020300406 0.004890097801956039 0.03201064021280425 0.02117042340846817 0.026730534610692212 0.02915058301166023 
0.006500130002600051 0.03322066441328826 0.012490249804996098 0.024720494409888195 0.034610692213844274 0.014860297205944117 0.02385047700954019 0.03273065461309226 0.012010240204804094 0.02129042580851617 0.015230304606092121 0.03198063961279225 0.02643052861057221 0.02796055921118422 0.001530030600612012 0.01510030200604012 0.005470109402188043 0.03233064661293225 0.02081041620832416 0.0040800816016320325 0.027390547810956217 0.0023500470009400185 0.028630572611452226 0.012300246004920098 0.02165043300866017 0.02301046020920418 0.02412048240964819 0.019660393207864155 0.004520090401808036 0.021620432408648173 0.03181063621272425 0.0023300466009320187 0.00639012780255605 0.02044040880817616 0.025580511610232202 0.011190223804476089 0.020540410808216163 0.0127202544050881 0.03076061521230424 0.032450649012980254 0.011480229604592091 0.0037400748014960296 0.019810396207924158 0.020730414608292162 0.03136062721254425 0.023660473209464187 0.00637012740254805 0.0004200084001680033 0.002990059801196024 0.025950519010380205 0.001540030800616012 0.004920098401968039 0.009680193603872076 0.008490169803396067 0.011060221204424087 0.03214064281285626 0.008980179603592072 
0.006339999999999998 0.03593999999999999 0.028469999999999992 0.028939999999999994 0.014209999999999997 0.010799999999999999 0.022329999999999996 0.018719999999999997 0.024369999999999992 0.012809999999999997 0.027039999999999995 0.006919999999999998 0.0018199999999999996 0.03234999999999999 0.030579999999999993 0.007419999999999999 0.005529999999999999 0.025539999999999993 0.035489999999999994 0.022049999999999997 0.008039999999999999 0.03353999999999999 0.005019999999999999 0.006859999999999998 0.003979999999999999 0.006569999999999999 0.026999999999999993 0.023749999999999993 0.0014299999999999998 0.024609999999999993 0.014279999999999996 0.016529999999999996 0.027919999999999993 0.03735999999999999 0.008679999999999998 0.02481999999999999 0.006239999999999998 0.007159999999999998 0.009109999999999998 0.013569999999999997 0.008849999999999998 0.0013599999999999999 0.010089999999999998 0.004649999999999999 0.017919999999999995 0.024869999999999993 0.014219999999999997 0.004339999999999999 0.028419999999999994 0.017929999999999998 0.024299999999999992 0.03695999999999999 0.026889999999999994 0.018999999999999996 0.0015899999999999996 0.03226999999999999 0.022199999999999998 
0.02690053801076022 0.02601052021040421 0.006930138602772057 0.025050501010020203 0.013960279205584113 0.004670093401868037 0.00737014740294806 0.02846056921138423 0.025020500410008206 0.021730434608692176 0.00979019580391608 0.0123302466049321 0.02322046440928819 0.02946058921178424 0.018110362207244147 0.011620232404648094 0.02793055861117223 0.01818036360727215 0.013020260405208105 0.022770455409108183 0.009310186203724076 0.01582031640632813 0.0009300186003720077 0.010950219004380089 0.0060801216024320495 0.02817056341126823 0.015030300606012122 0.01715034300686014 0.031230624612492253 0.007410148202964061 0.0245904918098362 0.006280125602512051 0.025640512810256207 0.009120182403648074 0.022600452009040182 0.020090401808036163 0.02565051301026021 0.021380427608552174 0.012820256405128103 0.02681053621072422 0.026170523410468213 0.013390267805356109 0.005700114002280047 0.013630272605452111 0.020720414408288167 0.012110242204844099 0.0016100322006440133 0.027480549610992226 0.01837036740734815 0.004660093201864038 0.006030120602412049 0.01125022500450009 0.012810256205124104 0.022670453409068182 0.030440608812176247 0.031720634412688256 0.031630632612652254 
0.025260000000000005 0.031200000000000002 0.019370000000000002 0.0009100000000000001 0.005680000000000001 0.029750000000000002 0.010040000000000002 0.013080000000000001 0.009390000000000003 0.03373000000000001 0.008030000000000002 0.004720000000000001 0.029490000000000002 0.011690000000000002 0.012330000000000002 0.005280000000000001 0.012030000000000002 0.031050000000000005 0.03137000000000001 0.019980000000000005 0.028210000000000002 0.010810000000000002 0.03304000000000001 0.019420000000000003 0.03262000000000001 0.022490000000000003 0.0064600000000000005 0.008950000000000001 0.031650000000000005 0.031790000000000006 0.004960000000000001 0.013310000000000002 0.0018800000000000002 0.023940000000000003 0.029240000000000002 0.030420000000000003 0.028530000000000003 1.0000000000000003e-05 0.009430000000000001 0.012680000000000002 0.03375000000000001 0.019040000000000005 0.014220000000000002 0.020110000000000003 0.010080000000000002 0.0020800000000000003 0.014500000000000002 0.0030900000000000003 0.03162000000000001 0.008360000000000001 0.017530000000000004 0.023500000000000004 0.012980000000000002 0.010900000000000002 0.008060000000000001 0.032400000000000005 0.013560000000000001 
0.03379000000000001 0.03028000000000001 0.007390000000000002 0.017150000000000002 0.016510000000000004 0.010020000000000001 0.03620000000000001 0.005450000000000001 0.0025000000000000005 0.033580000000000006 0.008630000000000002 0.011150000000000002 0.03379000000000001 0.013690000000000004 0.029130000000000007 0.027220000000000008 0.022180000000000002 0.014930000000000004 0.019200000000000002 0.003930000000000001 0.02908000000000001 0.025090000000000008 0.0003900000000000001 0.028560000000000006 0.029810000000000007 0.017580000000000002 0.013710000000000003 0.009570000000000002 0.023910000000000008 0.015660000000000004 0.028260000000000007 0.021640000000000003 0.0006200000000000001 0.027390000000000008 0.0023100000000000004 0.02449000000000001 0.021320000000000002 0.0021600000000000005 0.026160000000000006 0.014540000000000004 0.010750000000000001 0.020280000000000003 0.011090000000000001 0.025700000000000008 0.0024500000000000004 0.0065200000000000015 0.008350000000000002 0.034620000000000005 0.024450000000000006 0.017750000000000002 0.034260000000000006 0.015650000000000004 0.010370000000000002 0.0025900000000000003 0.0007400000000000002 0.023680000000000007 0.011780000000000004 
0.027049459010819787 0.02671946561068779 0.014069718605627888 0.0252594948101038 0.030869382612347757 0.0032499350012999743 0.024609507809843806 0.008459830803383934 0.00509989800203996 0.025629487410251797 0.03045939081218376 0.03162936741265175 0.021809563808723828 0.0035399292014159723 0.022459550808983823 0.031619367612647754 0.02385952280954381 0.013859722805543892 0.008579828403431933 0.030939381212375754 0.005209895802083959 0.00629987400251995 0.02409951800963981 0.017089658206835865 0.013129737405251895 0.00763984720305594 0.02413951720965581 0.03155936881262375 0.02912941741165177 0.0026899462010759787 0.031449371012579753 0.019829603407931842 0.029059418811623768 0.03202935941281175 0.006779864402711946 0.013969720605587889 0.005629887402251955 0.006489870202595949 0.023219535609287818 0.019999600007999843 0.0034399312013759726 0.0010999780004399913 0.029319413611727768 0.0040299194016119675 0.005429891402171957 0.031169376612467752 0.02656946861062779 0.0003199936001279975 0.014889702205955882 0.011019779604407913 0.0252894942101158 0.0033599328013439738 0.030119397612047762 0.030259394812103758 0.00500989980200396 0.004519909601807964 0.014939701205975882 
0.03412000000000001 0.031870000000000016 0.034990000000000014 0.017550000000000007 0.0008800000000000004 0.00038000000000000013 0.03122000000000001 0.023080000000000007 0.007360000000000003 0.022580000000000006 0.003410000000000001 0.024090000000000007 0.014800000000000006 0.018410000000000006 0.011060000000000004 0.02312000000000001 0.011640000000000003 0.014490000000000005 0.02705000000000001 0.004590000000000002 0.035290000000000016 0.014920000000000004 0.008650000000000003 0.02712000000000001 0.020440000000000007 0.005190000000000002 0.015770000000000006 0.02295000000000001 0.019790000000000006 0.012320000000000003 0.02631000000000001 0.012800000000000004 0.012340000000000004 0.025500000000000005 0.02440000000000001 0.018130000000000007 0.02845000000000001 0.035600000000000014 0.0024000000000000007 0.02593000000000001 0.011570000000000004 0.03213000000000001 0.002340000000000001 0.015210000000000005 0.019810000000000008 0.021440000000000008 0.022930000000000006 0.0010100000000000005 0.0027400000000000007 0.011420000000000003 0.014120000000000006 0.0006500000000000002 0.002640000000000001 0.029000000000000012 0.016860000000000007 0.02979000000000001 0.015350000000000006 
0.021179576408471828 0.009549809003819921 0.03280934381312373 0.011189776204475909 0.028769424611507766 0.00019999600007999837 0.0031599368012639743 0.0007799844003119937 0.00247995040099198 0.029009419811603765 0.02196956060878782 0.02926941461170776 0.005269894602107958 0.011809763804723903 0.009859802803943921 0.02995940081198376 0.028949421011579764 0.008829823403531927 0.03290934181316373 0.004299914001719965 0.020199596008079836 0.02109957800843983 0.004059918801623967 0.025189496210075796 0.02355952880942381 0.00994980100397992 0.027589448211035775 0.02365952680946381 0.017799644007119857 0.03090938181236375 0.009269814603707925 0.03203935921281574 0.0019999600007999836 0.0009299814003719925 0.013169736605267893 0.030929381412371747 0.026149477010459787 0.00867982640347193 0.004169916601667966 0.01952960940781184 0.03246935061298774 0.02684946301073978 0.02174956500869982 0.03261934761304774 0.027599448011039775 0.0050298994020119584 0.03213935721285574 0.008089838203235934 0.0025099498010039798 0.025129497410051795 0.023939521209575806 0.022719545609087816 0.02236955260894782 0.008179836403271933 0.00858982820343593 0.020019599608007838 0.006859862802743944 
0.021999560008799823 0.03338933221335574 0.003179936401271975 0.011139777204455912 0.03449931001379973 0.01517969640607188 0.012829743405131898 0.005139897202055959 0.027599448011039782 0.0034099318013639727 0.03409931801363973 0.032069358612827746 0.002279954400911982 0.014299714005719888 0.022189556208875826 0.0125997480050399 0.0005799884002319954 0.020239595208095842 0.01633967320653587 0.003239935201295974 0.01386972260554789 0.018389632207355854 0.019839603207935843 0.023349533009339816 0.030789384212315758 0.028579428411431775 0.007769844603107938 0.02151956960860783 0.01793964120717586 0.021939561208775826 0.017679646407071863 0.0126997460050799 0.013709725805483892 0.0126097478050439 0.02921941561168777 0.029499410011799766 0.006609867802643948 0.03451930961380773 0.02026959460810784 0.01883962320753585 0.003239935201295974 0.025649487010259795 0.023229535409291818 0.007829843403131939 0.01140977180456391 0.02177956440871183 0.019109617807643847 0.00012999740005199896 0.02600947981040379 0.02139957200855983 0.004039919201615968 0.01784964300713986 0.030919381612367756 0.028719425611487773 0.00125997480050399 0.001999960000799984 0.029479410411791765 
0.030529694703052977 0.02399976000239998 0.01146988530114699 0.020989790102098983 0.019499805001949984 0.001339986600133999 0.018259817401825983 0.030599694003059973 0.03496965030349697 0.02541974580254198 0.019689803101968984 0.02349976500234998 0.022399776002239982 0.005139948600513995 0.0062899371006289945 0.016089839101608987 0.020319796802031984 0.01245987540124599 0.022959770402295982 0.003329966700332997 0.03154968450315498 0.0016699833001669986 0.016809831901680984 0.006479935200647994 0.028799712002879976 0.0054499455005449955 0.026999730002699975 0.007039929600703995 0.01614983850161499 0.010079899201007991 0.004659953400465996 0.02598974010259898 0.020399796002039984 0.015039849601503986 0.005509944900550996 0.01261987380126199 0.021859781402185984 0.014999850001499986 0.019509804901950985 0.02186978130218698 0.008759912400875994 0.02263977360226398 0.015719842801571987 0.02113978860211398 0.004999950000499996 0.020739792602073984 0.004419955800441996 0.013889861101388987 0.028179718202817977 0.028189718102818975 0.02230977690223098 0.011349886501134991 0.009949900500994991 0.03394966050339497 0.026499735002649977 0.033089669103308975 0.01142988570114299 
0.028190000000000003 0.008800000000000002 0.018990000000000003 0.03291000000000001 0.013880000000000002 0.007510000000000001 0.029250000000000005 0.032130000000000006 0.011590000000000001 0.0010000000000000002 0.024150000000000005 0.013400000000000002 0.011050000000000003 0.011920000000000002 0.028600000000000004 0.0023400000000000005 0.012060000000000001 0.029480000000000003 0.016090000000000004 0.014330000000000002 0.03552000000000001 0.010810000000000002 0.004760000000000001 0.022400000000000003 0.028850000000000004 0.0030000000000000005 0.029450000000000004 0.009940000000000001 0.012690000000000002 0.009760000000000001 0.009130000000000001 0.0007100000000000001 0.026800000000000004 0.022450000000000005 0.026920000000000003 0.028340000000000004 0.027450000000000002 0.020950000000000003 0.019940000000000003 1.0000000000000003e-05 0.025750000000000002 0.03459000000000001 0.028880000000000003 0.03130000000000001 0.03203000000000001 0.035410000000000004 0.015820000000000004 0.020150000000000005 0.0016400000000000002 0.013180000000000002 0.0019700000000000004 0.013270000000000002 0.007750000000000001 0.013620000000000002 0.008950000000000001 0.0025900000000000003 0.015550000000000001 
0.03799848006079756 0.014349426022959081 0.013909443622255109 0.02064917403303868 0.0014799408023679053 0.016959321627134913 0.02137914483420663 0.004209831606735731 0.01153953841846326 0.017239310427582893 0.0296888124475021 0.01603935842566297 0.03209871605135794 0.02090916363345466 0.01217951281948722 0.03599856005759769 0.0017399304027838885 0.003329866805327787 0.007889684412623494 0.01658933642654294 0.005159793608255669 0.0001799928002879885 0.013689452421903125 0.01482940682372705 0.002109915603375865 0.00983960641574337 0.010589576416943322 0.028488860445582177 0.03027878884844606 0.030958761649534018 0.03771849126034958 0.027408903643854246 0.0327786888524459 0.025688972441102357 0.0066797328106875725 0.030478780848766047 0.03867845286188552 0.031748730050797966 0.00419983200671973 0.03352865885364585 0.004919803207871685 0.00872965081396744 0.017269309227630893 0.02527898884044638 0.010119595216191352 0.025988960441582335 0.0026098956041758327 0.002429902803887844 0.018199272029118835 0.03153873845046198 0.015399384024639015 0.01592936282548698 0.01965921363145474 0.029458821647134113 0.007709691612335506 0.006989720411183552 0.00655973761049558 
0.035419645803541976 0.0012599874001259993 0.005509944900550997 0.0068799312006879955 0.040799592004079975 0.03790962090379098 0.020509794902050987 0.024329756702432984 0.029589704102958983 0.010429895701042994 0.008969910300896994 0.0012999870001299992 0.02813971860281398 0.0006599934000659996 0.03124968750312498 0.024759752402475986 0.019319806801931988 0.028069719302806984 0.0017599824001759989 0.021049789502104985 0.021789782102178988 0.0005799942000579996 0.034799652003479974 0.024639753602463982 0.037369626303736976 0.010199898001019994 0.026319736802631985 0.004799952000479997 0.004279957200427997 0.0012999870001299992 0.0014199858001419992 0.02743972560274398 0.0036399636003639976 0.013019869801301992 0.0003499965000349998 0.001529984700152999 0.027869721302786983 0.01554984450155499 0.01854981450185499 0.006939930600693996 0.027579724202757984 0.018149818501814987 0.0003299967000329998 0.021289787102128987 0.013249867501324992 0.016469835301646987 0.02970970290297098 0.006319936800631996 0.01932980670193299 0.023859761402385986 0.0006899931000689995 0.03349966500334998 0.009779902200977995 0.03708962910370898 0.012719872801271993 0.03498965010349898 0.03463965360346397 
0.029329706702932973 0.021419785802141985 0.02309976900230998 0.018399816001839986 0.017419825801741985 0.007629923700762993 0.0038499615003849967 0.017379826201737985 0.02430975690243098 0.020479795202047985 0.0028299717002829975 0.019179808201917982 0.015339846601533987 0.022399776002239982 0.028839711602883976 0.006219937800621995 0.026849731502684975 0.02129978700212998 0.027629723702762975 0.02368976310236898 0.02365976340236598 0.002239977600223998 0.01118988810111899 0.016929830701692985 0.02368976310236898 0.01220987790122099 0.0021699783002169983 0.015299847001529986 0.018039819601803984 0.02002979970200298 0.02393976060239398 0.021029789702102984 0.028859711402885974 0.02328976710232898 0.019449805501944983 0.017889821101788984 0.022779772202277983 0.005939940600593995 0.017009829901700985 0.003489965100348997 0.01198988010119899 0.02551974480255198 0.02224977750222498 0.019669803301966982 0.01086989130108699 0.0035099649003509973 0.017979820201797985 0.01271987280127199 0.02564974350256498 0.003529964700352997 0.028969710302896974 0.019399806001939985 0.028189718102818975 0.015679843201567987 0.018649813501864985 0.02553974460255398 0.0031499685003149973 
0.020809791902080987 0.003929960700392998 0.013659863401365992 0.028399716002839984 0.022709772902270987 0.018409815901840987 0.02100978990210099 0.01512984870151299 0.007779922200777995 0.03116968830311698 0.026079739202607984 0.005149948500514997 0.028359716402835983 0.01474985250147499 0.01717982820171799 0.021519784802151987 0.021149788502114984 0.03004969950300498 0.020199798002019986 0.023099769002309985 0.013009869901300992 0.025599744002559984 1.9999800001999988e-05 0.030769692303076978 0.0018799812001879987 0.005079949200507997 0.019209807901920988 0.007859921400785995 0.001219987800121999 0.014769852301476991 0.014119858801411991 0.024669753302466985 0.01572984270157299 0.026869731302686984 0.010249897501024993 0.018819811801881987 0.004209957900420998 0.010539894601053994 0.022079779202207984 0.01795982040179599 0.0005599944000559996 0.014939850601493991 0.03020969790302098 0.011669883301166993 0.025039749602503984 0.020619793802061987 0.03136968630313698 0.02813971860281398 0.025149748502514984 0.01629983700162999 0.025049749502504985 0.027299727002729986 0.006709932900670995 0.01719982800171999 0.025779742202577983 0.01384986150138499 0.0048999510004899965 
0.007520075200752008 0.023190231902319024 0.021100211002110025 0.030730307303073034 0.013390133901339016 0.0025400254002540027 0.02844028440284403 0.024540245402454027 0.025230252302523026 0.002700027000270003 0.005740057400574006 0.006430064300643007 0.02749027490274903 0.012420124201242014 0.02860028600286003 0.015620156201562017 0.003650036500365004 0.027000270002700028 0.024700247002470026 0.003790037900379004 0.02520025200252003 0.03052030520305203 0.01877018770187702 0.029230292302923032 0.0070000700007000075 0.001840018400184002 0.012430124301243014 0.009210092100921009 0.031200312003120033 0.01996019960199602 0.003940039400394004 0.001860018600186002 0.01823018230182302 0.00976009760097601 0.023660236602366026 0.0023700237002370027 0.03125031250312503 0.022660226602266024 0.023750237502375024 0.02687026870268703 0.014370143701437016 0.021210212102121023 0.030640306403064033 0.033540335403354035 0.0035000350003500037 0.01780017800178002 0.02972029720297203 0.0022200222002220025 0.014390143901439015 0.032540325403254036 0.01992019920199202 0.01753017530175302 0.011570115701157013 0.0038600386003860045 0.015510155101551015 0.025430254302543028 0.021710217102171022 
0.0239104782095642 0.019940398807976167 0.012910258205164109 0.03332066641332829 0.0032200644012880275 0.03161063221264427 0.0005000100002000042 0.0005700114002280048 0.010230204604092087 0.006660133202664057 0.008430168603372071 0.018310366207324156 0.025730514610292216 0.026730534610692226 0.014300286005720121 0.023760475209504202 0.03093061861237226 0.024710494209884207 0.002500050001000021 0.02230044600892019 0.017240344806896145 0.01547030940618813 0.020880417608352176 0.015110302206044129 0.006250125002500054 0.0012600252005040107 0.0033700674013480286 0.015120302406048128 0.0060401208024160515 0.010990219804396092 0.01750035000700015 0.013360267205344114 0.03171063421268427 0.0018800376007520158 0.03328066561331228 0.023990479809596205 0.019270385407708163 0.015910318206364134 0.0005200104002080043 0.020880417608352176 0.016420328406568138 0.02223044460889219 0.015800316006320134 0.010990219804396092 0.02818056361127224 0.025840516810336216 0.009010180203604078 0.027920558411168236 0.032560651213024275 0.01669033380667614 0.025410508210164214 0.031350627012540266 0.014620292405848122 0.027400548010960233 0.030770615412308258 0.013960279205584118 0.020230404608092174 
0.005719828405147845 0.018069457916262507 0.003829885103446896 0.0016199514014579558 0.010459686209413717 0.009429717108486743 0.007679769606911791 0.03027909162725118 0.02247932562023139 0.005559833205003848 0.01286961391158265 0.008509744707658768 0.013369598912032637 0.006249812505624831 0.005119846404607861 0.028239152825415233 0.006509804705858823 0.03049908502744917 0.02166934991950241 0.010379688609341717 0.023469295921122364 0.011499655010349687 0.0220593382198534 0.03135905922822314 0.024349269521914338 0.0076397708068757925 0.024169274921752342 0.01546953591392258 0.020299391018269445 0.009209723708288748 0.01611951641450756 0.02541923742287731 0.024099277021689344 0.01727948161555153 0.02545923622291331 0.017049488515344536 0.025259242222733316 0.010239692809215722 0.016019519414417562 0.01278961631151065 0.021749347519574407 9.999700008999729e-06 0.031079067627971156 0.02270931872043838 0.029139125826225208 0.024469265922022334 0.02833914982550523 0.02840914772556823 0.0012599622011339657 0.03185904422867313 0.002279931602051938 0.012679619611411655 0.023579292621221357 0.024469265922022334 0.030829075127746162 0.025039248822535318 0.024299271021869337 
0.03151000000000002 0.014400000000000005 0.005120000000000002 0.020370000000000006 0.018580000000000006 0.016110000000000006 0.008850000000000004 0.01767000000000001 0.02916000000000001 0.034990000000000014 0.025920000000000006 0.00020000000000000006 0.02732000000000001 0.034540000000000015 0.0035100000000000014 0.03034000000000001 0.005450000000000002 0.0002300000000000001 0.0010600000000000004 0.026030000000000008 0.022690000000000005 0.016260000000000007 0.015830000000000007 0.021630000000000007 0.033160000000000016 0.008520000000000003 0.0066000000000000026 0.03288000000000001 0.02023000000000001 0.020760000000000008 0.0014500000000000003 0.017470000000000006 0.03021000000000001 0.02669000000000001 0.034130000000000014 0.019610000000000006 0.022070000000000006 0.025870000000000008 0.003220000000000001 0.02646000000000001 0.003190000000000001 0.031820000000000015 0.02867000000000001 0.025810000000000007 0.02116000000000001 0.025550000000000007 0.03060000000000001 0.024860000000000007 0.0033300000000000014 0.0038400000000000014 0.00013000000000000004 0.002630000000000001 0.02023000000000001 0.0006800000000000003 0.0005400000000000002 0.002340000000000001 0.017520000000000008 
0.019519999999999992 0.010749999999999994 0.015679999999999993 0.008859999999999996 0.02484999999999999 0.02628999999999999 0.010599999999999995 0.02476999999999999 0.008969999999999997 0.013309999999999995 0.02018999999999999 0.015379999999999993 0.03209999999999998 0.010609999999999994 0.02449999999999999 0.031429999999999986 0.011829999999999995 0.006729999999999997 0.018159999999999992 0.0038199999999999983 0.029079999999999988 0.015669999999999993 0.029979999999999986 0.029359999999999987 0.005739999999999998 0.02377999999999999 0.012569999999999994 0.016089999999999993 0.012909999999999994 0.009729999999999997 0.0011199999999999995 0.015229999999999994 0.02363999999999999 0.012809999999999995 0.014849999999999993 0.004959999999999997 0.011599999999999994 0.015009999999999994 0.025669999999999988 0.007459999999999996 0.02126999999999999 0.015429999999999992 0.029109999999999987 0.02562999999999999 0.030229999999999986 0.010919999999999994 0.015689999999999992 0.030749999999999986 0.018309999999999993 0.017949999999999994 0.02279999999999999 0.031189999999999985 0.003759999999999998 0.006909999999999997 0.019139999999999994 0.02622999999999999 0.019069999999999993 
0.013379732405351891 0.00870982580348393 0.012329753404931901 0.030619387612247754 0.008419831603367931 0.016039679206415868 0.02723945521089578 0.010409791804163916 0.03076938461230775 0.006709865802683945 0.015479690406191874 0.017899642007159853 0.025009499810003798 0.013309733805323892 0.02577948441031179 0.02285954280914381 0.031359372812543744 0.032259354812903734 0.017769644607107858 0.0035399292014159714 0.019909601807963837 0.03150936981260375 0.00977980440391192 0.004459910801783964 0.007629847403051938 0.01357972840543189 0.0069198616027679434 0.02099958000839983 0.03178936421271574 0.0010299794004119916 0.02841943161136777 0.019569608607827842 0.035079298414031714 0.02301953960920781 0.0036599268014639703 0.002839943201135977 0.015409691806163875 0.016729665406691862 0.017949641007179856 0.0035999280014399706 0.0017999640007199853 0.003969920601587967 0.027759444811103776 0.03026939461210775 0.02748945021099578 0.03495930081398371 0.006299874002519949 0.024729505409891796 0.024729505409891796 0.0025399492010159796 0.03219935601287974 0.014989700205995878 0.007969840603187934 0.025989480210395786 0.019149617007659846 0.0017699646007079857 0.02960940781184376 

emissions
0 1 1 1 1 1 1 1 1 1 1 1 1 1 1 1 1 1 1 1 1 1 1 1 1 1 1 1 1 1 1 1 1 1 1 1 1 1 1 1 1 1 1 1 1 1 1 1 1 1 1 1 1 1 1 1 1 
1 0 0 0 0 0 0 0 0 0 0 0 0 0 0 0 0 0 0 0 0 0 0 0 0 0 0 0 0 0 0 0 0 0 0 0 0 0 0 0 0 0 0 0 0 0 0 0 0 0 0 0 0 0 0 0 0 
