states
0 1 2 3 4 5 6 7 8 9 10 11 12 13 14 15 16 17 18 19 20 21 22 23 24 25 26 27 28 29 30 31 32 33 34 35 36 37 38 39 40 41 42 43 44 45 46 47 48 49 50 51 52 53 54 55 56 
labels
empty init 
initial
1.0 0.0 0.0 0.0 0.0 0.0 0.0 0.0 0.0 0.0 0.0 0.0 0.0 0.0 0.0 0.0 0.0 0.0 0.0 0.0 0.0 0.0 0.0 0.0 0.0 0.0 0.0 0.0 0.0 0.0 0.0 0.0 0.0 0.0 0.0 0.0 0.0 0.0 0.0 0.0 0.0 0.0 0.0 0.0 0.0 0.0 0.0 0.0 0.0 0.0 0.0 0.0 0.0 0.0 0.0 0.0 0.0
transitions
0.004620092401848038 0.03364067281345628 0.03206064121282426 0.009950199003980082 0.00247004940098802 0.005430108602172044 0.023000460009200186 0.026840536810736216 0.016720334406688134 0.024200484009680195 0.015340306806136125 0.023680473609472192 0.019590391807836158 0.028120562411248228 0.027010540210804217 0.0015500310006200126 0.03078061561231225 0.014260285205704116 0.006340126802536052 0.026490529810596214 0.011230224604492092 0.005850117002340048 0.0017400348006960142 0.007610152203044062 0.021530430608612174 0.015080301606032123 0.02093041860837217 0.011990239804796098 0.019060381207624155 0.015070301406028122 0.00041000820016400333 0.028910578211564238 0.0023600472009440193 0.016300326006520132 0.029350587011740238 0.025230504610092203 0.01820036400728015 0.01736034720694414 0.022810456209124187 0.0072001440028800585 0.004580091601832037 0.004930098601972041 0.02745054901098022 0.024250485009700198 0.030660613212264248 0.027380547610952224 0.017770355407108144 0.02112042240844817 0.004460089201784037 0.028740574811496236 0.030080601612032243 0.023070461409228187 0.005330106602132043 0.015190303806076125 0.0123502470049401 0.033050661013220274 0.019260385207704157 
0.035438936831895036 0.01252962411127666 0.011469655910322687 0.03350899473015809 0.00843974680759577 0.010059698209053726 0.03009909702708918 0.03088907332780016 0.03415897523074307 0.012759617211483653 0.01589952301430957 0.010029699109026728 0.0032999010029699104 0.005659830205093846 0.018959431217063484 0.011309660710178693 0.013449596512104634 0.02532924012279631 0.019159425217243477 0.03042908712738617 0.02350929472115836 0.010509684709458714 0.018919432417027485 0.03429897103086906 0.001539953801385958 0.022909312720618375 0.03267901962941111 0.0032999010029699104 0.009629711108666738 0.005979820605381838 0.03515894523164304 0.015319540413787584 0.005539833804985849 0.01947941561753147 0.006819795406137814 0.015129546113616587 0.01068967930962071 0.010809675709728706 0.0002499925002249932 0.03198904032879013 0.02824915252542423 0.02825915222543323 0.02906912792616221 0.023729288121356357 0.023679289621311356 0.024509264722058333 0.024439266821995334 0.015309540713778585 0.023639290821275357 0.003549893503194904 0.0037098887033388994 0.010259692209233721 0.004249872503824885 0.008099757007289779 0.006839794806155814 0.03279901602951911 0.022269331920042396 
0.02929941401171976 0.028639427211455765 0.0004299914001719965 0.005909881802363953 0.024659506809863802 0.014639707205855881 0.010399792004159915 0.029909401811963755 0.0021299574008519827 0.021849563008739824 0.0243795124097518 0.0015899682006359872 0.0022599548009039814 0.014179716405671885 0.010449791004179915 0.009549809003819921 0.0013099738005239894 0.008399832003359932 0.02952940941181176 0.027849443011139775 0.009939801203975918 0.03321933561328773 0.03340933181336373 0.016599668006639864 0.00485990280194396 0.01983960320793584 0.033629327413451725 0.005569888602227955 0.004379912401751965 0.012629747405051898 0.024089518209635806 0.02584948301033979 0.024149517009659806 0.01480970380592388 0.017919641607167854 0.028549429011419766 0.03372932541349173 0.006799864002719944 0.027499450010999776 0.009499810003799923 0.014859702805943878 0.03275934481310373 0.01725965480690386 0.0012899742005159894 0.025009499810003798 0.02690946181076378 0.013039739205215893 0.022619547609047816 0.00963980720385592 0.01619967600647987 0.02095958080838383 0.03095938081238375 0.03323933521329573 0.00871982560348793 0.0034799304013919717 0.03096938061238775 0.007749845003099937 
0.029049999999999986 0.02450999999999999 0.011669999999999995 0.0048699999999999985 0.018709999999999994 0.031789999999999985 0.013749999999999993 0.027989999999999987 0.02593999999999999 0.011649999999999995 0.02373999999999999 0.015629999999999995 0.013399999999999995 0.0037199999999999985 0.028049999999999985 0.027539999999999985 0.012949999999999995 0.004629999999999998 0.006569999999999998 0.02643999999999999 0.03150999999999999 0.02657999999999999 0.029219999999999986 0.008209999999999997 0.013089999999999994 0.030119999999999987 0.012589999999999995 0.002149999999999999 0.003049999999999999 0.018179999999999995 0.030319999999999986 0.017059999999999992 0.03254999999999999 0.02003999999999999 0.029019999999999987 0.02006999999999999 0.02035999999999999 4.999999999999998e-05 0.0034799999999999983 0.02334999999999999 0.027449999999999985 0.011309999999999995 0.028529999999999986 0.011609999999999995 0.0062999999999999974 0.02613999999999999 0.013259999999999994 0.0014499999999999992 0.0072399999999999964 0.016749999999999994 0.011189999999999995 0.005969999999999997 0.027799999999999984 0.015089999999999992 0.02314999999999999 0.0015799999999999994 0.03157999999999998 
0.025390253902539014 0.028710287102871015 0.004000040000400002 0.008040080400804004 0.013330133301333006 0.03323033230332302 2.0000200002000013e-05 0.014550145501455008 0.021770217702177012 0.022960229602296014 0.03461034610346102 0.025610256102561013 0.004440044400444002 0.02086020860208601 0.028010280102801013 0.027750277502775013 0.005410054100541003 0.00024000240002400013 0.027760277602776013 0.01670016700167001 0.034470344703447016 0.026660266602666013 0.024440244402444012 0.01544015440154401 0.02170021700217001 0.02002020020200201 0.02058020580205801 0.013610136101361008 0.006290062900629003 0.026960269602696017 0.02285022850228501 0.0024600246002460012 0.02275022750227501 0.007080070800708004 0.02217022170221701 0.031070310703107017 0.01864018640186401 0.007380073800738004 0.015270152701527009 0.028340283402834014 0.030050300503005015 0.023740237402374013 0.004440044400444002 0.02412024120241201 0.0005400054000540003 0.007510075100751004 0.007130071300713004 0.004300043000430002 0.03585035850358502 0.0030800308003080014 0.0001600016000160001 0.0006200062000620003 0.030780307803078014 0.02024020240202401 0.02358023580235801 0.013620136201362007 0.01866018660186601 
0.033240332403324024 0.017450174501745016 0.0030500305003050027 0.00021000210002100018 0.025610256102561024 0.002530025300253002 0.028460284602846022 0.030210302103021027 0.021360213602136018 0.0033200332003320027 0.031780317803178026 0.013180131801318011 0.015340153401534013 0.03268032680326803 0.019120191201912017 0.027040270402704025 0.0003000030000300002 0.023120231202312023 0.03397033970339703 0.024140241402414022 0.005970059700597005 0.01257012570125701 0.008780087800878007 0.005050050500505004 0.011790117901179011 0.007890078900789006 0.020520205202052017 0.018830188301883016 0.02348023480234802 0.016780167801678014 0.02271022710227102 0.031910319103191025 0.006310063100631005 0.011790117901179011 0.02220022200222002 0.006140061400614005 0.021290212902129017 0.027670276702767022 0.01142011420114201 0.015200152001520013 0.016260162601626015 0.013570135701357011 0.030280302803028028 0.006740067400674006 0.02544025440254402 0.010950109501095009 0.02557025570255702 0.020550205502055018 0.026270262702627025 0.020700207002070016 0.019170191701917017 0.014320143201432012 0.015250152501525012 0.02185021850218502 0.001160011600116001 0.030470304703047027 0.007030070300703006 
0.008540000000000002 0.023600000000000003 0.010170000000000002 0.018730000000000004 0.0025300000000000006 0.004300000000000001 0.027580000000000004 0.020840000000000004 0.028540000000000003 0.014370000000000003 0.014050000000000002 0.018270000000000005 0.026190000000000005 0.020020000000000003 0.013510000000000001 0.005560000000000001 0.027180000000000003 0.029830000000000002 0.018130000000000004 0.004870000000000001 0.029530000000000004 0.008580000000000003 0.03173000000000001 0.0034200000000000003 0.032540000000000006 0.021590000000000005 0.022970000000000004 0.03413000000000001 0.024820000000000002 0.031860000000000006 0.007990000000000002 0.021750000000000002 0.024470000000000002 0.028940000000000004 0.0021200000000000004 0.012940000000000002 0.006720000000000001 0.022640000000000004 0.018290000000000004 0.010160000000000002 0.023690000000000003 0.015500000000000002 0.018410000000000003 0.0026300000000000004 0.008820000000000001 0.024870000000000003 0.028890000000000002 0.0025700000000000002 0.00033000000000000005 0.008720000000000002 0.018660000000000003 0.027640000000000005 0.031000000000000003 0.007210000000000001 0.015180000000000003 0.00044000000000000007 0.03144000000000001 
0.01955019550195502 0.03058030580305803 0.017700177001770016 0.004630046300463004 0.017900179001790015 0.003310033100331003 0.024810248102481024 0.0036100361003610034 0.020280202802028018 0.03243032430324303 0.007290072900729007 0.03101031010310103 0.023460234602346024 0.006260062600626006 0.012480124801248011 0.0007800078000780007 0.013140131401314013 0.009760097600976009 0.003450034500345003 0.025580255802558023 0.028210282102821026 0.009680096800968008 0.014980149801498015 0.018110181101811017 0.016640166401664016 0.016930169301693016 0.03058030580305803 0.016950169501695016 0.03012030120301203 0.027140271402714026 0.013420134201342013 0.024170241702417022 0.002250022500225002 0.021140211402114018 0.01013010130101301 0.024440244402444022 0.024200242002420023 0.02379023790237902 0.00924009240092401 0.026890268902689026 0.018150181501815018 0.011420114201142011 0.026490264902649024 0.03228032280322803 0.015560155601556014 0.013300133001330011 8.000080000800008e-05 0.005710057100571006 0.02127021270212702 0.02050020500205002 0.008540085400854009 0.023100231002310023 0.01992019920199202 0.03240032400324003 0.009260092600926008 0.013790137901379014 0.03120031200312003 
0.030559083227503177 0.015289541313760587 0.011679649610511685 0.02304930852074438 0.013479595612131638 0.025809225723228302 0.029849104526864196 0.012119636410907674 0.008619741407757767 0.023079307620771376 0.01223963281101567 0.015219543413697589 0.01806945791626251 0.027039188824335272 0.03002909912702619 0.028079157625271245 0.014779556613301601 0.020529384118476445 0.017559473215803527 0.011599652010439686 0.017769466915992523 0.012939611811645652 0.01190964271071868 0.022339329820105395 0.026489205323840286 0.009739707808765737 0.0027699169024929253 0.022969310920672382 0.00629981100566983 0.015299541013769586 0.0007899763007109788 0.013519594412167636 0.03228903132906013 0.0016399508014759557 0.03301900942971711 0.030149095527134188 0.01998940031799046 0.02658920232393028 0.01450956471305861 0.018379448616541505 0.02192934211973641 0.002049938501844945 0.006789796306110817 0.004379868603941882 0.019179424617261482 0.025829225123246303 0.008959731208063757 0.03231903042908713 0.024529264122076337 0.024249272521824346 0.014759557213283602 0.026199214023579293 0.02049938501844945 0.010059698209053728 0.01445956621301361 0.01262962111136666 0.003099907002789916 
0.021839781602183975 0.014299857001429985 0.013569864301356985 0.0058399416005839935 0.003469965300346996 0.01041989580104199 0.03247967520324797 0.017849821501784983 0.02566974330256697 0.02843971560284397 0.016819831801681985 0.021859781402185977 0.020799792002079976 0.02698973010269897 0.0033099669003309965 0.02691973080269197 0.02669973300266997 0.026049739502604974 0.014929850701492985 0.007599924000759992 0.015219847801521982 0.006559934400655993 0.023829761702382976 0.011759882401175988 0.016479835201647985 0.025399746002539973 0.02858971410285897 0.017499825001749982 0.01643983560164398 0.03353966460335397 0.007949920500794991 0.02807971920280797 0.005899941000589994 0.014709852901470985 0.03390966090339097 0.02766972330276697 0.014289857101428985 0.005249947500524994 0.0008699913000869991 0.012639873601263986 0.019839801601983977 0.022809771902280975 0.024169758302416976 0.01812981870181298 0.03209967900320996 0.010999890001099988 0.024609753902460972 0.0011599884001159987 0.010559894401055989 0.020099799002009977 0.030359696403035968 0.007149928500714993 0.02895971040289597 0.008279917200827991 0.016689833101668983 0.0033299667003329966 0.00830991690083099 
0.0007099929000709996 0.03574964250357497 0.006779932200677996 0.024609753902460986 0.01589984100158999 0.025449745502544984 0.01637983620163799 0.0021699783002169988 0.019419805801941987 0.007589924100758995 0.028159718402815982 0.03185968140318598 0.012559874401255992 0.027049729502704983 0.00019999800001999988 0.007849921500784994 0.008969910300896994 0.01474985250147499 0.0010499895001049994 0.03178968210317898 0.004939950600493997 0.029759702402975985 0.01529984700152999 0.029779702202977983 0.01367986320136799 0.03030969690303098 0.006709932900670995 0.03004969950300498 0.007869921300786996 0.03432965670343298 0.006439935600643996 0.011599884001159992 0.029779702202977983 0.01416985830141699 0.031259687403125985 0.02600973990260098 0.02792972070279298 0.027089729102708984 0.01734982650173499 0.0004999950000499996 0.03150968490315098 0.004689953100468997 0.032819671803281984 0.021209787902120986 0.003599964000359998 0.020589794102058988 0.0007299927000729995 0.01768982310176899 0.012769872301276993 0.011809881901180992 0.014309856901430992 0.022789772102278987 0.018459815401845988 0.037819621803781976 0.007989920100798995 0.024539754602453983 0.0028199718002819983 
0.013639863601363988 0.02219977800221998 0.006029939700602995 0.006229937700622995 0.013919860801391988 0.030569694303056973 0.032279677203227976 0.018999810001899983 0.030009699903000973 0.018769812301876982 0.0008499915000849993 0.02618973810261898 0.023639763602363983 0.030189698103018976 0.01012989870101299 0.020899791002089982 0.01271987280127199 0.02305976940230598 0.02550974490255098 0.02344976550234498 0.025229747702522978 0.01248987510124899 0.02036979630203698 0.004509954900450996 0.03194968050319497 0.014669853301466989 0.024289757102428977 0.019889801101988985 0.026989730102698978 0.016439835601643984 0.015009849901500989 0.005349946500534995 0.0030899691003089974 0.006379936200637995 0.026539734602653978 0.020189798102018982 0.013539864601353988 0.016369836301636985 0.018359816401835986 0.02620973790262098 0.032409675903240974 0.0038899611003889965 0.009629903700962991 0.005109948900510996 0.009619903800961992 0.027519724802751975 0.0051599484005159955 0.005109948900510996 0.007389926100738993 0.025409745902540977 0.007859921400785994 0.010319896801031991 0.02501974980250198 0.031129688703112977 0.02554974450255498 0.0071499285007149945 0.024569754302456982 
0.015920159201592014 0.03072030720307203 0.025060250602506023 0.032730327303273035 0.017830178301783017 0.02996029960299603 0.02875028750287503 0.021450214502145022 0.016150161501615017 0.015390153901539014 0.008300083000830008 0.02221022210222102 0.008850088500885008 0.001060010600106001 0.03101031010310103 0.025490254902549022 0.01913019130191302 0.006840068400684006 0.01036010360103601 0.03101031010310103 0.006620066200662006 0.03036030360303603 0.02023020230202302 0.027750277502775027 0.03214032140321403 0.00963009630096301 0.024150241502415026 0.028340283402834027 0.019800198001980022 0.021170211702117022 0.027030270302703024 0.015730157301573015 0.013930139301393012 0.026430264302643024 0.00029000290002900025 0.01802018020180202 1.000010000100001e-05 0.003110031100311003 0.012240122401224011 0.000970009700097001 0.025370253702537024 0.011440114401144012 0.003140031400314003 0.008860088600886008 0.013120131201312012 0.014130141301413013 0.026160261602616024 0.02189021890218902 0.02181021810218102 0.03105031050310503 0.03280032800328003 0.026910269102691026 0.0001000010000100001 0.0025400254002540027 0.011280112801128011 0.01093010930109301 0.002290022900229002 
0.030160603212064246 0.00615012300246005 0.0245804916098322 0.03283065661313227 0.032580651613032266 0.02582051641032821 0.031770635412708255 0.009060181203624075 0.023170463409268188 0.00491009820196404 0.009590191803836077 0.018860377207544153 0.011590231804636093 0.012700254005080102 0.030080601612032243 0.026140522810456212 0.027580551611032223 0.00607012140242805 0.0023200464009280187 0.013080261605232107 0.016830336606732138 0.011510230204604094 0.025230504610092203 0.014480289605792118 0.03333066661333227 0.0007900158003160064 0.019090381807636156 0.016980339606792138 0.007350147002940059 0.02242044840896818 0.024370487409748197 0.00013000260005200105 0.031990639812796255 0.02554051081021621 0.020120402408048164 0.0248804976099522 0.021610432208644177 0.018540370807416152 0.0015000300006000123 0.006470129402588053 0.016410328206564136 0.026470529410588216 0.023560471209424193 0.0016300326006520132 0.01355027100542011 0.008580171603432071 0.027480549610992226 0.0011700234004680095 0.030310606212124246 0.017490349806996142 0.01104022080441609 0.013890277805556113 0.021650433008660173 0.005460109202184044 0.02070041400828017 0.01869037380747615 0.019700394007880158 
0.03387932241355174 0.03319933601327975 0.003989920201595969 0.01923961520769585 0.02876942461150778 0.03536929261414773 0.02046959060818784 0.03427931441371174 0.00645987080258395 0.03020939581208377 0.025769484610307803 0.025779484410311804 0.005039899202015962 0.013009739805203901 0.03003939921201577 0.014539709205815888 0.03221935561288775 0.0031599368012639757 0.029429411411771775 0.01034979300413992 0.01437971240575189 0.01414971700565989 0.008029839403211938 0.006149877002459953 0.026959460810783795 0.03610927781444372 0.0027599448011039786 0.034559308813823734 0.018759624807503854 0.03634927301453972 0.023779524409511817 0.01830963380732386 0.029079418411631777 0.004119917601647969 0.001059978800423992 0.002999940001199977 0.009689806203875927 0.00129997400051999 0.03331933361332775 0.018859622807543854 0.0021499570008599836 0.00658986820263595 0.013669726605467895 0.010179796404071921 0.012009759804803908 0.014699706005879887 0.004409911801763966 0.010909781804363916 0.020919581608367842 0.010809783804323916 0.005049899002019961 0.0020299594008119843 0.03225935481290375 0.015109697806043884 0.030919381612367763 0.0261194776104478 0.006239875202495952 
0.01260037801134034 0.008260247807434222 0.0014600438013140393 0.01928057841735252 0.019960598817964536 0.002390071702151065 0.030830924927747833 0.0010100303009090274 0.015020450613518406 0.013850415512465374 0.02113063391901757 0.03363100893026791 0.03004090122703681 0.021980659419782594 0.032640979229376886 0.022050661519845596 0.02930087902637079 0.027620828624858745 0.018700561016830507 0.024840745222356672 0.01675050251507545 0.017640529215876475 0.00039001170035101053 0.01645049351480544 0.03394101823054691 0.0008600258007740232 0.024840745222356672 0.026150784523535704 0.013560406812204365 0.005040151204536136 0.008010240307209216 0.019730591917757532 0.0003000090002700081 0.019820594617838534 0.018050541516245487 0.003810114303429103 0.010070302109063272 0.0022000660019800594 0.028170845125353762 0.013820414612438374 0.005120153604608138 0.026550796523895717 0.01556046681400442 0.035161054831644944 0.03513105393161795 0.02708081242437273 0.013800414012420372 0.004050121503645109 0.006020180605418163 0.02779083372501175 0.031130933928017843 0.02633078992369771 0.0332709981299439 0.0032000960028800863 0.0023700711021330642 0.029230876926307787 0.011990359710791324 
0.03067938641227175 0.023029539409211812 0.025289494210115795 0.03256934861302774 0.021549569008619825 0.016189676206475868 0.03256934861302774 0.0123697526049479 0.035269294614107716 9.999800003999919e-05 0.01107977840443191 0.024209515809683804 0.009439811203775924 0.03423931521369572 0.023919521609567805 0.004469910601787964 0.015479690406191874 0.009159816803663925 0.008849823003539928 0.026169476610467785 0.02124957500849983 0.02594948101037979 0.003089938201235975 0.024199516009679803 0.011989760204795903 0.013739725205495889 0.0121097578048439 0.014489710205795881 0.004529909401811963 0.010709785804283913 0.007639847203055938 0.004429911401771964 0.017009659806803863 0.005239895202095958 0.0017699646007079857 0.02375952480950381 0.010939781204375911 0.03158936821263574 0.016519669606607865 0.027419451610967777 0.033849323013539726 0.016949661006779863 0.026739465210695784 0.03412931741365172 0.018369632607347853 0.019119617607647847 0.0012699746005079898 0.0003299934001319973 0.013059738805223894 0.01350972980540389 0.02819943601127977 0.013799724005519888 0.024049519009619803 0.01725965480690386 0.0007999840003199935 0.03439931201375972 0.019159616807663843 
0.023909521809563808 0.006559868802623946 0.034149317013659725 0.008119837603247934 0.026809463810723782 0.003779924401511969 0.017099658006839862 0.013129737405251892 0.03189936201275974 0.01861962760744785 0.01866962660746785 0.028119437611247772 0.012429751404971899 0.027639447211055778 0.0123697526049479 0.026669466610667783 0.026449471010579786 0.03199936001279974 0.017659646807063854 0.012199756004879901 0.013289734205315892 0.022519549609007816 0.0018999620007599846 0.02693946121077578 0.027969440611187772 0.023089538209235812 0.02260954780904382 0.03520929581408371 0.003859922801543969 0.014739705205895879 0.00979980400391992 0.016289674206515867 0.0017399652006959859 0.008279834403311932 0.015409691806163875 0.03354932901341973 0.009099818003639926 0.016639667206655863 0.013899722005559886 0.029589408211835762 0.005189896202075958 0.015199696006079877 0.029689406211875758 0.02715945681086378 0.011649767004659906 0.0016899662006759865 0.0007199856002879941 0.017959640807183853 0.006419871602567948 0.020239595208095835 0.010929781404371912 0.001599968000639987 0.028019439611207772 0.013409731805363891 0.03126937461250774 0.020199596008079836 0.013949721005579887 
0.012160121601216014 0.024160241602416026 0.010120101201012012 0.01798017980179802 0.011750117501175012 0.01772017720177202 0.015260152601526016 0.012120121201212013 0.022000220002200022 0.004790047900479005 0.008020080200802008 5.000050000500005e-05 0.02957029570295703 0.025060250602506027 0.027450274502745026 0.03172031720317203 0.017410174101741015 0.004650046500465004 0.024200242002420026 0.0014700147001470015 0.023820238202382025 0.008780087800878009 0.00997009970099701 0.0038100381003810043 0.006750067500675007 0.03424034240342404 0.004480044800448005 0.013580135801358015 0.03156031560315603 0.03052030520305203 0.021690216902169025 0.0011800118001180013 0.00958009580095801 0.013330133301333013 0.003690036900369004 0.01960019600196002 0.03152031520315203 0.01829018290182902 0.029690296902969034 0.014270142701427015 0.00892008920089201 0.02552025520255203 0.019830198301983022 0.023540235402354025 0.02132021320213202 0.027590275902759028 0.02772027720277203 0.011750117501175012 0.011880118801188012 0.013550135501355014 0.021690216902169025 0.026240262402624028 0.014460144601446016 0.031050310503105034 0.017540175401754017 0.02670026700267003 0.022680226802268024 
0.031450943528305846 0.01833054991649749 0.028850865525965774 0.022450673520205605 0.030870926127783832 0.014390431712951386 0.010240307209216275 0.016570497114913447 0.021910657319719588 0.024810744322329666 0.029520885626568794 0.028510855325659768 0.01933057991739752 0.01452043561306839 0.009500285008550255 0.01198035941078232 0.002090062701881056 0.02201066031980959 0.0223306699200976 0.01080032400972029 0.0185405562166865 0.015930477914337427 0.022750682520475612 0.0031800954028620857 0.02761082832484974 0.012970389111673348 0.028850865525965774 0.021390641719251573 0.015740472214166423 0.011000330009900295 0.01744052321569647 0.021570647119413578 0.0008300249007470223 0.02197065911977359 0.017370521115633468 0.013520405612168364 0.016980509415282456 0.012690380711421341 0.022920687620628617 0.013500405012150362 0.015790473714211422 0.026610798323949716 0.01259037771133134 0.018440553216596496 0.029410882326469788 0.016500495014850444 0.02517075512265368 0.010940328209846294 0.004900147004410132 0.028340850225506763 0.01681050431512945 0.02944088322649679 0.012090362710881325 0.0007700231006930206 0.0032600978029340873 0.012820384611538345 0.008880266407992238 
0.011830118301183015 0.026910269102691033 0.018330183301833024 0.013070130701307017 0.004070040700407005 0.016850168501685022 0.013950139501395018 0.02245022450224503 0.020480204802048027 0.006170061700617008 0.008800088000880012 0.017660176601766022 0.03125031250312504 0.030100301003010036 0.0016700167001670021 0.020840208402084028 0.03013030130301304 0.013190131901319017 0.03032030320303204 0.016660166601666023 0.025570255702557033 0.006180061800618007 0.02314023140231403 0.020470204702047023 0.01620016200162002 0.029450294502945038 0.026200262002620035 0.013540135401354018 0.01515015150151502 0.010520105201052014 0.006060060600606008 0.030810308103081042 0.011490114901149016 0.002210022100221003 0.03061030610306104 0.02172021720217203 0.005180051800518007 0.0017100171001710022 0.032160321603216045 0.000850008500085001 0.03086030860308604 0.014380143801438018 0.017010170101701024 0.033470334703347045 0.02228022280222803 0.011450114501145015 0.027430274302743037 0.018130181301813025 0.003050030500305004 0.003190031900319004 0.00838008380083801 0.025430254302543035 0.02199021990219903 0.032390323903239045 0.018620186201862024 0.019510195101951025 0.008470084700847012 
0.009759902400975991 0.005219947800521995 0.014359856401435988 0.0017799822001779984 0.03185968140318597 0.009919900800991992 0.028769712302876976 0.016089839101608987 0.02333976660233398 0.028819711802881974 0.015179848201517987 0.021769782302176983 0.024549754502454977 0.0001199988000119999 0.013789862101378988 0.016839831601683987 0.008809911900880993 0.02356976430235698 0.032329676703232973 0.0070199298007019946 0.0029599704002959974 0.005099949000509996 0.005769942300576995 0.02147978520214798 0.019479805201947985 0.0074399256007439945 0.029179708202917976 0.022959770402295982 0.02327976720232798 0.02096979030209698 0.02696973030269698 0.016999830001699988 0.02199978000219998 0.023629763702362982 0.029009709902900978 0.008249917500824993 0.028769712302876976 0.01420985790142099 0.00024999750002499977 0.0024199758002419977 0.013639863601363988 0.008049919500804994 0.008859911400885993 0.016199838001619987 0.020509794902050984 0.007959920400795994 0.020449795502044982 0.013209867901320988 0.03110968890311097 0.02237977620223798 0.027529724702752976 0.029339706602933977 0.019979800201997983 0.025639743602563977 0.017799822001779986 0.027089729102708977 0.025229747702522978 
0.028079719202807978 0.03239967600323997 0.010499895001049992 0.010339896601033991 0.021419785802141985 0.020939790602093982 0.019859801401985983 0.03304966950330498 0.006829931700682994 0.006539934600653994 0.02426975730242698 0.021459785402145982 0.017449825501744985 0.012859871401285989 0.017869821301786985 0.02378976210237898 0.01159988400115999 0.007979920200797993 0.013959860401395989 0.010049899501004992 0.026199738002619977 0.02688973110268898 0.008609913900860992 0.03125968740312598 0.03172968270317297 0.031159688403115973 0.007419925800741994 0.009559904400955993 0.017789822101778985 0.014769852301476987 0.033379666203337974 0.027989720102798977 0.018139818601813986 0.008679913200867993 0.01319986800131999 0.0008999910000899992 0.025379746202537978 0.007349926500734994 0.0011899881001189991 0.01149988500114999 0.03198968010319897 0.01078989210107899 0.008149918500814993 0.029509704902950976 0.007799922000779993 0.020789792102078982 0.03316966830331697 0.0017899821001789984 0.015319846801531988 0.030479695203047975 0.016869831301686986 0.010939890601093991 0.0007999920000799994 0.026339736602633976 0.016119838801611986 0.016109838901610985 0.01868981310186898 
0.006369936300636994 0.02285977140228598 0.03452965470345297 0.018969810301896983 0.014529854701452988 0.02766972330276698 0.02212977870221298 0.016629833701662985 0.019809801901980985 0.0030999690003099974 0.03189968100318997 0.005789942100578995 0.020869791302086983 0.030669693303066972 0.005949940500594995 0.011219887801121991 0.030449695503044976 0.015449845501544986 0.004299957000429996 0.02189978100218998 0.03355966440335597 0.005699943000569995 0.025919740802591976 0.006309936900630995 0.014049859501404988 0.015129848701512986 0.008649913500864992 0.01360986390136099 0.026199738002619977 0.01105988940110599 0.03326966730332697 0.02375976240237598 0.002689973100268998 0.020089799102008983 0.020569794302056982 0.02544974550254498 0.011029889701102991 0.021589784102158983 0.026849731502684975 0.023029769702302978 0.007929920700792993 0.0020499795002049985 0.007169928300716994 0.026229737702622977 0.0027599724002759975 0.0030399696003039975 0.03476965230347697 0.02368976310236898 0.02189978100218998 0.022709772902270983 0.03283967160328397 0.015499845001549988 0.03514964850351497 0.008329916700832994 0.0024299757002429977 0.012779872201277988 0.007109928900710994 
0.028609713902860975 0.03164968350316497 0.0032899671003289973 0.007999920000799993 0.014639853601463988 0.029419705802941978 0.0010299897001029993 0.02070979290207098 0.004399956000439996 0.02377976220237798 0.007949920500794993 0.007319926800731994 0.028279717202827976 0.009029909700902993 0.026059739402605978 0.014639853601463988 0.028339716602833978 0.005389946100538995 0.010399896001039991 0.03157968420315797 0.0027099729002709977 0.031749682503174975 0.020749792502074985 0.014609853901460988 0.027929720702792975 0.004749952500474996 0.029829701702982974 0.02647973520264798 0.0028299717002829975 0.010849891501084992 0.030109698903010976 0.03184968150318498 0.025379746202537978 0.017539824601753986 0.02512974870251298 0.015699843001569985 0.019909800901990984 0.006549934500654994 0.014679853201467988 0.016949830501694987 0.014729852701472987 0.02293977060229398 0.029949700502994975 0.023619763802361977 0.01025989740102599 0.01909980900190998 0.014149858501414987 0.004329956700432996 0.029319706802931975 0.023479765202347982 0.02313976860231398 0.007639923600763994 0.017449825501744985 0.015179848201517987 0.028719712802871975 0.0038399616003839967 0.001349986500134999 
0.02427975720242798 0.019259807401925982 0.018459815401845985 0.01319986800131999 0.003539964600353997 0.018159818401815984 0.028289717102828977 0.017389826101738986 0.02377976220237798 0.02080979190208098 0.019969800301996986 0.01103988960110399 0.023439765602343978 0.02695973040269598 0.007329926700732994 0.02569974300256998 0.020189798102018982 0.0016499835001649987 0.02490975090249098 0.02293977060229398 0.028129718702812976 0.014759852401475988 0.02212977870221298 0.01174988250117499 0.0027999720002799978 0.007599924000759994 0.0029699703002969975 0.028989710102898972 0.009749902500974992 0.014959850401495986 0.017019829801701986 0.006179938200617995 0.02721972780272198 0.026539734602653978 0.006079939200607995 0.028479715202847974 0.031129688703112977 0.007359926400735994 0.00941990580094199 0.012449875501244989 0.027729722702772977 0.026979730202697977 0.018889811101888986 0.0032999670003299973 0.019229807701922983 0.030739692603073975 0.018059819401805986 0.016509834901650988 0.018299817001829984 0.0065699343006569945 0.013899861001389988 0.031299687003129975 0.029199708002919975 0.018609813901860985 0.010849891501084992 0.021549784502154983 0.001269987300126999 
0.0013500000000000005 0.02897000000000001 0.028740000000000012 0.022050000000000007 0.025440000000000008 0.03521000000000001 0.016940000000000007 0.009560000000000004 0.007600000000000003 0.010680000000000004 0.027300000000000012 0.020550000000000006 0.018740000000000007 0.003160000000000001 0.011450000000000004 0.011150000000000004 0.022090000000000005 0.011910000000000004 0.02773000000000001 0.014880000000000006 0.033320000000000016 0.035670000000000014 0.004420000000000002 0.009930000000000003 0.005480000000000001 0.023090000000000006 0.015850000000000006 0.009630000000000003 0.010810000000000004 0.007140000000000002 0.0014300000000000005 0.012240000000000003 0.0033000000000000013 0.017510000000000008 0.03067000000000001 0.020510000000000007 0.023130000000000008 0.005940000000000002 0.006170000000000002 0.007780000000000002 0.022820000000000007 0.02896000000000001 0.011520000000000004 0.03496000000000001 0.009430000000000003 0.02716000000000001 0.005290000000000002 0.015840000000000007 0.032520000000000014 0.02972000000000001 0.014720000000000006 0.014060000000000005 0.008210000000000004 0.03106000000000001 0.03512000000000001 0.03160000000000002 0.007490000000000003 
0.01534 0.00895 0.03023 0.00791 0.02295 0.02784 0.02234 0.00495 0.02405 0.00629 0.02981 0.03263 0.03018 0.02502 0.01109 0.0141 0.0144 0.0206 0.00625 0.01294 0.0109 0.01691 0.01741 0.00138 0.00234 0.02509 0.01218 0.03587 0.00261 0.02805 0.00033 0.00633 0.02221 0.03127 0.00946 0.03117 0.01297 0.02475 0.01816 0.00084 0.03137 0.00634 0.02498 0.02803 0.00724 0.01616 0.02209 0.02208 0.00708 0.02795 0.03255 0.02746 0.01281 0.01338 0.0155 0.00272 0.02416 
0.03149905502834915 0.022949311520654384 0.03521894343169705 0.030209093727188188 0.022599322020339388 0.03402897913062608 0.03088907332780017 0.030679079627611173 0.015719528414147577 0.024019279421617353 0.024219273421797347 0.015829525114246575 0.023439296821095367 0.029519114426567204 0.01669949901502955 0.02624921252362429 0.0019199424017279482 0.030609081727548174 0.001929942101736948 0.0038098857034288974 0.00815975520734378 0.006889793306200815 0.017639470815875524 0.010839674809755707 0.026149215523534296 0.022559323220303393 0.01894943151705449 0.003919882403527894 0.019729408117756468 0.005089847304580863 0.033608991730248096 0.02105936821895343 0.03191904242872714 0.003959881203563893 0.004319870403887883 0.012179634610961672 0.005859824205273842 0.007759767206983791 0.03388898333050009 0.008599742007739768 0.029029129126126218 0.02253932382028539 0.0024299271021869344 0.001329960101196964 0.01929942101736948 0.0023299301020969373 0.010159695209143726 0.02009939701808946 0.0042798716038518845 0.010609681709548714 0.010209693709188726 0.028849134525964222 0.005409837704868854 0.037298881033568994 0.011219663410097698 0.007449776506704799 0.022339329820105395 
0.01906942791716248 0.005329840104796855 0.011569652910412686 0.02019939401817945 0.011729648110556682 0.016389508314750553 0.0014499565013049605 0.02757917262482125 0.020809375718728432 0.020029399118026453 0.022699319020429383 0.01510954671359859 0.019199424017279476 0.0073297801065968 0.03386898393048208 0.0012199634010979668 0.00918972430827075 0.0257892263232103 0.028559143225703222 0.02164935051948441 0.03536893893183204 0.005839824805255841 0.0002899913002609921 0.005919822405327839 0.004919852404427866 0.027149185524434263 0.01584952451426457 0.0294091177264682 0.02318930432087037 0.008939731808045756 0.023949281521554348 0.009019729408117756 0.019929402117936458 0.034578962631121056 0.023629291121266358 0.03505894823155305 0.015629531114066578 0.033448996530104094 0.03443896683099506 0.017179484615461534 0.01032969010929672 0.017039488815335537 0.019339419817405473 0.0020399388018359447 0.0056098317050488474 0.03414897553073407 0.005799826005219842 0.013519594412167633 0.005659830205093846 0.00040998770036898883 0.022489325320240387 0.021829345119646404 0.020439386818395446 0.02457926262212133 0.019189424317270477 0.031719048428547135 0.003349899503014909 
0.002170000000000001 0.003910000000000002 0.03217000000000001 0.016560000000000005 0.014610000000000005 0.018160000000000006 0.020550000000000006 0.021810000000000006 0.0012200000000000004 0.017430000000000008 0.021200000000000007 0.0027300000000000007 0.013980000000000005 0.012400000000000003 0.010040000000000004 0.014030000000000006 0.037370000000000014 0.022410000000000006 0.00040000000000000013 0.027810000000000012 0.013160000000000005 0.023160000000000007 0.02737000000000001 0.0016400000000000006 0.006130000000000002 0.03575000000000001 0.02867000000000001 0.008320000000000003 0.02763000000000001 0.016080000000000007 0.034090000000000016 0.021230000000000006 0.0008400000000000004 0.023660000000000007 0.016350000000000007 0.03084000000000001 0.005800000000000001 0.007620000000000003 0.03124000000000001 0.024820000000000005 0.03226000000000001 0.010620000000000003 0.007350000000000002 0.02724000000000001 0.02970000000000001 0.003760000000000001 0.024420000000000008 0.023440000000000006 0.002890000000000001 0.011510000000000003 0.03602000000000002 0.03532000000000001 0.013720000000000005 0.018960000000000008 0.0003900000000000001 0.022690000000000005 0.0043500000000000014 
0.018759624807503848 0.00977980440391192 0.00738985220295594 0.0052498950020999574 0.03317933641327173 0.011529769404611907 0.02070958580828383 0.03285934281314373 0.030259394812103754 0.004729905401891961 0.015399692006159876 0.016369672606547866 0.02824943501129977 0.009849803003939919 0.003219935601287974 0.027609447811043776 0.0034999300013999718 0.022819543609127815 0.03195936081278374 0.01082978340433191 0.03385932281354372 0.02571948561028779 0.011479770404591907 0.03222935541289174 0.00017999640007199854 0.03155936881262374 0.0009499810003799923 0.010879782404351912 0.00622987540249195 0.0065998680026399465 0.030289394212115756 0.031629367412651745 0.019029619407611845 0.01333973320533589 0.03139937201255974 0.024799504009919798 0.0247195056098878 0.03062938741225175 0.006639867202655946 0.003219935601287974 0.02803943921121577 0.013269734605307892 0.025529489410211794 0.021679566408671826 0.004519909601807963 0.024229515409691805 0.01972960540789184 0.0013199736005279892 0.011049779004419912 0.019239615207695845 0.023029539409211812 0.021729565408691823 0.00612987740245195 0.017699646007079857 0.022439551208975818 0.00728985420291594 0.013439731205375892 
0.015609375624974997 0.023899044038238466 5.9997600095996144e-05 0.027778888844446212 0.027278908843646244 0.0279888804447822 0.03082876684932602 0.006599736010559576 0.02421903123875044 0.026178952841886316 0.018569257229710805 0.025338986440542374 0.01898924043038278 0.02999880004799807 0.025008999640014393 0.0326286948522059 0.024559017639294422 0.005969761209551616 0.010789568417263307 0.02212911483540658 0.029178832846686126 0.010689572417103313 0.02883884644614215 0.0076096956121755105 0.0005299788008479659 0.01322947082116715 0.014819407223711048 0.01541938322467101 0.0009199632014719409 0.019219231230750766 0.023459061637534494 0.017299308027678886 0.02243910243590256 0.03313867445302187 0.027948882044718203 0.02069917203311867 0.018749250029998794 0.013059477620895162 0.027138914443422257 0.0024299028038878437 0.014419423223071074 0.012169513219471219 0.0006199752009919602 0.00794968201271949 0.010779568817247306 0.021479140834366618 0.012369505219791205 0.0006199752009919602 0.01833926642934282 0.023269069237230502 0.004169833206671732 0.015619375224990996 0.027948882044718203 0.0006099756009759607 0.03201871925122994 0.012199512019519217 0.014179432822687089 
0.0004300172006880275 0.019340773630945236 0.037141485659426376 0.01470058802352094 0.002530101204048162 0.02098083923356934 0.037341493659746386 0.020230809232369296 0.013880555222208888 0.0020200808032321293 0.02673106924276971 0.010230409216368653 0.0022300892035681426 0.006830273210928437 0.012370494819792792 0.010880435217408696 0.02395095803832153 0.0016200648025921035 0.03306132245289811 0.02708108324332973 0.030301212048481938 0.012610504420176806 0.019960798431937276 0.01189047561902476 0.018420736829473178 0.013530541221648866 0.03033121324852994 0.0282011280451218 0.011260450418016718 0.01738069522780911 0.030891235649425974 0.022110884435377415 0.031151246049841992 0.03414136565462618 0.006070242809712388 0.009770390815632624 0.015740629625185007 0.02209088363534541 0.03664146565862634 0.0016100644025761031 0.0067702708108324326 0.005650226009040361 0.019650786031441256 0.031561262450498014 0.00011000440017600704 0.008490339613584542 0.03514140565622625 0.012910516420656826 0.014020560822432896 0.018890755630225207 0.028511140445617825 0.001970078803152126 0.006340253610144405 0.02378095123804952 0.0032801312052482094 0.0203308132325293 0.034901396055842235 
0.031099378012439748 0.011509769804603906 0.011839763204735903 0.007899842003159937 0.02829943401131977 0.030189396212075757 0.01592968140637187 0.029039419211615763 0.0022399552008959818 0.014319713605727882 0.008159836803263935 0.01749965000699986 0.008579828403431931 0.029989400211995757 0.01594968100637987 0.032509349813003734 0.003829923401531969 0.02038959220815583 0.031049379012419748 0.021549569008619825 0.015839683206335872 0.009959800803983919 0.0024199516009679803 0.03318933621327573 0.013069738605227893 0.03078938421231575 0.004199916001679966 0.03398932021359572 0.00016999660006799863 0.014689706205875881 0.003469930601387972 0.01980960380792384 0.02220955580888382 0.03071938561228775 0.00481990360192796 0.016439671206575867 0.014079718405631885 7.999840003199936e-05 0.010649787004259913 0.021569568608627823 0.026859462810743782 0.030549389012219753 0.030799384012319752 0.014039719205615886 0.01599968000639987 0.014629707405851882 0.02592948141037179 0.026389472210555785 0.028969420611587762 0.026969460610787782 0.00019999600007999837 0.003889922201555968 0.012209755804883902 0.018739625207495846 0.0027499450010999775 0.033329333413331726 0.013709725805483889 
0.03383966160338397 0.030349696503034967 0.024499755002449976 0.03154968450315497 0.011239887601123988 0.03301966980330197 0.014139858601413985 0.010049899501004989 0.0017499825001749982 0.026559734402655973 0.010949890501094989 0.02884971150288497 0.021409785902140977 0.02059979400205998 0.010669893301066989 0.026799732002679974 0.024939750602493975 0.009519904800951991 0.010979890201097988 0.020509794902050977 0.02848971510284897 0.007779922200777991 0.020409795902040978 0.01729982700172998 0.023719762802371976 0.017619823801761983 0.0012999870001299985 0.02631973680263197 0.011079889201107987 0.004969950300496994 0.006139938600613993 0.02048979510204898 0.00990990090099099 0.034489655103448966 0.02515974840251597 0.02033979660203398 0.01818981810181898 0.0041499585004149955 0.02019979800201998 0.03368966310336896 0.030569694303056966 0.008319916800831991 0.0032799672003279963 0.003829961700382996 0.005149948500514995 0.005389946100538994 0.01036989630103699 0.031099689003109967 0.02936970630293697 0.02261977380226198 0.01941980580194198 0.017049829501704982 0.0051399486005139945 0.0018199818001819982 0.011659883401165987 0.007309926900730992 0.03362966370336296 
0.03255097652929588 0.016880506415192453 0.019930597917937536 0.023940718221546642 0.0064601938058141736 0.028410852325569766 0.013670410112303367 0.008470254107623228 0.019840595217856534 0.0297808934268028 0.022030660919827593 0.016880506415192453 0.032160964828944864 0.03160094802844085 0.010150304509135273 0.005630168905067151 0.005680170405112153 0.013210396311889354 0.02008060241807254 0.0005300159004770142 0.01978059341780253 0.02042061261837855 0.006140184205526165 0.028950868526055776 0.011110333309999299 0.022740682220466612 0.02879086372591177 0.011880356410692319 0.01896056881706451 0.016870506115183453 0.0030300909027270815 0.019140574217226515 0.002090062701881056 0.014290428712861385 0.01633048991469744 0.028640859225776766 0.015020450613518404 0.012990389711691348 0.019930597917937536 0.03223096692900787 0.006210186305589167 0.01935058051741552 0.021340640219206574 0.019620588617658526 0.008450253507605227 0.01712051361540846 0.030390911727351817 0.007740232206966209 0.03167095012850385 0.00965028950868526 0.023580707421222633 0.013040391211736349 0.002370071102133064 0.01935058051741552 0.026590797723931713 0.003490104703141094 0.032800984029520884 
0.014440000000000003 0.004220000000000001 0.03166000000000001 0.028630000000000006 0.011060000000000002 0.011960000000000004 0.035300000000000005 0.038900000000000004 0.011140000000000002 0.0024800000000000004 0.013530000000000004 0.026540000000000008 0.008340000000000002 0.021240000000000002 0.012340000000000004 0.0030900000000000007 0.006300000000000002 0.024180000000000007 0.009550000000000001 0.010330000000000002 0.007730000000000002 0.020440000000000003 0.009030000000000002 0.015540000000000003 0.02730000000000001 0.020660000000000005 0.0032600000000000007 0.026840000000000006 0.03710000000000001 0.0016600000000000005 0.024560000000000005 0.017400000000000002 0.036480000000000005 0.04037000000000001 0.029500000000000005 0.03957000000000001 0.010420000000000002 0.020770000000000004 0.014860000000000003 0.007160000000000001 0.021630000000000003 0.009420000000000001 0.03998000000000001 0.006390000000000002 0.03515000000000001 0.016210000000000002 0.027820000000000008 0.0032300000000000007 0.0027700000000000003 0.0034000000000000007 0.004910000000000001 0.005170000000000001 0.0005800000000000001 0.017860000000000004 0.024760000000000008 0.034890000000000004 0.009950000000000002 
0.030699386012279752 0.011579768404631905 0.0121897562048759 0.027289454210915776 0.02683946321073578 0.007209855802883942 0.006059878802423951 0.0013399732005359892 0.015599688006239872 0.0010299794004119916 0.013829723405531888 0.011639767204655904 0.01979960400791984 0.01733965320693586 0.010769784604307912 0.03112937741245175 0.030379392412151755 0.028819423611527763 0.033249335013299734 0.0036199276014479706 0.01594968100637987 0.0024899502009959797 0.01710965780684386 0.00733985320293594 0.005459890802183955 0.03390932181356373 0.03001939961200776 0.017659646807063854 0.015419691606167874 0.031629367412651745 0.012559748805023897 0.002619947601047979 0.02835943281134377 0.016829663406731865 0.01500969980600388 0.009189816203675925 0.02195956080878382 0.01767964640707186 0.025529489410211794 0.027319453610927778 0.004229915401691966 0.03358932821343573 0.018649627007459847 0.019049619007619846 0.03443931121377572 0.017639647207055856 0.03342933141337173 0.015319693606127876 0.021229575408491828 0.009489810203795922 0.027839443211135774 0.0244895102097958 0.007239855202895941 0.0006899862002759943 0.011319773604527909 0.013969720605587887 0.012929741405171896 
0.008879822403551929 0.02794944101117977 0.029789404211915758 0.018039639207215855 0.02079958400831983 0.009249815003699924 0.012769744605107896 0.03146937061258774 0.01609967800643987 0.005909881802363953 0.030149397012059754 0.01848963020739585 0.009319813603727925 0.01887962240755185 0.014389712205755884 0.0044799104017919636 0.029289414211715763 0.01840963180736385 0.028019439611207772 0.03437931241375172 0.018209635807283853 0.004109917801643967 0.0008999820003599927 0.02954940901181976 0.030139397212055757 0.012609747805043897 0.03391932161356772 0.022559548809023815 0.008049839003219934 0.013279734405311891 0.005939881202375952 0.02354952900941981 0.012129757404851902 0.024409511809763803 0.006349873002539948 0.005889882202355952 0.01714965700685986 0.024089518209635806 0.027119457610847778 0.003319933601327973 0.01111977760444791 0.021849563008739824 0.0023099538009239812 0.029879402411951757 0.003289934201315973 0.019949601007979836 0.007749845003099937 0.025109497810043797 0.016339673206535867 0.022679546409071813 0.029189416211675763 0.017549649007019857 0.024169516609667804 0.009119817603647926 0.0006599868002639946 0.026609467810643786 0.022389552208955818 
0.038859611403885955 0.007699923000769992 0.026979730202697973 0.02047979520204798 0.020029799702002977 0.014979850201497984 0.01762982370176298 0.026269737302626973 0.022889771102288976 0.01134988650113499 0.03897961020389796 0.0065499345006549935 0.019359806401935978 0.004249957500424996 0.022079779202207977 0.0008399916000839991 0.01653983460165398 0.008229917700822991 0.013729862701372985 0.014219857801421985 0.03420965790342096 0.011669883301166988 0.02638973610263897 0.00945990540094599 0.0011599884001159987 0.030139698603013968 0.01981980180198198 0.014519854801451985 0.005439945600543995 0.0013999860001399985 0.02882971170288297 0.023869761302386973 0.02941970580294197 0.014799852001479985 0.022739772602273976 0.031279687203127966 0.0015399846001539982 0.004499955000449995 0.023959760402395974 0.030579694203057967 0.025759742402575975 0.024939750602493975 0.0015899841001589983 0.00898991010089899 0.0004599954000459995 0.01706982930170698 0.023539764602353973 0.01857981420185798 0.005759942400575994 0.024829751702482975 0.013829861701382985 0.03176968230317696 0.03851961480385196 0.005439945600543995 0.014779852201477983 0.025379746202537974 0.001089989100108999 
0.007710154203084063 0.022760455209104184 0.0029400588011760237 0.0039700794015880315 0.025930518610372214 0.004210084201684034 0.016780335606712136 0.032270645412908264 0.01116022320446409 0.03597071941438829 0.02864057281145623 0.006960139202784057 0.03406068121362428 0.005360107202144044 0.012520250405008102 0.02670053401068022 0.0032600652013040263 0.012940258805176106 0.0038200764015280313 0.03488069761395229 0.016340326806536132 0.0066401328026560544 0.019360387207744155 0.02908058161163224 0.026570531410628217 0.005140102802056041 0.01351027020540411 0.02551051021020421 0.027700554011080226 0.028330566611332233 0.005150103002060042 0.023280465609312188 0.004040080801616033 0.0360207204144083 0.0021500430008600173 0.02543050861017221 0.029720594411888242 0.02724054481089622 0.012040240804816098 0.031720634412688256 0.01711034220684414 0.021400428008560173 0.010000200004000082 0.034630692613852286 0.00489009780195604 0.005200104002080042 0.01758035160703214 0.03407068141362828 0.02087041740834817 0.0034900698013960283 0.011910238204764098 0.017450349006980143 0.021400428008560173 0.010320206404128084 0.005930118602372049 0.027880557611152226 0.008040160803216066 
0.02655 0.00838 0.03429 0.03223 0.00392 0.02632 0.01321 0.00708 0.01818 0.00125 0.00802 0.01426 0.00795 0.02781 0.01663 0.02882 0.02952 0.01126 0.03228 0.00359 0.03292 0.01176 0.0035 0.00265 0.02732 0.02856 0.0059 0.00108 0.02417 0.02252 0.03094 0.01451 0.02378 0.0113 0.01746 0.03091 0.03174 0.024 0.01623 0.01499 0.00366 0.02884 0.03065 0.02236 0.00444 0.00903 0.01412 0.01331 0.00171 0.00021 0.02904 0.01859 0.02486 0.03287 0.00848 0.01794 0.0121 
0.029079418411631773 0.00997980040399192 0.010169796604067919 0.0016599668006639868 0.030039399212015764 0.01876962460750785 0.02884942301153977 0.024199516009679806 0.012159756804863904 0.004589908201835964 0.016919661606767868 0.016729665406691865 0.0009599808003839924 0.02766944661106778 0.025949481010379794 0.0051998960020799585 0.0013599728005439893 0.034469310613787725 0.0014599708005839883 0.0254294914101718 0.0005199896002079958 0.002909941801163977 0.010389792204155918 0.0126297474050519 0.03328933421331574 0.005919881602367953 0.023439531209375815 0.010349793004139919 0.01885962280754385 0.019979600407991842 0.03228935421291575 0.006569868602627948 0.03257934841303174 0.03397932041359174 0.022089558208835822 0.009719805603887922 0.025499490010199796 0.022299554008919822 0.032069358612827746 0.0023099538009239817 0.031129377412451757 0.007839843203135938 0.010389792204155918 0.012459750804983903 0.016199676006479872 0.005699886002279955 0.02158956820863583 0.020599588008239838 0.019819603607927845 0.020789584208315837 0.02295954080918382 0.03253934921301574 0.028049439011219778 0.03534929301413972 0.009239815203695927 0.009939801203975921 0.012069758604827905 
0.025739742602573973 0.023919760802391974 0.008419915800841992 0.005249947500524994 0.014579854201457984 0.03266967330326696 0.030129698703012967 0.024919750802491973 0.016789832101678982 0.00892991070089299 0.012869871301286986 0.029149708502914966 0.009639903600963989 0.02951970480295197 0.007659923400765992 0.006919930800691992 0.015419845801541984 0.002939970600293997 0.03368966310336896 0.023699763002369974 0.0006599934000659993 0.01643983560164398 0.00935990640093599 0.006059939400605994 0.02864971350286497 0.02667973320266797 0.005019949800501995 0.015999840001599982 0.009999900000999989 0.007619923800761992 0.02943970560294397 0.007189928100718992 0.02098979010209898 0.008469915300846991 0.016249837501624984 0.02160978390216098 0.01929980700192998 0.031929680703192964 0.0011099889001109989 0.007649923500764991 0.024949750502494972 0.016899831001689982 0.02868971310286897 0.03587964120358796 0.02795972040279597 0.026109738902610972 0.014139858601413985 0.014099859001409984 0.01777982220177798 0.009029909700902991 0.017439825601743984 0.02742972570274297 0.018859811401885977 0.005599944000559994 0.028319716802831973 0.016069839301606985 0.017459825401745982 
0.02961059221184423 0.013550271005420104 0.01419028380567611 0.005520110402208043 0.023800476009520188 0.002940058801176023 0.030360607212144237 0.028630572611452222 0.022840456809136177 0.013020260405208102 0.027350547010940213 0.012190243804876095 0.0063401268025360495 0.02821056421128422 0.021410428208564165 0.008420168403368067 0.00262005240104802 0.026330526610532205 0.00784015680313606 0.005430108602172043 0.004180083601672032 0.014570291405828113 0.027570551411028217 0.01824036480729614 0.026300526010520204 0.006840136802736053 0.0127102542050841 0.01785035700714014 0.009370187403748073 0.028370567411348222 0.02179043580871617 0.028550571011420223 0.016360327206544126 0.008480169603392066 0.005380107602152042 0.01665033300666013 0.012140242804856094 0.01803036060721214 0.025910518210364202 0.005230104602092041 0.01921038420768415 0.031180623612472244 0.023220464409288183 0.01652033040660813 0.03092061841236824 0.023220464409288183 0.029630592611852233 0.0014700294005880114 0.02186043720874417 0.002020040400808016 0.025290505810116198 0.014340286805736112 0.010610212204244083 0.01675033500670013 0.018920378407568147 0.02842056841136822 0.03128062561251225 
0.005089949100508996 0.029389706102938975 0.030289697103028975 0.0029099709002909976 0.016599834001659985 0.006949930500694994 0.0068699313006869945 0.0031999680003199976 0.026009739902600977 0.010509894901050991 0.006309936900630995 0.018349816501834985 0.019659803401965985 0.019709802901970983 0.016349836501634987 0.02686973130268698 0.007889921100788993 0.02263977360226398 0.02291977080229198 0.019349806501934984 0.030329696703032975 0.03207967920320797 0.029989700102998975 0.007129928700712994 0.030379696203037976 0.025869741302586978 0.019559804401955986 0.026379736202637977 0.008639913600863993 0.029819701802981973 0.0015299847001529986 0.015559844401555986 0.009669903300966991 0.019549804501954985 0.006949930500694994 0.0006399936000639995 0.015939840601593987 0.020169798302016984 0.0023899761002389983 0.030709692903070976 0.005319946800531996 0.02549974500254998 0.008899911000889993 0.026679733202667977 0.006109938900610995 0.023849761502384978 0.025309746902530978 0.0061399386006139945 0.028699713002869977 0.02722972770272298 0.030689693103068974 0.013009869901300989 0.026619733802661978 0.03154968450315498 0.008909910900890992 0.010099899001009991 0.014229857701422988 
0.007720308812352495 0.03215128605144206 0.014130565222608905 0.025561022440897637 0.011450458018320734 0.018610744429777195 0.025991039641585664 0.00798031921276851 0.028671146845873838 0.02121084843393736 0.02794111764470579 0.030031201248049925 0.019260770430817233 0.02324092963718549 0.022010880435217407 0.01777071082843314 0.019970798831953282 0.0026601064042561704 0.016360654426177047 0.008950358014320573 0.016040641625665025 0.0016500660026401057 0.016450658026321053 0.013790551622064884 0.014430577223088924 0.011650466018640747 0.01800072002880115 0.015240609624384976 0.0030501220048801954 0.015490619624784992 0.012740509620384815 0.011890475619024761 0.019320772830913237 0.022280891235649428 0.02873114924596984 0.014270570822832914 0.02683107324292972 0.005320212808512341 0.013390535621424858 0.03204128165126605 0.004460178407136286 0.021200848033921357 0.012750510020400816 0.025901036041441658 0.0037701508060322413 0.025431017240689628 0.03189127565102604 0.02215088603544142 0.028451138045521823 0.01934077363094524 0.019300772030881236 0.0021300852034081366 0.025091003640145607 0.016040641625665025 0.025121004840193608 0.0055902236089443585 0.017090683627345095 
0.027839999999999993 0.033609999999999994 0.013799999999999996 0.018199999999999997 0.005999999999999998 0.0038499999999999993 0.0058699999999999985 0.0007499999999999998 0.005299999999999999 0.03821999999999999 0.03846999999999999 0.0022799999999999995 0.011809999999999996 0.03864999999999999 0.013049999999999997 0.005449999999999999 0.008099999999999998 0.0030399999999999993 0.015569999999999997 0.024149999999999994 0.0023499999999999997 0.017199999999999997 0.03318999999999999 0.03214999999999999 0.028079999999999994 0.0021799999999999996 0.025699999999999994 0.03420999999999999 0.012579999999999996 0.011609999999999999 0.006499999999999998 0.0002599999999999999 0.008669999999999999 0.0055899999999999995 0.018119999999999997 0.0018699999999999995 0.024869999999999993 0.037779999999999994 0.011889999999999996 0.030339999999999992 0.029099999999999994 0.04089999999999999 0.024799999999999992 0.03917999999999999 0.009019999999999999 0.014759999999999997 0.024979999999999992 0.043879999999999995 0.008539999999999999 0.027839999999999993 0.041979999999999996 0.012149999999999996 0.003779999999999999 0.0008099999999999997 0.0005499999999999999 0.0019499999999999995 0.016629999999999995 
0.024970249702497026 0.02948029480294803 0.03505035050350504 0.011040110401104012 0.0022900229002290025 0.010720107201072011 0.006860068600686007 0.03394033940339403 0.030940309403094033 0.02632026320263203 0.012620126201262013 0.03519035190351904 0.0024300243002430026 0.013160131601316015 0.012760127601276015 0.015290152901529016 0.009950099500995012 0.03615036150361504 0.011920119201192013 0.008310083100831008 0.014990149901499016 0.0013000130001300013 0.030910309103091033 0.018420184201842018 0.03239032390323904 0.03018030180301803 0.01772017720177202 0.022520225202252022 0.03170031700317003 0.01752017520175202 0.025740257402574025 0.006990069900699007 0.007220072200722008 0.0033200332003320036 0.0013200132001320013 0.006490064900649007 0.023080230802308026 0.002390023900239003 0.013820138201382016 0.03442034420344203 0.021830218302183024 0.00940009400094001 0.021770217702177023 0.017900179001790018 0.03158031580315803 0.03766037660376604 0.00919009190091901 0.020960209602096023 0.023620236202362022 0.023120231202312026 0.0005600056000560006 0.002800028000280003 0.004840048400484005 0.010500105001050012 0.023630236302363026 0.006880068800688007 0.02192021920219202 
0.02474074222226666 0.00025000750022500666 0.017090512715381458 0.026430792923787704 0.00188005640169205 0.02366070982129463 0.011390341710251304 0.010430312909387278 0.026020780623418695 0.014790443713311393 0.014930447913437398 0.02592077762332869 0.007650229506885204 0.007630228906867203 0.009960298808964265 0.022160664819944588 0.01948058441753252 0.027810834325029742 0.02813084392531775 0.022650679520385603 0.004630138904167123 0.01163034891046731 0.029530885926577786 0.0300609018270548 0.009480284408532253 0.028590857725731764 0.014340430212906383 0.027650829524885737 0.005100153004590136 0.020140604218126537 0.025020750622518666 0.017070512115363454 0.015130453913617403 0.006600198005940176 0.004370131103933116 0.031610948328449844 0.02288068642059261 0.02107063211896356 0.012220366610998325 0.02885086552596577 0.009950298508955265 0.00711021330639919 0.02518075542266267 0.012820384611538341 0.028330849925497757 0.014080422412672376 0.012810384311529342 0.00678020340610218 0.029860895826874796 0.023290698720961622 0.02968089042671279 0.011030330909927293 0.025610768323049683 0.021440643219296573 0.013090392711781348 0.009950298508955265 0.009990299708991266 
0.022450224502245025 0.01776017760177602 0.014130141301413015 0.031060310603106035 0.01648016480164802 0.008390083900839009 0.02112021120211202 0.013320133201332015 0.0065300653006530075 0.017830178301783017 0.017870178701787018 0.018430184301843018 0.014140141401414015 0.00922009220092201 0.012930129301293015 0.03208032080320803 0.02021020210202102 0.020230202302023024 0.01770017700177002 0.01850018500185002 0.014340143401434016 0.02743027430274303 0.012100121001210013 0.00949009490094901 0.025100251002510027 0.005510055100551006 0.013570135701357015 0.0003900039000390004 0.03187031870318704 0.028410284102841032 0.001740017400174002 9.00009000090001e-05 0.01752017520175202 0.008340083400834008 0.014990149901499016 0.0072000720007200075 0.012470124701247013 0.020050200502005018 0.024280242802428024 0.022710227102271024 0.018990189901899022 0.012000120001200014 0.030330303303033032 0.025150251502515025 0.01779017790177902 0.016760167601676017 0.007180071800718007 0.00998009980099801 0.01949019490194902 0.010410104101041012 0.025230252302523026 0.029420294202942034 0.022440224402244024 0.02736027360273603 0.031340313403134035 0.02740027400274003 0.020740207402074023 
0.022570677120313614 0.008970269108073244 0.0002900087002610079 0.018570557116713505 0.008970269108073244 0.03222096662899888 0.01069032070962129 0.02281068432052962 0.03232096962908888 0.015840475214256432 0.0032600978029340886 0.02867086012580378 0.003370101103033092 0.0257507725231757 0.018550556516695505 0.021420642619278583 0.02069062071862156 0.030010900327009815 0.0025100753022590685 0.012300369011070334 0.020900627018810566 0.0005400162004860147 0.02016060481814455 0.016810504315129454 0.014500435013050395 0.0005400162004860147 0.033250997529925906 0.003570107103213097 0.007560226806804206 0.025180755422662685 0.013690410712321374 0.026340790223706716 0.033441003230096904 0.011550346510395314 0.029110873326199792 0.02980089402682081 0.03283098492954789 0.012550376511295341 0.0010000300009000273 0.02789083672510176 0.022670680120403616 0.029600888026640806 0.02019060571817155 0.021450643519305583 0.011100333009990302 0.0010500315009450284 0.01735052051561547 0.014660439813194398 0.028470854125623772 0.008930267908037243 0.026750802524075728 0.01949058471754153 0.005890176705301161 0.03239097172915188 0.014570437113113396 0.007040211206336191 0.01738052141564247 
0.01135 0.00782 0.00785 0.03682 0.01897 0.00033 0.00979 0.02767 0.02053 0.01657 0.0094 0.02295 0.01415 0.02947 0.00089 0.00954 0.03483 0.01236 0.01256 0.02482 0.00835 0.02272 0.00848 0.01898 0.00538 0.03011 0.02623 0.01307 0.00653 0.03929 0.02046 0.02697 0.00072 0.01216 0.01691 0.01621 0.00085 0.00572 4e-05 0.03723 0.01298 0.02919 0.02147 0.03366 0.02797 0.02525 0.02643 0.0126 0.01574 0.00043 0.02371 0.02946 0.03435 0.01814 0.01588 0.01464 0.01302 
0.0069198616027679434 0.00981980360392792 0.031119377612447745 0.007979840403191935 0.005959880802383952 0.025959480810383788 0.025449491010179792 0.026519469610607783 0.03261934761304774 0.010889782204355911 0.03463930721385572 0.03290934181316373 0.018009639807203857 0.016089678206435868 0.0011399772004559907 0.03295934081318373 0.0047499050018999615 0.0249295014099718 0.026719465610687783 0.0011899762004759903 0.002859942801143977 0.027989440211195774 0.013249735005299891 0.024849503009939797 0.020359592808143832 0.0020899582008359827 0.021459570808583826 0.0022699546009079816 0.03435931281374372 0.01706965860682786 0.02577948441031179 0.001469970600587988 0.03408931821363573 0.011989760204795903 0.021279574408511828 0.0250794984100318 0.023439531209375808 0.01464970700585988 0.016489670206595867 0.007499850002999939 0.011219775604487909 0.03189936201275974 0.004509909801803964 0.035099298014039715 0.00035999280014399707 0.004379912401751965 0.0005399892002159956 0.015369692606147876 0.00240995180096398 0.009169816603667925 0.023369532609347807 0.027749445011099775 0.005049899002019959 0.02596948061038779 0.020969580608387828 0.028929421411571767 0.02810943781124377 
0.005969940300596992 0.0019899801001989972 0.011689883101168986 0.018589814101858976 0.034159658403415956 0.005529944700552993 0.03226967730322696 0.030459695403045963 0.006159938400615992 0.01593984060159398 0.03163968360316396 3.999960000399995e-05 0.00798992010079899 0.003019969800301996 0.00789992100078999 0.027339726602733965 0.024299757002429968 0.01584984150158498 0.02324976750232497 0.00766992330076699 0.029199708002919964 0.025409745902540967 0.023639763602363972 0.02368976310236897 0.02460975390246097 0.028469715302846962 0.03342966570334296 0.004439955600443995 0.022629773702262972 0.02249977500224997 0.02196978030219697 0.0041299587004129945 0.012039879601203984 0.0010099899001009987 0.012879871201287984 0.017439825601743977 0.019359806401935974 0.02253977460225397 0.03024969750302496 0.005309946900530993 0.020459795402045972 0.013039869601303983 0.014719852801471981 0.005769942300576992 0.03230967690323096 0.016969830301696978 0.023619763802361967 0.009869901300986987 0.03667963320366795 0.004139958600413995 0.03796962030379695 0.018579814201857975 0.013869861301386982 0.010489895101048986 0.018159818401815974 0.024789752102478968 0.0018599814001859978 
0.005659773609055639 0.027658893644254237 0.0006499740010399585 0.02784888604455822 0.0109595616175353 0.02992880284788609 0.02163913443462262 0.0034998600055997768 0.030338786448542064 0.02002919883204672 0.03545858165673373 0.004499820007199713 0.010709571617135318 0.0023599056037758494 0.016069357225710977 0.018229270829166835 0.0033898644054237833 0.03116875324987001 0.005899764009439624 0.005919763209471622 0.030838766449342032 0.004319827206911725 0.010559577616895325 0.029018839246430148 0.009469621215151394 0.004209831606735732 0.0006699732010719573 0.024489020439182437 0.03669853205871766 0.02240910363585457 0.005119795208191674 0.03545858165673373 0.007589696412143516 0.027688892444302234 0.015669373225071 0.0187692492300308 0.01679932802687893 0.007589696412143516 0.002099916003359866 0.0037898484060637583 0.017809287628494864 0.029868805247790096 0.006399744010239592 0.01946922123115076 0.033338666453341874 0.016559337626494943 0.010549578016879326 0.028708851645934168 0.03499860005599777 0.0010799568017279312 0.030328786848526065 0.003209871605135795 0.03231870725170994 0.011489540418383267 0.029098836046558142 0.03411863525458982 0.03547858085676573 

emissions
0 1 1 1 1 1 1 1 1 1 1 1 1 1 1 1 1 1 1 1 1 1 1 1 1 1 1 1 1 1 1 1 1 1 1 1 1 1 1 1 1 1 1 1 1 1 1 1 1 1 1 1 1 1 1 1 1 
1 0 0 0 0 0 0 0 0 0 0 0 0 0 0 0 0 0 0 0 0 0 0 0 0 0 0 0 0 0 0 0 0 0 0 0 0 0 0 0 0 0 0 0 0 0 0 0 0 0 0 0 0 0 0 0 0 
