states
0 1 2 3 4 5 6 7 8 9 10 11 12 13 14 15 16 17 18 19 20 21 22 23 24 25 26 27 28 29 30 31 32 33 34 35 36 37 38 39 40 41 42 43 44 45 46 47 48 49 50 51 52 53 54 55 56 
labels
init empty 
initial
0.0 0.0 0.0 0.0 0.0 0.0 0.0 0.0 0.0 0.0 0.0 0.0 0.0 0.0 0.0 0.0 0.0 0.0 0.0 0.0 0.0 0.0 0.0 0.0 0.0 0.0 0.0 0.0 0.0 0.0 0.0 0.0 0.0 0.0 0.0 0.0 0.0 0.0 0.0 0.0 0.0 0.0 0.0 0.0 0.0 0.0 0.0 0.0 0.0 0.0 0.0 0.0 0.0 0.0 0.0 0.0 1.0
transitions
0.018518518518518517 0.027777777777777776 0.030864197530864196 0.018518518518518517 0.0030864197530864196 0.0030864197530864196 0.006172839506172839 0.024691358024691357 0.021604938271604937 0.030864197530864196 0.009259259259259259 0.015432098765432098 0.018518518518518517 0.009259259259259259 0.015432098765432098 0.009259259259259259 0.015432098765432098 0.024691358024691357 0.024691358024691357 0.030864197530864196 0.006172839506172839 0.024691358024691357 0.0030864197530864196 0.021604938271604937 0.030864197530864196 0.030864197530864196 0.024691358024691357 0.021604938271604937 0.030864197530864196 0.006172839506172839 0.0030864197530864196 0.006172839506172839 0.027777777777777776 0.027777777777777776 0.012345679012345678 0.030864197530864196 0.027777777777777776 0.024691358024691357 0.012345679012345678 0.021604938271604937 0.018518518518518517 0.006172839506172839 0.030864197530864196 0.012345679012345678 0.015432098765432098 0.027777777777777776 0.006172839506172839 0.015432098765432098 0.0030864197530864196 0.012345679012345678 0.030864197530864196 0.009259259259259259 0.0030864197530864196 0.015432098765432098 0.030864197530864196 0.009259259259259259 0.0 
0.023460410557184765 0.023460410557184765 0.029325513196480957 0.02639296187683286 0.020527859237536666 0.029325513196480957 0.011730205278592382 0.023460410557184765 0.023460410557184765 0.014662756598240479 0.017595307917888575 0.029325513196480957 0.011730205278592382 0.020527859237536666 0.02639296187683286 0.0029325513196480956 0.008797653958944288 0.023460410557184765 0.023460410557184765 0.029325513196480957 0.023460410557184765 0.011730205278592382 0.0029325513196480956 0.02639296187683286 0.023460410557184765 0.023460410557184765 0.005865102639296191 0.005865102639296191 0.011730205278592382 0.0029325513196480956 0.02639296187683286 0.020527859237536666 0.014662756598240479 0.017595307917888575 0.020527859237536666 0.008797653958944288 0.017595307917888575 0.023460410557184765 0.02639296187683286 0.014662756598240479 0.014662756598240479 0.023460410557184765 0.023460410557184765 0.014662756598240479 0.029325513196480957 0.0029325513196480956 0.008797653958944288 0.0029325513196480956 0.023460410557184765 0.005865102639296191 0.023460410557184765 0.029325513196480957 0.02639296187683286 0.014662756598240479 0.0029325513196480956 0.005865102639296191 0.0 
0.03134796238244513 0.02821316614420062 0.009404388714733541 0.012539184952978052 0.006269592476489026 0.009404388714733541 0.025078369905956105 0.009404388714733541 0.021943573667711595 0.003134796238244513 0.03134796238244513 0.009404388714733541 0.021943573667711595 0.021943573667711595 0.009404388714733541 0.025078369905956105 0.025078369905956105 0.003134796238244513 0.021943573667711595 0.018808777429467082 0.006269592476489026 0.015673981191222566 0.021943573667711595 0.003134796238244513 0.021943573667711595 0.018808777429467082 0.006269592476489026 0.009404388714733541 0.006269592476489026 0.018808777429467082 0.015673981191222566 0.003134796238244513 0.025078369905956105 0.02821316614420062 0.03134796238244513 0.018808777429467082 0.025078369905956105 0.003134796238244513 0.03134796238244513 0.012539184952978052 0.03134796238244513 0.006269592476489026 0.015673981191222566 0.015673981191222566 0.021943573667711595 0.02821316614420062 0.02821316614420062 0.03134796238244513 0.009404388714733541 0.025078369905956105 0.018808777429467082 0.018808777429467082 0.015673981191222566 0.018808777429467082 0.02821316614420062 0.018808777429467082 0.0 
0.03422053231939163 0.007604562737642584 0.007604562737642584 0.03422053231939163 0.030418250950570335 0.003802281368821292 0.015209125475285168 0.01901140684410646 0.011406844106463877 0.003802281368821292 0.015209125475285168 0.022813688212927754 0.007604562737642584 0.011406844106463877 0.01901140684410646 0.015209125475285168 0.003802281368821292 0.02661596958174904 0.003802281368821292 0.030418250950570335 0.011406844106463877 0.03422053231939163 0.015209125475285168 0.003802281368821292 0.03422053231939163 0.01901140684410646 0.011406844106463877 0.03802281368821292 0.003802281368821292 0.015209125475285168 0.03422053231939163 0.007604562737642584 0.01901140684410646 0.015209125475285168 0.015209125475285168 0.02661596958174904 0.030418250950570335 0.015209125475285168 0.022813688212927754 0.015209125475285168 0.011406844106463877 0.01901140684410646 0.01901140684410646 0.003802281368821292 0.015209125475285168 0.015209125475285168 0.03422053231939163 0.015209125475285168 0.022813688212927754 0.02661596958174904 0.030418250950570335 0.022813688212927754 0.007604562737642584 0.030418250950570335 0.003802281368821292 0.011406844106463877 0.0 
0.028391167192429026 0.009463722397476343 0.006309148264984228 0.01577287066246057 0.003154574132492114 0.01577287066246057 0.006309148264984228 0.02523659305993691 0.012618296529968456 0.006309148264984228 0.0220820189274448 0.0220820189274448 0.03154574132492114 0.0220820189274448 0.03154574132492114 0.0220820189274448 0.003154574132492114 0.003154574132492114 0.009463722397476343 0.03154574132492114 0.0220820189274448 0.003154574132492114 0.0220820189274448 0.02523659305993691 0.003154574132492114 0.012618296529968456 0.03154574132492114 0.003154574132492114 0.012618296529968456 0.01577287066246057 0.02523659305993691 0.018927444794952685 0.012618296529968456 0.028391167192429026 0.028391167192429026 0.003154574132492114 0.0220820189274448 0.02523659305993691 0.03154574132492114 0.018927444794952685 0.01577287066246057 0.03154574132492114 0.018927444794952685 0.009463722397476343 0.018927444794952685 0.0220820189274448 0.0220820189274448 0.028391167192429026 0.02523659305993691 0.02523659305993691 0.02523659305993691 0.009463722397476343 0.0220820189274448 0.003154574132492114 0.018927444794952685 0.009463722397476343 0.0 
0.006230529595015576 0.028037383177570093 0.018691588785046728 0.03115264797507788 0.01557632398753894 0.03115264797507788 0.006230529595015576 0.009345794392523364 0.003115264797507788 0.01557632398753894 0.024922118380062305 0.003115264797507788 0.021806853582554516 0.009345794392523364 0.01557632398753894 0.012461059190031152 0.021806853582554516 0.024922118380062305 0.021806853582554516 0.012461059190031152 0.003115264797507788 0.021806853582554516 0.01557632398753894 0.024922118380062305 0.021806853582554516 0.009345794392523364 0.03115264797507788 0.018691588785046728 0.03115264797507788 0.03115264797507788 0.03115264797507788 0.028037383177570093 0.021806853582554516 0.01557632398753894 0.009345794392523364 0.03115264797507788 0.01557632398753894 0.003115264797507788 0.003115264797507788 0.012461059190031152 0.01557632398753894 0.03115264797507788 0.012461059190031152 0.03115264797507788 0.006230529595015576 0.009345794392523364 0.018691588785046728 0.01557632398753894 0.003115264797507788 0.028037383177570093 0.009345794392523364 0.012461059190031152 0.03115264797507788 0.03115264797507788 0.01557632398753894 0.01557632398753894 0.0 
0.03 0.01 0.006666666666666667 0.023333333333333334 0.013333333333333334 0.03 0.03333333333333333 0.02666666666666667 0.0033333333333333335 0.02 0.01 0.01 0.03 0.02 0.0033333333333333335 0.02 0.03333333333333333 0.03 0.023333333333333334 0.023333333333333334 0.0033333333333333335 0.016666666666666666 0.02666666666666667 0.013333333333333334 0.0033333333333333335 0.006666666666666667 0.023333333333333334 0.0033333333333333335 0.023333333333333334 0.006666666666666667 0.023333333333333334 0.016666666666666666 0.01 0.02 0.016666666666666666 0.023333333333333334 0.01 0.03333333333333333 0.01 0.02666666666666667 0.02 0.0033333333333333335 0.02666666666666667 0.03 0.03 0.03 0.0033333333333333335 0.02666666666666667 0.01 0.0033333333333333335 0.02666666666666667 0.006666666666666667 0.006666666666666667 0.03333333333333333 0.02 0.006666666666666667 0.0 
0.02033898305084746 0.03389830508474577 0.02372881355932204 0.016949152542372885 0.03389830508474577 0.030508474576271195 0.027118644067796616 0.02033898305084746 0.006779661016949154 0.030508474576271195 0.003389830508474577 0.02033898305084746 0.013559322033898308 0.03389830508474577 0.003389830508474577 0.016949152542372885 0.030508474576271195 0.02372881355932204 0.01016949152542373 0.016949152542372885 0.013559322033898308 0.01016949152542373 0.003389830508474577 0.003389830508474577 0.016949152542372885 0.01016949152542373 0.02033898305084746 0.003389830508474577 0.003389830508474577 0.013559322033898308 0.030508474576271195 0.02033898305084746 0.013559322033898308 0.006779661016949154 0.016949152542372885 0.027118644067796616 0.013559322033898308 0.01016949152542373 0.01016949152542373 0.01016949152542373 0.02372881355932204 0.02372881355932204 0.003389830508474577 0.006779661016949154 0.02033898305084746 0.02372881355932204 0.02033898305084746 0.030508474576271195 0.030508474576271195 0.02033898305084746 0.02033898305084746 0.027118644067796616 0.02033898305084746 0.03389830508474577 0.006779661016949154 0.013559322033898308 0.0 
0.03344481605351172 0.013377926421404687 0.013377926421404687 0.013377926421404687 0.023411371237458203 0.006688963210702344 0.013377926421404687 0.003344481605351172 0.020066889632107034 0.003344481605351172 0.020066889632107034 0.010033444816053517 0.026755852842809374 0.023411371237458203 0.01672240802675586 0.003344481605351172 0.010033444816053517 0.01672240802675586 0.03010033444816055 0.026755852842809374 0.023411371237458203 0.026755852842809374 0.026755852842809374 0.006688963210702344 0.026755852842809374 0.026755852842809374 0.013377926421404687 0.03010033444816055 0.013377926421404687 0.003344481605351172 0.023411371237458203 0.013377926421404687 0.003344481605351172 0.023411371237458203 0.020066889632107034 0.03344481605351172 0.023411371237458203 0.01672240802675586 0.023411371237458203 0.023411371237458203 0.010033444816053517 0.010033444816053517 0.01672240802675586 0.006688963210702344 0.010033444816053517 0.013377926421404687 0.03344481605351172 0.013377926421404687 0.023411371237458203 0.026755852842809374 0.003344481605351172 0.013377926421404687 0.013377926421404687 0.023411371237458203 0.03010033444816055 0.023411371237458203 0.0 
0.021660649819494584 0.007220216606498195 0.01444043321299639 0.010830324909747292 0.02527075812274368 0.01444043321299639 0.02527075812274368 0.02888086642599278 0.010830324909747292 0.032490974729241874 0.0036101083032490976 0.007220216606498195 0.032490974729241874 0.02527075812274368 0.0036101083032490976 0.0036101083032490976 0.007220216606498195 0.010830324909747292 0.02888086642599278 0.02888086642599278 0.018050541516245487 0.018050541516245487 0.0036101083032490976 0.007220216606498195 0.0036101083032490976 0.032490974729241874 0.021660649819494584 0.02527075812274368 0.010830324909747292 0.021660649819494584 0.018050541516245487 0.01444043321299639 0.0036101083032490976 0.02527075812274368 0.010830324909747292 0.007220216606498195 0.036101083032490974 0.018050541516245487 0.018050541516245487 0.0036101083032490976 0.036101083032490974 0.032490974729241874 0.02888086642599278 0.02888086642599278 0.02527075812274368 0.007220216606498195 0.02888086642599278 0.010830324909747292 0.018050541516245487 0.021660649819494584 0.02527075812274368 0.02888086642599278 0.010830324909747292 0.0036101083032490976 0.021660649819494584 0.010830324909747292 0.0 
0.027586206896551724 0.034482758620689655 0.034482758620689655 0.027586206896551724 0.006896551724137931 0.006896551724137931 0.017241379310344827 0.02413793103448276 0.020689655172413793 0.02413793103448276 0.017241379310344827 0.006896551724137931 0.006896551724137931 0.020689655172413793 0.006896551724137931 0.010344827586206896 0.02413793103448276 0.010344827586206896 0.013793103448275862 0.013793103448275862 0.010344827586206896 0.013793103448275862 0.0034482758620689655 0.0034482758620689655 0.006896551724137931 0.020689655172413793 0.0034482758620689655 0.020689655172413793 0.03103448275862069 0.03103448275862069 0.0034482758620689655 0.0034482758620689655 0.0034482758620689655 0.034482758620689655 0.03103448275862069 0.020689655172413793 0.034482758620689655 0.013793103448275862 0.017241379310344827 0.0034482758620689655 0.034482758620689655 0.03103448275862069 0.02413793103448276 0.013793103448275862 0.034482758620689655 0.034482758620689655 0.0034482758620689655 0.03103448275862069 0.006896551724137931 0.02413793103448276 0.02413793103448276 0.006896551724137931 0.013793103448275862 0.027586206896551724 0.013793103448275862 0.010344827586206896 0.0 
0.012461059190031152 0.003115264797507788 0.009345794392523364 0.028037383177570093 0.009345794392523364 0.03115264797507788 0.003115264797507788 0.006230529595015576 0.012461059190031152 0.03115264797507788 0.01557632398753894 0.028037383177570093 0.028037383177570093 0.028037383177570093 0.009345794392523364 0.028037383177570093 0.021806853582554516 0.01557632398753894 0.03115264797507788 0.003115264797507788 0.018691588785046728 0.018691588785046728 0.021806853582554516 0.006230529595015576 0.024922118380062305 0.021806853582554516 0.018691588785046728 0.024922118380062305 0.006230529595015576 0.03115264797507788 0.024922118380062305 0.018691588785046728 0.021806853582554516 0.024922118380062305 0.021806853582554516 0.024922118380062305 0.018691588785046728 0.021806853582554516 0.028037383177570093 0.024922118380062305 0.01557632398753894 0.009345794392523364 0.01557632398753894 0.003115264797507788 0.003115264797507788 0.012461059190031152 0.018691588785046728 0.03115264797507788 0.003115264797507788 0.012461059190031152 0.021806853582554516 0.018691588785046728 0.006230529595015576 0.006230529595015576 0.028037383177570093 0.01557632398753894 0.0 
0.028673835125448032 0.003584229390681004 0.007168458781362008 0.028673835125448032 0.007168458781362008 0.021505376344086027 0.01792114695340502 0.021505376344086027 0.02508960573476703 0.010752688172043013 0.021505376344086027 0.014336917562724016 0.03584229390681004 0.014336917562724016 0.03584229390681004 0.021505376344086027 0.007168458781362008 0.03584229390681004 0.028673835125448032 0.028673835125448032 0.003584229390681004 0.03225806451612904 0.02508960573476703 0.007168458781362008 0.010752688172043013 0.003584229390681004 0.01792114695340502 0.01792114695340502 0.02508960573476703 0.007168458781362008 0.003584229390681004 0.03584229390681004 0.01792114695340502 0.03584229390681004 0.014336917562724016 0.003584229390681004 0.021505376344086027 0.007168458781362008 0.007168458781362008 0.03584229390681004 0.02508960573476703 0.003584229390681004 0.010752688172043013 0.03225806451612904 0.014336917562724016 0.028673835125448032 0.010752688172043013 0.021505376344086027 0.02508960573476703 0.003584229390681004 0.01792114695340502 0.010752688172043013 0.014336917562724016 0.007168458781362008 0.003584229390681004 0.021505376344086027 0.0 
0.02572347266881028 0.003215434083601285 0.009646302250803856 0.009646302250803856 0.003215434083601285 0.032154340836012846 0.01929260450160771 0.00643086816720257 0.00643086816720257 0.022508038585208993 0.01286173633440514 0.009646302250803856 0.00643086816720257 0.00643086816720257 0.009646302250803856 0.02572347266881028 0.01929260450160771 0.009646302250803856 0.032154340836012846 0.016077170418006423 0.02572347266881028 0.01286173633440514 0.01929260450160771 0.003215434083601285 0.009646302250803856 0.00643086816720257 0.016077170418006423 0.032154340836012846 0.016077170418006423 0.022508038585208993 0.032154340836012846 0.01286173633440514 0.02893890675241156 0.02893890675241156 0.02572347266881028 0.00643086816720257 0.02893890675241156 0.02572347266881028 0.02893890675241156 0.032154340836012846 0.009646302250803856 0.009646302250803856 0.01929260450160771 0.01929260450160771 0.01286173633440514 0.01929260450160771 0.032154340836012846 0.009646302250803856 0.02572347266881028 0.016077170418006423 0.00643086816720257 0.022508038585208993 0.032154340836012846 0.02893890675241156 0.00643086816720257 0.02893890675241156 0.0 
0.007220216606498195 0.02527075812274368 0.010830324909747292 0.02527075812274368 0.007220216606498195 0.032490974729241874 0.01444043321299639 0.02888086642599278 0.0036101083032490976 0.02888086642599278 0.0036101083032490976 0.0036101083032490976 0.02888086642599278 0.01444043321299639 0.036101083032490974 0.021660649819494584 0.010830324909747292 0.021660649819494584 0.007220216606498195 0.010830324909747292 0.021660649819494584 0.01444043321299639 0.01444043321299639 0.02527075812274368 0.007220216606498195 0.032490974729241874 0.007220216606498195 0.032490974729241874 0.02527075812274368 0.018050541516245487 0.02527075812274368 0.036101083032490974 0.021660649819494584 0.018050541516245487 0.02888086642599278 0.010830324909747292 0.0036101083032490976 0.010830324909747292 0.0036101083032490976 0.021660649819494584 0.036101083032490974 0.018050541516245487 0.007220216606498195 0.018050541516245487 0.021660649819494584 0.010830324909747292 0.036101083032490974 0.01444043321299639 0.007220216606498195 0.021660649819494584 0.007220216606498195 0.007220216606498195 0.02888086642599278 0.007220216606498195 0.010830324909747292 0.02527075812274368 0.0 
0.002967359050445103 0.023738872403560825 0.023738872403560825 0.014836795252225516 0.011869436201780412 0.00890207715133531 0.023738872403560825 0.026706231454005927 0.01780415430267062 0.00890207715133531 0.014836795252225516 0.029673590504451033 0.00890207715133531 0.00890207715133531 0.011869436201780412 0.01780415430267062 0.029673590504451033 0.020771513353115723 0.014836795252225516 0.029673590504451033 0.002967359050445103 0.00890207715133531 0.026706231454005927 0.011869436201780412 0.023738872403560825 0.011869436201780412 0.029673590504451033 0.00890207715133531 0.011869436201780412 0.026706231454005927 0.026706231454005927 0.002967359050445103 0.00890207715133531 0.020771513353115723 0.026706231454005927 0.011869436201780412 0.020771513353115723 0.014836795252225516 0.029673590504451033 0.023738872403560825 0.020771513353115723 0.011869436201780412 0.00890207715133531 0.029673590504451033 0.005934718100890206 0.01780415430267062 0.01780415430267062 0.020771513353115723 0.029673590504451033 0.014836795252225516 0.020771513353115723 0.023738872403560825 0.026706231454005927 0.01780415430267062 0.023738872403560825 0.00890207715133531 0.0 
0.019933554817275746 0.013289036544850499 0.016611295681063124 0.019933554817275746 0.03322259136212625 0.009966777408637873 0.016611295681063124 0.0033222591362126247 0.013289036544850499 0.019933554817275746 0.009966777408637873 0.023255813953488372 0.009966777408637873 0.029900332225913623 0.0033222591362126247 0.009966777408637873 0.023255813953488372 0.016611295681063124 0.029900332225913623 0.016611295681063124 0.013289036544850499 0.016611295681063124 0.03322259136212625 0.029900332225913623 0.013289036544850499 0.019933554817275746 0.009966777408637873 0.0033222591362126247 0.026578073089700997 0.03322259136212625 0.029900332225913623 0.006644518272425249 0.016611295681063124 0.023255813953488372 0.006644518272425249 0.023255813953488372 0.03322259136212625 0.013289036544850499 0.016611295681063124 0.013289036544850499 0.026578073089700997 0.013289036544850499 0.029900332225913623 0.013289036544850499 0.016611295681063124 0.016611295681063124 0.016611295681063124 0.023255813953488372 0.013289036544850499 0.0033222591362126247 0.016611295681063124 0.023255813953488372 0.016611295681063124 0.03322259136212625 0.013289036544850499 0.0033222591362126247 0.0 
0.022727272727272728 0.00974025974025974 0.032467532467532464 0.00974025974025974 0.032467532467532464 0.003246753246753247 0.006493506493506494 0.00974025974025974 0.016233766233766232 0.022727272727272728 0.003246753246753247 0.022727272727272728 0.003246753246753247 0.003246753246753247 0.00974025974025974 0.022727272727272728 0.016233766233766232 0.006493506493506494 0.01948051948051948 0.02922077922077922 0.00974025974025974 0.00974025974025974 0.022727272727272728 0.01948051948051948 0.006493506493506494 0.00974025974025974 0.025974025974025976 0.022727272727272728 0.025974025974025976 0.016233766233766232 0.01948051948051948 0.025974025974025976 0.00974025974025974 0.012987012987012988 0.025974025974025976 0.016233766233766232 0.006493506493506494 0.01948051948051948 0.02922077922077922 0.012987012987012988 0.006493506493506494 0.003246753246753247 0.02922077922077922 0.02922077922077922 0.016233766233766232 0.016233766233766232 0.00974025974025974 0.022727272727272728 0.02922077922077922 0.01948051948051948 0.025974025974025976 0.025974025974025976 0.032467532467532464 0.025974025974025976 0.02922077922077922 0.02922077922077922 0.0 
0.029673590504451043 0.014836795252225522 0.029673590504451043 0.02077151335311573 0.008902077151335314 0.011869436201780418 0.014836795252225522 0.011869436201780418 0.017804154302670627 0.008902077151335314 0.02077151335311573 0.029673590504451043 0.02077151335311573 0.0029673590504451044 0.014836795252225522 0.023738872403560835 0.011869436201780418 0.023738872403560835 0.02077151335311573 0.017804154302670627 0.0029673590504451044 0.008902077151335314 0.029673590504451043 0.029673590504451043 0.011869436201780418 0.008902077151335314 0.017804154302670627 0.005934718100890209 0.023738872403560835 0.029673590504451043 0.026706231454005937 0.023738872403560835 0.011869436201780418 0.005934718100890209 0.023738872403560835 0.011869436201780418 0.023738872403560835 0.029673590504451043 0.011869436201780418 0.026706231454005937 0.023738872403560835 0.014836795252225522 0.029673590504451043 0.026706231454005937 0.029673590504451043 0.017804154302670627 0.02077151335311573 0.0029673590504451044 0.011869436201780418 0.011869436201780418 0.017804154302670627 0.005934718100890209 0.026706231454005937 0.017804154302670627 0.008902077151335314 0.011869436201780418 0.0 
0.011142061281337046 0.02228412256267409 0.01949860724233983 0.02506963788300835 0.02228412256267409 0.02506963788300835 0.008356545961002784 0.02228412256267409 0.02228412256267409 0.02506963788300835 0.02228412256267409 0.008356545961002784 0.011142061281337046 0.02228412256267409 0.0027855153203342614 0.013927576601671305 0.0027855153203342614 0.02506963788300835 0.02785515320334261 0.013927576601671305 0.008356545961002784 0.02228412256267409 0.02506963788300835 0.011142061281337046 0.013927576601671305 0.0027855153203342614 0.02228412256267409 0.02228412256267409 0.02785515320334261 0.02506963788300835 0.02228412256267409 0.005571030640668523 0.013927576601671305 0.02506963788300835 0.011142061281337046 0.02785515320334261 0.013927576601671305 0.008356545961002784 0.02785515320334261 0.0027855153203342614 0.005571030640668523 0.008356545961002784 0.02506963788300835 0.011142061281337046 0.01949860724233983 0.02785515320334261 0.02228412256267409 0.02506963788300835 0.01949860724233983 0.02785515320334261 0.02785515320334261 0.02785515320334261 0.02506963788300835 0.008356545961002784 0.005571030640668523 0.01949860724233983 0.0 
0.015432098765432098 0.030864197530864196 0.012345679012345678 0.006172839506172839 0.012345679012345678 0.021604938271604937 0.018518518518518517 0.015432098765432098 0.030864197530864196 0.021604938271604937 0.027777777777777776 0.015432098765432098 0.0030864197530864196 0.012345679012345678 0.030864197530864196 0.012345679012345678 0.027777777777777776 0.009259259259259259 0.027777777777777776 0.024691358024691357 0.015432098765432098 0.021604938271604937 0.015432098765432098 0.024691358024691357 0.018518518518518517 0.018518518518518517 0.015432098765432098 0.024691358024691357 0.024691358024691357 0.009259259259259259 0.027777777777777776 0.006172839506172839 0.024691358024691357 0.006172839506172839 0.018518518518518517 0.006172839506172839 0.027777777777777776 0.006172839506172839 0.009259259259259259 0.009259259259259259 0.0030864197530864196 0.012345679012345678 0.012345679012345678 0.015432098765432098 0.024691358024691357 0.024691358024691357 0.012345679012345678 0.024691358024691357 0.021604938271604937 0.018518518518518517 0.024691358024691357 0.009259259259259259 0.024691358024691357 0.018518518518518517 0.018518518518518517 0.027777777777777776 0.0 
0.03347280334728034 0.008368200836820085 0.020920502092050212 0.012552301255230129 0.008368200836820085 0.020920502092050212 0.03347280334728034 0.0292887029288703 0.020920502092050212 0.008368200836820085 0.01673640167364017 0.004184100418410042 0.008368200836820085 0.020920502092050212 0.004184100418410042 0.004184100418410042 0.012552301255230129 0.020920502092050212 0.037656903765690385 0.03347280334728034 0.01673640167364017 0.008368200836820085 0.004184100418410042 0.025104602510460258 0.03347280334728034 0.008368200836820085 0.020920502092050212 0.037656903765690385 0.020920502092050212 0.012552301255230129 0.008368200836820085 0.01673640167364017 0.008368200836820085 0.03347280334728034 0.03347280334728034 0.004184100418410042 0.03347280334728034 0.012552301255230129 0.01673640167364017 0.020920502092050212 0.004184100418410042 0.020920502092050212 0.020920502092050212 0.020920502092050212 0.020920502092050212 0.012552301255230129 0.012552301255230129 0.020920502092050212 0.01673640167364017 0.004184100418410042 0.012552301255230129 0.01673640167364017 0.025104602510460258 0.008368200836820085 0.004184100418410042 0.041841004184100423 0.0 
0.013513513513513514 0.030405405405405407 0.02364864864864865 0.02702702702702703 0.0033783783783783786 0.030405405405405407 0.0033783783783783786 0.016891891891891893 0.030405405405405407 0.030405405405405407 0.013513513513513514 0.006756756756756757 0.010135135135135136 0.02702702702702703 0.02364864864864865 0.02702702702702703 0.013513513513513514 0.0033783783783783786 0.013513513513513514 0.013513513513513514 0.013513513513513514 0.006756756756756757 0.010135135135135136 0.0033783783783783786 0.013513513513513514 0.02702702702702703 0.02027027027027027 0.030405405405405407 0.0033783783783783786 0.016891891891891893 0.006756756756756757 0.016891891891891893 0.02364864864864865 0.030405405405405407 0.030405405405405407 0.0033783783783783786 0.0033783783783783786 0.02364864864864865 0.02364864864864865 0.030405405405405407 0.033783783783783786 0.013513513513513514 0.033783783783783786 0.02702702702702703 0.006756756756756757 0.0033783783783783786 0.013513513513513514 0.006756756756756757 0.033783783783783786 0.013513513513513514 0.033783783783783786 0.013513513513513514 0.010135135135135136 0.02364864864864865 0.006756756756756757 0.02702702702702703 0.0 
0.012820512820512824 0.025641025641025647 0.003205128205128206 0.012820512820512824 0.012820512820512824 0.028846153846153855 0.032051282051282055 0.003205128205128206 0.032051282051282055 0.019230769230769235 0.012820512820512824 0.016025641025641028 0.016025641025641028 0.003205128205128206 0.028846153846153855 0.028846153846153855 0.025641025641025647 0.028846153846153855 0.012820512820512824 0.009615384615384618 0.012820512820512824 0.006410256410256412 0.032051282051282055 0.032051282051282055 0.016025641025641028 0.019230769230769235 0.032051282051282055 0.016025641025641028 0.028846153846153855 0.02243589743589744 0.019230769230769235 0.003205128205128206 0.028846153846153855 0.02243589743589744 0.02243589743589744 0.028846153846153855 0.02243589743589744 0.016025641025641028 0.003205128205128206 0.016025641025641028 0.019230769230769235 0.016025641025641028 0.032051282051282055 0.009615384615384618 0.003205128205128206 0.009615384615384618 0.012820512820512824 0.02243589743589744 0.028846153846153855 0.025641025641025647 0.009615384615384618 0.006410256410256412 0.012820512820512824 0.006410256410256412 0.009615384615384618 0.009615384615384618 0.0 
0.013793103448275858 0.03448275862068965 0.010344827586206895 0.02413793103448275 0.010344827586206895 0.03448275862068965 0.006896551724137929 0.006896551724137929 0.02068965517241379 0.017241379310344824 0.031034482758620682 0.017241379310344824 0.027586206896551717 0.010344827586206895 0.013793103448275858 0.0034482758620689646 0.02068965517241379 0.031034482758620682 0.010344827586206895 0.03448275862068965 0.017241379310344824 0.0034482758620689646 0.0034482758620689646 0.013793103448275858 0.017241379310344824 0.03448275862068965 0.02413793103448275 0.027586206896551717 0.02413793103448275 0.031034482758620682 0.0034482758620689646 0.031034482758620682 0.0034482758620689646 0.02068965517241379 0.010344827586206895 0.0034482758620689646 0.031034482758620682 0.02413793103448275 0.006896551724137929 0.03448275862068965 0.02068965517241379 0.0034482758620689646 0.0034482758620689646 0.031034482758620682 0.006896551724137929 0.013793103448275858 0.027586206896551717 0.02068965517241379 0.006896551724137929 0.010344827586206895 0.02413793103448275 0.013793103448275858 0.010344827586206895 0.006896551724137929 0.031034482758620682 0.02413793103448275 0.0 
0.01801801801801802 0.030030030030030037 0.006006006006006008 0.01801801801801802 0.006006006006006008 0.021021021021021026 0.012012012012012015 0.003003003003003004 0.01801801801801802 0.02402402402402403 0.012012012012012015 0.00900900900900901 0.030030030030030037 0.015015015015015018 0.015015015015015018 0.015015015015015018 0.030030030030030037 0.030030030030030037 0.030030030030030037 0.015015015015015018 0.027027027027027035 0.006006006006006008 0.021021021021021026 0.021021021021021026 0.02402402402402403 0.00900900900900901 0.015015015015015018 0.01801801801801802 0.02402402402402403 0.012012012012012015 0.02402402402402403 0.006006006006006008 0.021021021021021026 0.02402402402402403 0.030030030030030037 0.015015015015015018 0.027027027027027035 0.02402402402402403 0.003003003003003004 0.015015015015015018 0.006006006006006008 0.030030030030030037 0.02402402402402403 0.027027027027027035 0.021021021021021026 0.030030030030030037 0.006006006006006008 0.027027027027027035 0.012012012012012015 0.015015015015015018 0.02402402402402403 0.00900900900900901 0.00900900900900901 0.021021021021021026 0.006006006006006008 0.00900900900900901 0.0 
0.011070110701107012 0.007380073800738009 0.022140221402214024 0.022140221402214024 0.011070110701107012 0.014760147601476018 0.014760147601476018 0.014760147601476018 0.0036900369003690045 0.022140221402214024 0.014760147601476018 0.007380073800738009 0.0036900369003690045 0.025830258302583033 0.018450184501845022 0.014760147601476018 0.007380073800738009 0.022140221402214024 0.022140221402214024 0.036900369003690044 0.0036900369003690045 0.025830258302583033 0.029520295202952036 0.03321033210332104 0.011070110701107012 0.03321033210332104 0.022140221402214024 0.0036900369003690045 0.03321033210332104 0.011070110701107012 0.03321033210332104 0.036900369003690044 0.018450184501845022 0.007380073800738009 0.011070110701107012 0.007380073800738009 0.025830258302583033 0.022140221402214024 0.0036900369003690045 0.025830258302583033 0.007380073800738009 0.0036900369003690045 0.007380073800738009 0.014760147601476018 0.022140221402214024 0.018450184501845022 0.029520295202952036 0.025830258302583033 0.018450184501845022 0.011070110701107012 0.036900369003690044 0.014760147601476018 0.011070110701107012 0.03321033210332104 0.018450184501845022 0.011070110701107012 0.0 
0.02083333333333333 0.006944444444444442 0.010416666666666664 0.02083333333333333 0.013888888888888885 0.013888888888888885 0.013888888888888885 0.010416666666666664 0.031249999999999993 0.006944444444444442 0.03472222222222222 0.02430555555555555 0.01736111111111111 0.013888888888888885 0.01736111111111111 0.031249999999999993 0.013888888888888885 0.031249999999999993 0.02777777777777777 0.006944444444444442 0.013888888888888885 0.01736111111111111 0.003472222222222221 0.010416666666666664 0.013888888888888885 0.01736111111111111 0.010416666666666664 0.003472222222222221 0.02083333333333333 0.031249999999999993 0.02777777777777777 0.031249999999999993 0.031249999999999993 0.01736111111111111 0.02430555555555555 0.013888888888888885 0.01736111111111111 0.02083333333333333 0.006944444444444442 0.01736111111111111 0.02083333333333333 0.010416666666666664 0.01736111111111111 0.003472222222222221 0.031249999999999993 0.013888888888888885 0.02777777777777777 0.003472222222222221 0.013888888888888885 0.02083333333333333 0.02083333333333333 0.031249999999999993 0.010416666666666664 0.006944444444444442 0.03472222222222222 0.013888888888888885 0.0 
0.006825938566552902 0.010238907849829353 0.030716723549488057 0.03412969283276451 0.03412969283276451 0.03412969283276451 0.003412969283276451 0.006825938566552902 0.003412969283276451 0.013651877133105804 0.006825938566552902 0.003412969283276451 0.02389078498293516 0.013651877133105804 0.020477815699658706 0.020477815699658706 0.006825938566552902 0.017064846416382257 0.03412969283276451 0.017064846416382257 0.003412969283276451 0.027303754266211608 0.027303754266211608 0.020477815699658706 0.017064846416382257 0.013651877133105804 0.027303754266211608 0.020477815699658706 0.003412969283276451 0.03412969283276451 0.027303754266211608 0.003412969283276451 0.030716723549488057 0.027303754266211608 0.027303754266211608 0.017064846416382257 0.006825938566552902 0.020477815699658706 0.003412969283276451 0.010238907849829353 0.013651877133105804 0.027303754266211608 0.027303754266211608 0.027303754266211608 0.003412969283276451 0.010238907849829353 0.020477815699658706 0.02389078498293516 0.010238907849829353 0.013651877133105804 0.030716723549488057 0.020477815699658706 0.006825938566552902 0.010238907849829353 0.02389078498293516 0.020477815699658706 0.0 
0.018126888217522657 0.021148036253776432 0.02719033232628398 0.009063444108761328 0.024169184290030205 0.009063444108761328 0.03021148036253776 0.021148036253776432 0.01510574018126888 0.006042296072507551 0.024169184290030205 0.02719033232628398 0.03021148036253776 0.024169184290030205 0.03021148036253776 0.01510574018126888 0.024169184290030205 0.024169184290030205 0.018126888217522657 0.021148036253776432 0.021148036253776432 0.006042296072507551 0.012084592145015102 0.0030211480362537756 0.024169184290030205 0.02719033232628398 0.009063444108761328 0.0030211480362537756 0.012084592145015102 0.01510574018126888 0.024169184290030205 0.021148036253776432 0.006042296072507551 0.02719033232628398 0.02719033232628398 0.03021148036253776 0.0030211480362537756 0.021148036253776432 0.0030211480362537756 0.024169184290030205 0.01510574018126888 0.021148036253776432 0.006042296072507551 0.009063444108761328 0.021148036253776432 0.012084592145015102 0.009063444108761328 0.0030211480362537756 0.018126888217522657 0.006042296072507551 0.03021148036253776 0.021148036253776432 0.02719033232628398 0.03021148036253776 0.009063444108761328 0.021148036253776432 0.0 
0.03355704697986577 0.02348993288590604 0.006711409395973154 0.003355704697986577 0.02348993288590604 0.020134228187919462 0.016778523489932886 0.020134228187919462 0.030201342281879196 0.016778523489932886 0.02348993288590604 0.003355704697986577 0.020134228187919462 0.02348993288590604 0.026845637583892617 0.020134228187919462 0.03355704697986577 0.003355704697986577 0.016778523489932886 0.003355704697986577 0.02348993288590604 0.03355704697986577 0.016778523489932886 0.016778523489932886 0.003355704697986577 0.020134228187919462 0.020134228187919462 0.006711409395973154 0.003355704697986577 0.020134228187919462 0.020134228187919462 0.020134228187919462 0.003355704697986577 0.02348993288590604 0.003355704697986577 0.006711409395973154 0.013422818791946308 0.026845637583892617 0.02348993288590604 0.003355704697986577 0.02348993288590604 0.03355704697986577 0.020134228187919462 0.006711409395973154 0.026845637583892617 0.016778523489932886 0.026845637583892617 0.02348993288590604 0.010067114093959731 0.003355704697986577 0.020134228187919462 0.016778523489932886 0.030201342281879196 0.010067114093959731 0.02348993288590604 0.030201342281879196 0.0 
0.006944444444444444 0.03125 0.013888888888888888 0.034722222222222224 0.027777777777777776 0.024305555555555556 0.020833333333333332 0.024305555555555556 0.034722222222222224 0.003472222222222222 0.010416666666666666 0.006944444444444444 0.024305555555555556 0.017361111111111112 0.024305555555555556 0.013888888888888888 0.024305555555555556 0.003472222222222222 0.010416666666666666 0.034722222222222224 0.010416666666666666 0.027777777777777776 0.017361111111111112 0.006944444444444444 0.010416666666666666 0.024305555555555556 0.010416666666666666 0.034722222222222224 0.003472222222222222 0.027777777777777776 0.020833333333333332 0.03125 0.017361111111111112 0.034722222222222224 0.006944444444444444 0.010416666666666666 0.03125 0.027777777777777776 0.03125 0.010416666666666666 0.024305555555555556 0.010416666666666666 0.034722222222222224 0.010416666666666666 0.010416666666666666 0.003472222222222222 0.027777777777777776 0.006944444444444444 0.006944444444444444 0.006944444444444444 0.017361111111111112 0.006944444444444444 0.003472222222222222 0.020833333333333332 0.003472222222222222 0.017361111111111112 0.0 
0.006349206349206349 0.031746031746031744 0.01904761904761905 0.012698412698412698 0.0031746031746031746 0.025396825396825397 0.0031746031746031746 0.02857142857142857 0.0031746031746031746 0.01904761904761905 0.0031746031746031746 0.015873015873015872 0.015873015873015872 0.022222222222222223 0.025396825396825397 0.031746031746031744 0.009523809523809525 0.009523809523809525 0.015873015873015872 0.031746031746031744 0.009523809523809525 0.012698412698412698 0.0031746031746031746 0.009523809523809525 0.022222222222222223 0.0031746031746031746 0.01904761904761905 0.006349206349206349 0.022222222222222223 0.009523809523809525 0.01904761904761905 0.0031746031746031746 0.031746031746031744 0.006349206349206349 0.006349206349206349 0.012698412698412698 0.031746031746031744 0.031746031746031744 0.01904761904761905 0.031746031746031744 0.022222222222222223 0.025396825396825397 0.022222222222222223 0.025396825396825397 0.022222222222222223 0.025396825396825397 0.025396825396825397 0.009523809523809525 0.031746031746031744 0.031746031746031744 0.0031746031746031746 0.015873015873015872 0.015873015873015872 0.031746031746031744 0.031746031746031744 0.015873015873015872 0.0 
0.00625 0.01875 0.03125 0.03125 0.021875 0.009375 0.003125 0.009375 0.0125 0.03125 0.028125 0.028125 0.015625 0.028125 0.009375 0.021875 0.015625 0.021875 0.015625 0.01875 0.025 0.003125 0.01875 0.01875 0.0125 0.028125 0.009375 0.003125 0.01875 0.0125 0.028125 0.028125 0.01875 0.028125 0.025 0.015625 0.03125 0.01875 0.01875 0.003125 0.025 0.00625 0.015625 0.015625 0.028125 0.009375 0.009375 0.021875 0.025 0.00625 0.01875 0.0125 0.028125 0.015625 0.003125 0.015625 0.0 
0.003267973856209151 0.019607843137254905 0.03267973856209151 0.026143790849673207 0.03267973856209151 0.019607843137254905 0.03267973856209151 0.019607843137254905 0.03267973856209151 0.026143790849673207 0.009803921568627453 0.016339869281045756 0.009803921568627453 0.03267973856209151 0.016339869281045756 0.003267973856209151 0.019607843137254905 0.013071895424836603 0.03267973856209151 0.026143790849673207 0.016339869281045756 0.022875816993464054 0.003267973856209151 0.003267973856209151 0.016339869281045756 0.006535947712418302 0.013071895424836603 0.016339869281045756 0.006535947712418302 0.022875816993464054 0.013071895424836603 0.009803921568627453 0.016339869281045756 0.009803921568627453 0.022875816993464054 0.026143790849673207 0.006535947712418302 0.003267973856209151 0.003267973856209151 0.029411764705882356 0.019607843137254905 0.009803921568627453 0.03267973856209151 0.026143790849673207 0.019607843137254905 0.019607843137254905 0.026143790849673207 0.009803921568627453 0.003267973856209151 0.029411764705882356 0.013071895424836603 0.009803921568627453 0.026143790849673207 0.029411764705882356 0.013071895424836603 0.019607843137254905 0.0 
0.0031249999999999993 0.021874999999999995 0.0031249999999999993 0.028124999999999994 0.006249999999999999 0.031249999999999993 0.021874999999999995 0.012499999999999997 0.015624999999999997 0.028124999999999994 0.024999999999999994 0.018749999999999996 0.031249999999999993 0.018749999999999996 0.009374999999999998 0.0031249999999999993 0.021874999999999995 0.0031249999999999993 0.021874999999999995 0.015624999999999997 0.018749999999999996 0.031249999999999993 0.018749999999999996 0.009374999999999998 0.0031249999999999993 0.021874999999999995 0.031249999999999993 0.009374999999999998 0.0031249999999999993 0.009374999999999998 0.031249999999999993 0.0031249999999999993 0.024999999999999994 0.031249999999999993 0.018749999999999996 0.015624999999999997 0.009374999999999998 0.031249999999999993 0.031249999999999993 0.012499999999999997 0.024999999999999994 0.015624999999999997 0.012499999999999997 0.015624999999999997 0.015624999999999997 0.031249999999999993 0.024999999999999994 0.015624999999999997 0.018749999999999996 0.031249999999999993 0.031249999999999993 0.024999999999999994 0.012499999999999997 0.0031249999999999993 0.009374999999999998 0.006249999999999999 0.0 
0.015337423312883436 0.015337423312883436 0.012269938650306749 0.03067484662576687 0.012269938650306749 0.018404907975460124 0.02147239263803681 0.027607361963190184 0.03067484662576687 0.009202453987730062 0.027607361963190184 0.012269938650306749 0.012269938650306749 0.009202453987730062 0.02147239263803681 0.03067484662576687 0.027607361963190184 0.024539877300613498 0.02147239263803681 0.02147239263803681 0.018404907975460124 0.024539877300613498 0.015337423312883436 0.009202453987730062 0.015337423312883436 0.015337423312883436 0.03067484662576687 0.006134969325153374 0.006134969325153374 0.027607361963190184 0.03067484662576687 0.02147239263803681 0.012269938650306749 0.018404907975460124 0.003067484662576687 0.015337423312883436 0.024539877300613498 0.03067484662576687 0.015337423312883436 0.018404907975460124 0.009202453987730062 0.006134969325153374 0.03067484662576687 0.027607361963190184 0.018404907975460124 0.003067484662576687 0.009202453987730062 0.03067484662576687 0.015337423312883436 0.003067484662576687 0.03067484662576687 0.012269938650306749 0.015337423312883436 0.003067484662576687 0.009202453987730062 0.015337423312883436 0.0 
0.006666666666666667 0.023333333333333334 0.0033333333333333335 0.03 0.02666666666666667 0.0033333333333333335 0.006666666666666667 0.013333333333333334 0.02666666666666667 0.006666666666666667 0.03333333333333333 0.013333333333333334 0.006666666666666667 0.006666666666666667 0.023333333333333334 0.02666666666666667 0.03 0.006666666666666667 0.006666666666666667 0.03 0.01 0.0033333333333333335 0.01 0.01 0.03 0.023333333333333334 0.02666666666666667 0.006666666666666667 0.03 0.03333333333333333 0.01 0.01 0.013333333333333334 0.02 0.01 0.01 0.013333333333333334 0.03 0.02666666666666667 0.016666666666666666 0.006666666666666667 0.02 0.03333333333333333 0.006666666666666667 0.02666666666666667 0.006666666666666667 0.03333333333333333 0.03333333333333333 0.0033333333333333335 0.023333333333333334 0.02666666666666667 0.0033333333333333335 0.03 0.03 0.02 0.023333333333333334 0.0 
0.002824858757062147 0.011299435028248588 0.01977401129943503 0.014124293785310734 0.02824858757062147 0.011299435028248588 0.01694915254237288 0.01694915254237288 0.014124293785310734 0.00847457627118644 0.022598870056497175 0.005649717514124294 0.025423728813559324 0.01694915254237288 0.01694915254237288 0.022598870056497175 0.025423728813559324 0.025423728813559324 0.022598870056497175 0.011299435028248588 0.02824858757062147 0.002824858757062147 0.02824858757062147 0.014124293785310734 0.025423728813559324 0.011299435028248588 0.025423728813559324 0.00847457627118644 0.025423728813559324 0.025423728813559324 0.01694915254237288 0.022598870056497175 0.005649717514124294 0.00847457627118644 0.01977401129943503 0.025423728813559324 0.014124293785310734 0.002824858757062147 0.00847457627118644 0.025423728813559324 0.01694915254237288 0.014124293785310734 0.022598870056497175 0.02824858757062147 0.01977401129943503 0.025423728813559324 0.02824858757062147 0.014124293785310734 0.025423728813559324 0.02824858757062147 0.005649717514124294 0.00847457627118644 0.022598870056497175 0.011299435028248588 0.025423728813559324 0.01977401129943503 0.0 
0.00602409638554217 0.021084337349397592 0.00602409638554217 0.030120481927710847 0.030120481927710847 0.02409638554216868 0.01807228915662651 0.027108433734939763 0.02409638554216868 0.00602409638554217 0.02409638554216868 0.01807228915662651 0.030120481927710847 0.00602409638554217 0.003012048192771085 0.009036144578313254 0.027108433734939763 0.02409638554216868 0.02409638554216868 0.021084337349397592 0.015060240963855423 0.003012048192771085 0.02409638554216868 0.01807228915662651 0.01204819277108434 0.030120481927710847 0.015060240963855423 0.027108433734939763 0.02409638554216868 0.003012048192771085 0.021084337349397592 0.00602409638554217 0.02409638554216868 0.009036144578313254 0.015060240963855423 0.003012048192771085 0.015060240963855423 0.01204819277108434 0.01807228915662651 0.01204819277108434 0.00602409638554217 0.00602409638554217 0.02409638554216868 0.015060240963855423 0.030120481927710847 0.02409638554216868 0.030120481927710847 0.01204819277108434 0.01204819277108434 0.027108433734939763 0.015060240963855423 0.02409638554216868 0.027108433734939763 0.02409638554216868 0.009036144578313254 0.027108433734939763 0.0 
0.030864197530864182 0.0061728395061728366 0.027777777777777762 0.01851851851851851 0.01851851851851851 0.021604938271604927 0.030864197530864182 0.024691358024691346 0.0061728395061728366 0.012345679012345673 0.0030864197530864183 0.027777777777777762 0.01851851851851851 0.015432098765432091 0.030864197530864182 0.0030864197530864183 0.012345679012345673 0.021604938271604927 0.015432098765432091 0.030864197530864182 0.027777777777777762 0.030864197530864182 0.009259259259259255 0.012345679012345673 0.030864197530864182 0.0030864197530864183 0.021604938271604927 0.024691358024691346 0.012345679012345673 0.030864197530864182 0.012345679012345673 0.024691358024691346 0.01851851851851851 0.027777777777777762 0.009259259259259255 0.027777777777777762 0.009259259259259255 0.024691358024691346 0.01851851851851851 0.012345679012345673 0.0061728395061728366 0.009259259259259255 0.021604938271604927 0.030864197530864182 0.0061728395061728366 0.009259259259259255 0.012345679012345673 0.0030864197530864183 0.021604938271604927 0.009259259259259255 0.024691358024691346 0.0061728395061728366 0.030864197530864182 0.0061728395061728366 0.030864197530864182 0.0061728395061728366 0.0 
0.03571428571428571 0.02142857142857143 0.0035714285714285713 0.02142857142857143 0.0035714285714285713 0.0035714285714285713 0.025 0.02857142857142857 0.02142857142857143 0.02142857142857143 0.02857142857142857 0.0035714285714285713 0.02857142857142857 0.007142857142857143 0.010714285714285714 0.017857142857142856 0.0035714285714285713 0.03214285714285714 0.03214285714285714 0.014285714285714285 0.03214285714285714 0.014285714285714285 0.010714285714285714 0.0035714285714285713 0.014285714285714285 0.014285714285714285 0.017857142857142856 0.007142857142857143 0.0035714285714285713 0.010714285714285714 0.010714285714285714 0.025 0.02857142857142857 0.017857142857142856 0.007142857142857143 0.0035714285714285713 0.007142857142857143 0.010714285714285714 0.03214285714285714 0.02857142857142857 0.017857142857142856 0.014285714285714285 0.02142857142857143 0.014285714285714285 0.02142857142857143 0.014285714285714285 0.03214285714285714 0.03214285714285714 0.02142857142857143 0.03571428571428571 0.03214285714285714 0.017857142857142856 0.007142857142857143 0.017857142857142856 0.02142857142857143 0.014285714285714285 0.0 
0.02622950819672131 0.022950819672131147 0.003278688524590164 0.02622950819672131 0.03278688524590164 0.022950819672131147 0.02622950819672131 0.029508196721311476 0.009836065573770493 0.009836065573770493 0.013114754098360656 0.019672131147540985 0.009836065573770493 0.013114754098360656 0.009836065573770493 0.006557377049180328 0.003278688524590164 0.009836065573770493 0.013114754098360656 0.022950819672131147 0.03278688524590164 0.01639344262295082 0.02622950819672131 0.03278688524590164 0.03278688524590164 0.02622950819672131 0.003278688524590164 0.013114754098360656 0.009836065573770493 0.03278688524590164 0.022950819672131147 0.013114754098360656 0.019672131147540985 0.009836065573770493 0.019672131147540985 0.022950819672131147 0.02622950819672131 0.03278688524590164 0.02622950819672131 0.006557377049180328 0.006557377049180328 0.022950819672131147 0.02622950819672131 0.013114754098360656 0.006557377049180328 0.006557377049180328 0.02622950819672131 0.009836065573770493 0.019672131147540985 0.019672131147540985 0.01639344262295082 0.013114754098360656 0.022950819672131147 0.006557377049180328 0.006557377049180328 0.019672131147540985 0.0 
0.028481012658227833 0.022151898734177205 0.00632911392405063 0.028481012658227833 0.02531645569620252 0.003164556962025315 0.02531645569620252 0.02531645569620252 0.01265822784810126 0.028481012658227833 0.03164556962025315 0.028481012658227833 0.018987341772151892 0.00632911392405063 0.02531645569620252 0.01265822784810126 0.022151898734177205 0.03164556962025315 0.015822784810126576 0.028481012658227833 0.02531645569620252 0.00632911392405063 0.003164556962025315 0.02531645569620252 0.00632911392405063 0.00632911392405063 0.003164556962025315 0.022151898734177205 0.003164556962025315 0.02531645569620252 0.03164556962025315 0.02531645569620252 0.003164556962025315 0.018987341772151892 0.009493670886075946 0.028481012658227833 0.009493670886075946 0.003164556962025315 0.009493670886075946 0.02531645569620252 0.022151898734177205 0.003164556962025315 0.00632911392405063 0.018987341772151892 0.02531645569620252 0.003164556962025315 0.028481012658227833 0.018987341772151892 0.02531645569620252 0.028481012658227833 0.028481012658227833 0.028481012658227833 0.015822784810126576 0.01265822784810126 0.01265822784810126 0.003164556962025315 0.0 
0.0035460992907801426 0.01418439716312057 0.02836879432624114 0.017730496453900714 0.03546099290780143 0.03191489361702128 0.01418439716312057 0.021276595744680854 0.01418439716312057 0.007092198581560285 0.03191489361702128 0.02836879432624114 0.0035460992907801426 0.024822695035461 0.0035460992907801426 0.0035460992907801426 0.02836879432624114 0.007092198581560285 0.03191489361702128 0.02836879432624114 0.021276595744680854 0.03191489361702128 0.01418439716312057 0.007092198581560285 0.02836879432624114 0.024822695035461 0.02836879432624114 0.03546099290780143 0.0035460992907801426 0.0035460992907801426 0.02836879432624114 0.021276595744680854 0.021276595744680854 0.0035460992907801426 0.007092198581560285 0.024822695035461 0.01418439716312057 0.0035460992907801426 0.024822695035461 0.010638297872340427 0.01418439716312057 0.024822695035461 0.01418439716312057 0.024822695035461 0.010638297872340427 0.0035460992907801426 0.021276595744680854 0.02836879432624114 0.024822695035461 0.010638297872340427 0.021276595744680854 0.021276595744680854 0.007092198581560285 0.017730496453900714 0.0035460992907801426 0.01418439716312057 0.0 
0.013937282229965153 0.020905923344947733 0.013937282229965153 0.01742160278745644 0.013937282229965153 0.0034843205574912883 0.013937282229965153 0.031358885017421595 0.03484320557491288 0.0034843205574912883 0.027874564459930307 0.02439024390243902 0.020905923344947733 0.0034843205574912883 0.006968641114982577 0.01742160278745644 0.02439024390243902 0.027874564459930307 0.020905923344947733 0.020905923344947733 0.02439024390243902 0.020905923344947733 0.01742160278745644 0.01742160278745644 0.0034843205574912883 0.031358885017421595 0.006968641114982577 0.013937282229965153 0.013937282229965153 0.0034843205574912883 0.0034843205574912883 0.0034843205574912883 0.01742160278745644 0.02439024390243902 0.02439024390243902 0.013937282229965153 0.01742160278745644 0.03484320557491288 0.02439024390243902 0.027874564459930307 0.031358885017421595 0.027874564459930307 0.013937282229965153 0.013937282229965153 0.006968641114982577 0.010452961672473867 0.010452961672473867 0.013937282229965153 0.020905923344947733 0.027874564459930307 0.0034843205574912883 0.006968641114982577 0.020905923344947733 0.020905923344947733 0.027874564459930307 0.03484320557491288 0.0 
0.00895522388059702 0.023880597014925387 0.02686567164179106 0.020895522388059713 0.011940298507462694 0.00895522388059702 0.01791044776119404 0.029850746268656733 0.00895522388059702 0.020895522388059713 0.01791044776119404 0.014925373134328367 0.020895522388059713 0.029850746268656733 0.020895522388059713 0.0029850746268656734 0.029850746268656733 0.011940298507462694 0.005970149253731347 0.02686567164179106 0.0029850746268656734 0.014925373134328367 0.023880597014925387 0.00895522388059702 0.011940298507462694 0.0029850746268656734 0.0029850746268656734 0.029850746268656733 0.029850746268656733 0.0029850746268656734 0.029850746268656733 0.014925373134328367 0.020895522388059713 0.020895522388059713 0.005970149253731347 0.01791044776119404 0.011940298507462694 0.014925373134328367 0.029850746268656733 0.020895522388059713 0.029850746268656733 0.029850746268656733 0.005970149253731347 0.011940298507462694 0.01791044776119404 0.01791044776119404 0.029850746268656733 0.01791044776119404 0.02686567164179106 0.014925373134328367 0.023880597014925387 0.02686567164179106 0.005970149253731347 0.020895522388059713 0.020895522388059713 0.01791044776119404 0.0 
0.003021148036253775 0.027190332326283977 0.018126888217522653 0.030211480362537752 0.027190332326283977 0.0241691842900302 0.021148036253776425 0.00604229607250755 0.0241691842900302 0.027190332326283977 0.0120845921450151 0.0120845921450151 0.027190332326283977 0.015105740181268876 0.00604229607250755 0.0241691842900302 0.030211480362537752 0.018126888217522653 0.0241691842900302 0.027190332326283977 0.003021148036253775 0.00604229607250755 0.0241691842900302 0.0241691842900302 0.030211480362537752 0.027190332326283977 0.021148036253776425 0.009063444108761327 0.009063444108761327 0.003021148036253775 0.0120845921450151 0.009063444108761327 0.009063444108761327 0.030211480362537752 0.015105740181268876 0.021148036253776425 0.021148036253776425 0.009063444108761327 0.015105740181268876 0.003021148036253775 0.009063444108761327 0.027190332326283977 0.0241691842900302 0.0120845921450151 0.018126888217522653 0.018126888217522653 0.021148036253776425 0.030211480362537752 0.027190332326283977 0.0120845921450151 0.009063444108761327 0.018126888217522653 0.015105740181268876 0.021148036253776425 0.0120845921450151 0.018126888217522653 0.0 
0.01333333333333333 0.01333333333333333 0.016666666666666663 0.033333333333333326 0.019999999999999997 0.01333333333333333 0.0033333333333333327 0.033333333333333326 0.016666666666666663 0.006666666666666665 0.02666666666666666 0.0033333333333333327 0.019999999999999997 0.02666666666666666 0.029999999999999992 0.01333333333333333 0.01333333333333333 0.01333333333333333 0.02333333333333333 0.009999999999999998 0.019999999999999997 0.02666666666666666 0.02666666666666666 0.0033333333333333327 0.009999999999999998 0.009999999999999998 0.009999999999999998 0.009999999999999998 0.009999999999999998 0.019999999999999997 0.029999999999999992 0.006666666666666665 0.033333333333333326 0.029999999999999992 0.033333333333333326 0.016666666666666663 0.009999999999999998 0.006666666666666665 0.02333333333333333 0.006666666666666665 0.02333333333333333 0.02333333333333333 0.019999999999999997 0.019999999999999997 0.0033333333333333327 0.009999999999999998 0.02666666666666666 0.029999999999999992 0.019999999999999997 0.016666666666666663 0.029999999999999992 0.033333333333333326 0.0033333333333333327 0.009999999999999998 0.0033333333333333327 0.033333333333333326 0.0 
0.018518518518518517 0.006172839506172839 0.030864197530864196 0.024691358024691357 0.009259259259259259 0.012345679012345678 0.012345679012345678 0.009259259259259259 0.0030864197530864196 0.0030864197530864196 0.030864197530864196 0.018518518518518517 0.0030864197530864196 0.018518518518518517 0.018518518518518517 0.012345679012345678 0.018518518518518517 0.021604938271604937 0.021604938271604937 0.024691358024691357 0.0030864197530864196 0.027777777777777776 0.030864197530864196 0.0030864197530864196 0.012345679012345678 0.009259259259259259 0.021604938271604937 0.018518518518518517 0.021604938271604937 0.018518518518518517 0.030864197530864196 0.015432098765432098 0.027777777777777776 0.018518518518518517 0.030864197530864196 0.015432098765432098 0.009259259259259259 0.0030864197530864196 0.024691358024691357 0.009259259259259259 0.0030864197530864196 0.030864197530864196 0.024691358024691357 0.015432098765432098 0.027777777777777776 0.024691358024691357 0.027777777777777776 0.018518518518518517 0.030864197530864196 0.030864197530864196 0.024691358024691357 0.006172839506172839 0.018518518518518517 0.006172839506172839 0.027777777777777776 0.012345679012345678 0.0 
0.0189873417721519 0.028481012658227847 0.03164556962025317 0.006329113924050633 0.0031645569620253164 0.0031645569620253164 0.006329113924050633 0.0189873417721519 0.028481012658227847 0.0189873417721519 0.00949367088607595 0.028481012658227847 0.00949367088607595 0.0189873417721519 0.015822784810126583 0.012658227848101266 0.00949367088607595 0.0189873417721519 0.02531645569620253 0.006329113924050633 0.006329113924050633 0.03164556962025317 0.00949367088607595 0.0031645569620253164 0.022151898734177215 0.015822784810126583 0.00949367088607595 0.028481012658227847 0.022151898734177215 0.0189873417721519 0.028481012658227847 0.02531645569620253 0.02531645569620253 0.0031645569620253164 0.022151898734177215 0.0189873417721519 0.022151898734177215 0.03164556962025317 0.02531645569620253 0.0031645569620253164 0.006329113924050633 0.02531645569620253 0.022151898734177215 0.0031645569620253164 0.03164556962025317 0.012658227848101266 0.03164556962025317 0.02531645569620253 0.028481012658227847 0.03164556962025317 0.0189873417721519 0.012658227848101266 0.012658227848101266 0.012658227848101266 0.00949367088607595 0.022151898734177215 0.0 
0.01342281879194631 0.023489932885906045 0.006711409395973155 0.020134228187919465 0.02684563758389262 0.010067114093959733 0.0302013422818792 0.020134228187919465 0.0033557046979865775 0.023489932885906045 0.010067114093959733 0.01677852348993289 0.0302013422818792 0.03355704697986578 0.02684563758389262 0.020134228187919465 0.020134228187919465 0.01342281879194631 0.020134228187919465 0.03355704697986578 0.023489932885906045 0.006711409395973155 0.023489932885906045 0.01342281879194631 0.0033557046979865775 0.020134228187919465 0.0033557046979865775 0.02684563758389262 0.02684563758389262 0.01677852348993289 0.03355704697986578 0.02684563758389262 0.0302013422818792 0.0033557046979865775 0.020134228187919465 0.006711409395973155 0.006711409395973155 0.006711409395973155 0.0302013422818792 0.0033557046979865775 0.02684563758389262 0.006711409395973155 0.0302013422818792 0.006711409395973155 0.01342281879194631 0.01342281879194631 0.0033557046979865775 0.0302013422818792 0.0033557046979865775 0.023489932885906045 0.020134228187919465 0.010067114093959733 0.03355704697986578 0.01342281879194631 0.01342281879194631 0.01677852348993289 0.0 
0.01812688821752266 0.02416918429003021 0.00906344410876133 0.015105740181268883 0.006042296072507553 0.015105740181268883 0.01812688821752266 0.00906344410876133 0.0030211480362537764 0.00906344410876133 0.030211480362537766 0.027190332326283987 0.006042296072507553 0.030211480362537766 0.01812688821752266 0.030211480362537766 0.021148036253776436 0.021148036253776436 0.00906344410876133 0.00906344410876133 0.021148036253776436 0.0030211480362537764 0.00906344410876133 0.02416918429003021 0.02416918429003021 0.015105740181268883 0.02416918429003021 0.01812688821752266 0.00906344410876133 0.015105740181268883 0.015105740181268883 0.012084592145015106 0.030211480362537766 0.00906344410876133 0.030211480362537766 0.030211480362537766 0.0030211480362537764 0.027190332326283987 0.02416918429003021 0.01812688821752266 0.01812688821752266 0.027190332326283987 0.012084592145015106 0.015105740181268883 0.012084592145015106 0.021148036253776436 0.012084592145015106 0.02416918429003021 0.00906344410876133 0.027190332326283987 0.00906344410876133 0.02416918429003021 0.030211480362537766 0.015105740181268883 0.027190332326283987 0.02416918429003021 0.0 
0.009009009009009009 0.03003003003003003 0.003003003003003003 0.009009009009009009 0.03003003003003003 0.024024024024024024 0.03003003003003003 0.003003003003003003 0.006006006006006006 0.03003003003003003 0.02702702702702703 0.021021021021021023 0.021021021021021023 0.009009009009009009 0.024024024024024024 0.03003003003003003 0.024024024024024024 0.018018018018018018 0.009009009009009009 0.024024024024024024 0.003003003003003003 0.03003003003003003 0.03003003003003003 0.003003003003003003 0.024024024024024024 0.012012012012012012 0.021021021021021023 0.006006006006006006 0.024024024024024024 0.006006006006006006 0.02702702702702703 0.003003003003003003 0.03003003003003003 0.009009009009009009 0.015015015015015015 0.018018018018018018 0.018018018018018018 0.018018018018018018 0.003003003003003003 0.012012012012012012 0.006006006006006006 0.006006006006006006 0.02702702702702703 0.02702702702702703 0.02702702702702703 0.018018018018018018 0.021021021021021023 0.018018018018018018 0.02702702702702703 0.006006006006006006 0.02702702702702703 0.021021021021021023 0.012012012012012012 0.024024024024024024 0.03003003003003003 0.009009009009009009 0.0 
0.01935483870967742 0.0064516129032258064 0.02903225806451613 0.02258064516129032 0.02903225806451613 0.03225806451612903 0.02258064516129032 0.02258064516129032 0.012903225806451613 0.02903225806451613 0.00967741935483871 0.00967741935483871 0.02903225806451613 0.02258064516129032 0.00967741935483871 0.02903225806451613 0.025806451612903226 0.016129032258064516 0.02903225806451613 0.012903225806451613 0.01935483870967742 0.0032258064516129032 0.016129032258064516 0.00967741935483871 0.012903225806451613 0.02258064516129032 0.02258064516129032 0.00967741935483871 0.025806451612903226 0.01935483870967742 0.016129032258064516 0.0064516129032258064 0.00967741935483871 0.01935483870967742 0.012903225806451613 0.02903225806451613 0.03225806451612903 0.02903225806451613 0.0064516129032258064 0.01935483870967742 0.02258064516129032 0.00967741935483871 0.00967741935483871 0.0032258064516129032 0.02903225806451613 0.0032258064516129032 0.00967741935483871 0.012903225806451613 0.016129032258064516 0.00967741935483871 0.02903225806451613 0.00967741935483871 0.012903225806451613 0.03225806451612903 0.012903225806451613 0.016129032258064516 0.0 
0.03484320557491288 0.031358885017421595 0.02439024390243902 0.006968641114982577 0.03484320557491288 0.031358885017421595 0.02439024390243902 0.02439024390243902 0.031358885017421595 0.020905923344947733 0.01742160278745644 0.027874564459930307 0.010452961672473867 0.013937282229965153 0.010452961672473867 0.013937282229965153 0.027874564459930307 0.010452961672473867 0.027874564459930307 0.006968641114982577 0.02439024390243902 0.013937282229965153 0.02439024390243902 0.013937282229965153 0.031358885017421595 0.01742160278745644 0.01742160278745644 0.0034843205574912883 0.006968641114982577 0.013937282229965153 0.0034843205574912883 0.03484320557491288 0.020905923344947733 0.013937282229965153 0.010452961672473867 0.010452961672473867 0.010452961672473867 0.0034843205574912883 0.006968641114982577 0.010452961672473867 0.006968641114982577 0.0034843205574912883 0.0034843205574912883 0.013937282229965153 0.031358885017421595 0.01742160278745644 0.0034843205574912883 0.01742160278745644 0.010452961672473867 0.01742160278745644 0.020905923344947733 0.031358885017421595 0.031358885017421595 0.03484320557491288 0.02439024390243902 0.006968641114982577 0.0 
1.0 0.0 0.0 0.0 0.0 0.0 0.0 0.0 0.0 0.0 0.0 0.0 0.0 0.0 0.0 0.0 0.0 0.0 0.0 0.0 0.0 0.0 0.0 0.0 0.0 0.0 0.0 0.0 0.0 0.0 0.0 0.0 0.0 0.0 0.0 0.0 0.0 0.0 0.0 0.0 0.0 0.0 0.0 0.0 0.0 0.0 0.0 0.0 0.0 0.0 0.0 0.0 0.0 0.0 0.0 0.0 0.0 

emissions
0 0 0 0 0 0 0 0 0 0 0 0 0 0 0 0 0 0 0 0 0 0 0 0 0 0 0 0 0 0 0 0 0 0 0 0 0 0 0 0 0 0 0 0 0 0 0 0 0 0 0 0 0 0 0 0 1 
1 1 1 1 1 1 1 1 1 1 1 1 1 1 1 1 1 1 1 1 1 1 1 1 1 1 1 1 1 1 1 1 1 1 1 1 1 1 1 1 1 1 1 1 1 1 1 1 1 1 1 1 1 1 1 1 0 
