states
0 1 2 3 4 5 6 7 8 9 10 11 12 13 14 15 16 17 18 19 20 21 22 23 24 25 26 27 28 29 30 31 32 33 34 35 36 37 38 39 40 41 42 43 44 45 46 47 48 49 50 51 52 53 54 55 56 
labels
empty init 
initial
1.0 0.0 0.0 0.0 0.0 0.0 0.0 0.0 0.0 0.0 0.0 0.0 0.0 0.0 0.0 0.0 0.0 0.0 0.0 0.0 0.0 0.0 0.0 0.0 0.0 0.0 0.0 0.0 0.0 0.0 0.0 0.0 0.0 0.0 0.0 0.0 0.0 0.0 0.0 0.0 0.0 0.0 0.0 0.0 0.0 0.0 0.0 0.0 0.0 0.0 0.0 0.0 0.0 0.0 0.0 0.0 0.0
transitions
0.00517984460466186 0.008419747407577774 0.02895913122606322 0.007019789406317811 0.0013899583012509625 0.00010999670009899704 0.01959941201763947 0.035968920932372035 0.013069607911762647 0.004419867403977881 0.00819975400737978 0.007559773206803796 0.029849104526864196 0.018029459116226516 0.006229813105606832 0.005009849704508865 0.019739407817765467 0.02049938501844945 0.014469565913022609 0.0033898983030509083 0.0221693349199524 0.000849974500764977 0.015179544613661592 0.020959371218863435 0.020579382618521446 0.03434896953091407 0.0030899073027809165 0.03378898633041009 0.003669889903302901 0.033009009729708105 0.00924972250832475 0.027119186424407266 0.02444926652200434 0.035368938931832045 0.021259362219133427 0.030299091027269184 0.018319450416487505 0.0007599772006839795 0.01629951101466956 0.019709408717738467 0.03407897763067108 0.015839524814255573 0.013189604311870644 0.01329960101196964 0.008529744107676769 0.007769766906992791 0.030539083827485176 0.022029339119826408 0.03283901482955512 0.03148905532834015 0.0332690019299421 0.023939281821545352 0.0007299781006569803 0.020249392518224454 0.034738957831265065 0.026079217623471297 0.0037998860034198973 
0.02616973830261697 0.023809761902380974 0.02047979520204798 0.027379726202737972 0.005239947600523994 0.02840971590284097 0.006029939700602993 0.000959990400095999 0.00015999840001599985 0.02768972310276897 0.014579854201457984 0.01684983150168498 0.01874981250187498 0.013909860901390986 0.024359756402435973 0.03219967800321997 0.006519934800651992 0.02682973170268297 0.029949700502994968 0.01931980680193198 0.026609733902660974 0.021939780602193978 0.015249847501524983 0.024069759302406974 0.026329736702632972 0.01899981000189998 0.012589874101258986 0.015679843201567983 0.024519754802451974 0.006759932400675993 0.00926990730092699 0.03182968170318296 0.011069889301106988 0.01769982300176998 0.024569754302456975 0.016869831301686983 0.013599864001359985 0.012739872601273987 0.02642973570264297 0.02116978830211698 0.003859961400385996 0.027719722802771973 0.024349756502434976 0.025099749002509972 0.004969950300496994 0.0022699773002269976 0.02779972200277997 0.022379776202237977 0.004549954500454995 0.012239877601223987 0.022929770702292976 0.02836971630283697 0.006179938200617993 0.004599954000459995 0.001909980900190998 0.023519764802351975 0.00965990340096599 
0.007009999999999998 0.030759999999999992 0.028129999999999992 0.0042899999999999995 0.025459999999999993 0.017949999999999997 0.0006699999999999999 0.012199999999999997 0.0060199999999999984 0.008199999999999999 0.019969999999999998 0.024869999999999993 0.016769999999999997 0.0026999999999999997 0.012689999999999996 0.0051199999999999996 0.008889999999999999 0.025599999999999994 0.021139999999999996 0.022719999999999997 0.010629999999999999 0.03386999999999999 0.014809999999999997 0.008939999999999998 0.026249999999999992 0.007129999999999998 0.028099999999999993 0.007929999999999998 0.018849999999999995 0.0026199999999999995 0.020329999999999997 0.023469999999999994 0.030159999999999992 0.012179999999999996 0.009749999999999998 0.010379999999999999 0.032589999999999994 0.017269999999999997 0.011349999999999999 0.033319999999999995 0.030729999999999993 0.022809999999999997 0.021449999999999997 0.022979999999999997 0.014009999999999996 0.0012099999999999997 0.014149999999999996 0.03379999999999999 0.030509999999999992 0.014619999999999996 0.021359999999999997 0.026149999999999993 0.03225999999999999 0.00012999999999999996 0.022039999999999997 0.012009999999999996 0.018689999999999995 
0.005399946000539994 0.03714962850371496 0.036929630703692956 0.017389826101738982 0.0007299927000729992 0.0003499965000349996 0.033649663503364964 0.01778982210177898 0.006439935600643994 0.03019969800301997 0.014999850001499983 0.017009829901700982 0.010939890601093988 0.03556964430355696 0.021439785602143976 0.00020999790002099977 0.023259767402325975 0.022539774602253978 0.029239707602923968 0.006759932400675993 0.03853961460385396 0.006589934100658994 0.015289847101528984 0.013739862601373986 0.01923980760192398 0.0002799972000279997 0.012199878001219988 0.018689813101868978 0.007429925700742992 0.026129738702612974 0.03771962280377195 0.01948980510194898 0.026439735602643972 0.01737982620173798 0.014769852301476984 0.00958990410095899 0.00014999850001499982 0.03348966510334896 0.00903990960090399 0.023219767802321975 0.004939950600493995 0.03585964140358597 0.013049869501304988 0.03441965580344196 0.011989880101198988 6.999930000699992e-05 0.030469695303046967 0.002159978400215998 0.011319886801131988 0.011019889801101988 0.009999900000999989 0.010719892801071988 0.02044979550204498 0.033899661003389966 0.01977980220197798 0.02538974610253897 0.007049929500704992 
0.032079679203207964 0.03486965130348696 0.002039979600203998 0.03322966770332297 0.015039849601503983 0.007539924600753992 0.031949680503194966 0.01748982510174898 0.010129898701012989 0.022889771102288976 0.030259697403025965 0.024099759002409973 0.015809841901580985 0.024159758402415975 0.02657973420265797 0.022429775702242975 0.01731982680173198 0.019699803001969978 0.00890991090089099 0.003809961900380996 0.006059939400605994 0.005849941500584994 0.010049899501004989 0.007029929700702992 0.012559874401255987 0.017839821601783983 0.030339696603033966 0.01900980990190098 0.02718972810271897 0.0077999220007799915 0.034719652803471966 0.025189748102518974 0.0017499825001749982 0.0028599714002859973 0.016079839201607982 0.013049869501304988 0.011479885201147988 0.012489875101248986 0.006489935100648993 0.0020999790002099975 0.013169868301316985 0.014449855501444984 0.0022599774002259976 0.018359816401835982 0.00868991310086899 0.01954980450195498 0.015339846601533983 0.021519784802151977 0.001909980900190998 0.035679643203567965 0.02969970300296997 0.03531964680353196 0.024159758402415975 0.033669663303366966 0.027159728402715973 0.01831981680183198 0.01046989530104699 
0.020640825633025328 0.012380495219808798 0.0027901116044641797 0.011280451218048727 0.0034201368054722204 0.023600944037761522 0.027961118444737802 0.004210168406736272 0.0039601584063362555 0.029351174046961893 0.029231169246769884 0.006250250010000403 0.01663066522660907 0.006980279211168451 0.010410416416656671 0.035621424856994294 0.014310572422896923 0.024130965238609553 0.016800672026881083 0.023330933237329505 0.01563062522500901 0.0170706828273131 0.02341093643745751 0.01828073122924918 0.019930797231889286 0.020260810432417307 0.01597063882555303 0.02451098043921758 0.02293091723668948 0.02651106044241771 0.02887115484619386 0.0017800712028481146 0.0006400256010240413 0.035921436857474315 0.020660826433057333 0.02402096083843355 0.03223128925157008 0.0011800472018880762 0.03477139085563424 0.02741109644385777 0.026901076043041736 0.013710548421936884 0.006060242409696391 0.03152126085043403 0.014160566422656914 0.018400736029441186 0.0063502540101604095 0.017280691227649116 0.016120644825793038 0.0018500740029601193 0.002370094803792153 0.021620864834593394 0.006500260010400419 0.021650866034641395 0.019940797631905285 0.026901076043041736 0.013370534821392862 
0.017010680427217092 0.03919156766270651 0.009740389615584624 0.017140685627425097 0.0055902236089443585 0.0140305612224489 0.0001300052002080083 0.006430257210288412 0.025121004840193608 0.011210448417936718 0.01124044961798472 0.002200088003520141 0.01124044961798472 0.010380415216608666 0.01139045561822473 0.012900516020640827 0.014760590423616946 0.024430977239089564 0.004460178407136286 0.021500860034401374 0.004650186007440297 0.027681107244289772 0.017540701628065123 0.008110324412976518 0.011170446817872715 0.0042401696067842715 0.03209128365134606 0.03313132525301012 0.01452058082323293 0.04274170966838674 0.03818152726109044 0.007560302412096484 0.03674146965878636 0.025711028441137648 0.03603144125765031 0.025201008040321615 0.025801032041281653 0.011270450818032723 0.020710828433137325 0.009400376015040603 0.020150806032241293 0.010980439217568704 0.01782071282851314 0.008550342013680549 0.007790311612464499 0.026001040041601663 0.003210128405136206 0.014600584023360934 0.018340733629345175 0.040021600864034564 0.017920716828673147 0.018200728029121167 0.0036401456058242332 0.024000960038401537 0.039211568462738516 0.016890675627025082 0.010080403216128646 
0.003679926401471971 0.01995960080798384 0.013519729605407893 0.010399792004159917 0.005439891202175957 0.0001499970000599988 0.006849863002739946 0.001899962000759985 0.03177936441271175 0.0126497470050599 0.00040999180016399676 0.011019779604407913 0.02406951860962781 0.001129977400451991 0.003189936201275975 0.027539449211015782 0.002189956200875983 0.03250934981300374 0.007869842603147938 0.019889602207955843 0.022189556208875826 0.018019639607207857 0.020869582608347835 0.025829483410331793 0.028119437611247775 0.015389692206155877 0.014409711805763885 0.01618967620647587 0.00758984820303594 0.03295934081318374 0.025879482410351796 0.03147937041259175 0.00042999140017199657 0.02903941921161577 0.012499750004999902 0.02186956260874783 0.03154936901261975 0.03380932381352373 0.019899602007959843 0.02400951980960381 0.003389932201355973 0.016919661606767868 0.02009959800803984 0.009459810803783926 0.02911941761164777 0.019499610007799845 0.009039819203615927 0.00019999600007999843 0.022529549409011824 0.033029339413211734 0.036189276214475714 0.032969340613187736 0.009239815203695927 0.019479610407791847 0.029799404011919765 0.006179876402471951 0.03467930641387173 
0.014749852501474984 0.001629983700162998 0.030959690403095968 0.021699783002169976 0.013019869801301986 0.023089769102308973 0.012129878701212987 0.021339786602133978 0.007789922100778991 0.03044969550304497 0.03845961540384596 0.023959760402395974 0.03235967640323596 0.007019929800701993 0.0006699933000669993 0.007389926100738992 0.030929690703092965 0.005039949600503995 0.011909880901190988 0.021809781902180976 0.02742972570274297 0.023809761902380974 0.03189968100318996 0.01003989960100399 0.000949990500094999 0.0078099219007809915 0.007689923100768992 0.02522974770252297 0.03464965350346497 0.014469855301446986 0.024029759702402974 0.006349936500634993 0.01958980410195898 0.014189858101418984 0.00886991130088699 0.012669873301266987 0.016189838101618982 0.014789852101478984 0.03632963670363296 0.002889971100288997 0.010849891501084988 0.024749752502474975 0.013899861001389985 0.011239887601123988 0.0049999500004999945 0.029159708402915967 0.007339926600733992 0.005599944000559994 0.021719782802171978 0.006679933200667993 0.024009759902400975 0.033419665803341964 0.015079849201507983 0.03044969550304497 0.03240967590324097 0.022199778002219978 0.00990990090099099 
0.0249690012399504 0.0074497020119195225 0.029428822847086117 0.02891884324627015 0.008809647614095436 0.02920883164673413 0.017619295228190873 0.002779888804447822 0.008129674813007479 0.029438822447102116 0.011299548018079275 0.021179152833886643 0.023659053637854484 0.01637934482620695 0.017409303627854884 0.029438822447102116 0.010109595616175351 0.019859205631774728 0.02127914883404664 0.027418903243870245 0.021039158433662653 0.011689532418703252 0.021509139634414625 0.006429742810287588 0.02574897004119835 0.00027998880044798204 0.005209791608335667 0.02259909603615855 0.02881884724611015 0.031898724051037955 0.022759089636414542 0.015349386024559018 0.018149274029038837 0.005709771609135634 0.008159673613055479 0.025698972041118356 0.008379664813407463 0.0018899244030238789 0.024379024839006436 0.0029598816047358106 0.00998960041598336 0.013559457621695132 0.016509339626414942 0.0218291268349266 0.021649134034638612 0.03130874765009399 0.03187872485100596 0.018939242430302785 0.008709651613935443 0.0016899324027038918 0.009269629214831408 0.01187952481900724 0.03024879004839806 0.0046798128074877 0.020049198032078715 0.029248830046798128 0.02511899524019039 
0.01169 0.03295 0.0036 0.00834 0.02206 0.0019 0.0379 0.02 0.00563 0.00576 0.01018 0.03234 0.01749 0.01663 0.03168 0.00342 0.0339 0.00179 0.00299 0.01396 0.00211 0.03511 0.02929 0.02067 0.03201 0.01818 0.02299 0.03354 0.0091 0.02105 0.03082 0.03707 0.02821 0.00724 0.01078 0.01968 0.00953 0.01949 0.03278 0.00858 0.01112 0.0207 0.01266 0.00642 0.00215 0.00249 0.00537 0.0331 0.03262 0.01227 0.02743 0.00156 0.00985 0.02237 0.02401 0.01301 0.02043 
0.01734017340173402 0.03388033880338804 0.013230132301323014 0.0030200302003020032 0.0039900399003990035 0.02755027550275503 0.03282032820328204 0.008940089400894009 0.027580275802758028 0.011080110801108012 0.024850248502485028 0.01937019370193702 0.0057700577005770064 0.0034000340003400033 0.01892018920189202 0.013600136001360013 0.0002500025000250003 0.000980009800098001 0.016420164201642017 0.011170111701117012 0.01901019010190102 0.017280172801728017 0.012500125001250015 0.000990009900099001 0.012100121001210013 0.004600046000460004 0.030680306803068033 0.0070000700007000075 0.032770327703277036 0.022580225802258023 0.02742027420274203 0.0007300073000730007 0.03125031250312503 0.022630226302263023 0.03419034190341903 0.02856028560285603 0.03192031920319203 0.011350113501135012 0.010900109001090012 0.027270272702727028 0.03127031270312703 0.01829018290182902 0.030980309803098034 0.03390033900339003 0.013110131101311014 0.002750027500275003 0.02683026830268303 0.011150111501115011 0.031610316103161035 0.006330063300633007 0.018430184301843018 0.012770127701277013 0.002480024800248003 0.023330233302333026 0.010550105501055012 0.03145031450314503 0.014870148701487016 
0.021510000000000005 0.008610000000000001 0.030730000000000004 0.03375000000000001 0.006280000000000001 0.014080000000000002 0.006100000000000001 0.03495000000000001 0.022450000000000005 0.011070000000000002 0.010840000000000002 0.020110000000000003 0.037020000000000004 0.006670000000000001 0.007330000000000001 0.021310000000000003 0.014610000000000001 0.016220000000000002 0.007440000000000001 0.007740000000000001 0.024250000000000004 0.010720000000000002 0.019800000000000005 0.03576000000000001 0.020660000000000005 0.011680000000000001 0.007560000000000001 0.019200000000000002 0.018130000000000004 0.018640000000000004 0.018330000000000003 0.007940000000000001 0.03420000000000001 0.015430000000000001 0.021870000000000004 0.020620000000000003 0.036180000000000004 0.006530000000000001 0.020390000000000002 0.019010000000000003 0.016460000000000002 0.03737000000000001 0.018330000000000003 0.010660000000000001 0.008970000000000002 0.03611000000000001 0.025970000000000003 0.03209000000000001 0.014460000000000002 0.029510000000000005 0.007250000000000001 0.0018800000000000002 0.0017900000000000001 0.008690000000000002 0.013130000000000001 0.0051400000000000005 0.006470000000000001 
0.025649743502564964 0.02328976710232897 0.02981970180298196 0.018939810601893974 0.029589704102958962 0.01742982570174298 0.00776992230077699 0.004589954100458995 0.027679723202767965 0.007979920200797989 0.02295977040229597 0.026059739402605968 0.013259867401325983 0.02927970720292796 0.006119938800611992 0.002279977200227997 0.014329856701432983 0.011499885001149984 0.024209757902420966 0.016409835901640978 0.02279977200227997 0.0002299977000229997 0.02217977820221797 0.00035999640003599957 0.03270967290327096 0.00776992230077699 0.026849731502684965 0.014589854101458981 0.032579674203257955 0.02367976320236797 0.014419855801441983 0.0009299907000929989 0.01735982640173598 0.029629703702962962 0.02440975590244097 0.003079969200307996 0.02382976170238297 0.0026299737002629968 0.010879891201087987 0.008839911600883989 0.0019899801001989972 0.014289857101428983 0.0006599934000659991 0.018959810401895975 0.008489915100848988 0.013089869101308983 0.03322966770332296 0.013239867601323983 0.02915970840291596 0.006919930800691991 0.03009969900300996 0.03005969940300596 0.017289827101728977 0.019419805801941976 0.027129728702712966 0.027919720802791963 0.029149708502914963 
0.030919381612367756 0.03045939081218376 0.01738965220695586 0.03621927561448771 0.02281954360912782 0.008439831203375932 0.016639667206655866 0.038529229415411696 0.020219595608087837 0.01587968240635187 0.013089738205235896 0.03961920761584769 0.03928921421571569 0.031049379012419755 0.00888982220355593 0.005359892802143958 0.027849443011139778 0.03445931081378373 0.00753984920301594 0.007209855802883944 0.02143957120857583 0.01506969860602788 0.003279934401311974 0.0256994860102798 0.003179936401271975 0.0009299814003719927 0.00884982300353993 0.030809383812323756 0.025129497410051802 0.007419851602967942 0.023309533809323817 0.027489450210995782 0.024699506009879805 0.018679626407471853 0.010479790404191917 0.0002299954000919982 0.004539909201815964 0.02159956800863983 0.004659906801863963 0.03166936661266775 0.018019639607207857 0.009029819403611928 0.0005599888002239956 0.029569408611827764 0.02162956740865183 0.018619627607447852 0.03357932841343173 0.011079778404431912 0.02640947181056379 0.007949841003179938 0.024799504009919805 0.005929881402371953 0.003139937201255975 0.016549669006619867 0.004489910201795964 0.003269934601307974 0.0043399132017359655 
0.012080120801208008 0.011830118301183008 0.017680176801768012 0.026780267802678018 0.03391033910339102 0.0050000500005000035 0.005770057700577004 0.003000030000300002 0.02656026560265602 0.01919019190191901 0.03343033430334302 0.024140241402414015 0.014340143401434009 0.02902029020290202 0.020840208402084014 0.005840058400584003 0.015800158001580012 0.008020080200802004 0.02877028770287702 0.014560145601456008 0.018610186101861013 0.03281032810328102 0.003930039300393003 0.0068300683006830044 0.028210282102821015 0.011180111801118008 0.01697016970169701 0.027320273202732018 0.02845028450284502 0.005180051800518003 0.011730117301173008 0.020190201902019013 0.004420044200442003 0.028790287902879016 0.03064030640306402 0.027820278202782017 0.0007200072000720005 0.005190051900519003 0.022700227002270014 0.018230182301823012 0.03390033900339002 0.010650106501065007 0.003990039900399002 0.011790117901179007 0.0022800228002280015 0.0013100131001310008 0.01341013410134101 0.011630116301163007 0.028690286902869018 0.031400314003140015 0.01874018740187401 0.018240182401824012 0.02819028190281902 0.014830148301483008 0.03405034050340502 0.011050110501105008 0.01936019360193601 
0.007409703611855527 0.013879444822207114 0.014599416023359069 0.03125874965001401 0.0007599696012159516 0.02444902203911844 0.018019279228830853 0.01974921003159874 0.015909363625454986 0.006329746810127596 0.024629014839406427 0.010409583616655336 0.023639054437822493 0.028938842446302154 0.02338906443742251 0.03442862285508581 0.03315867365305389 0.005939762409503621 0.016909323627054922 0.017969281228750852 0.013239470421183156 0.012589496420143197 0.01125954961801528 0.011349546018159276 0.001629934802607896 0.00797968081276749 0.01660933562657494 0.009769609215631376 0.01502939882404704 0.015159393624255033 0.022659093636254554 0.02726890924363026 0.008119675212991482 0.006989720411183554 0.030458781648734057 0.0003899844006239751 0.008229670813167474 0.03474861005559778 0.01611935522579097 0.025888964441422347 0.028818847246110158 0.007809687612495501 0.023539058437662495 0.0265989360425583 0.010939562417503303 0.026718931242750297 0.006089756409743611 0.025338986440542385 0.021069157233710653 0.0064897404103835855 0.018249270029198836 0.010709571617135318 0.016859325626974925 0.02944882204711812 0.023719051237950487 0.021809127634894607 0.02852885884564618 
0.020840416808336166 0.008240164803296066 0.009450189003780075 0.024790495809916196 0.0020000400008000157 0.004060081201624033 0.0007400148002960059 0.027810556211124222 0.006860137202744054 0.001980039600792016 0.0019500390007800154 0.029720594411888235 0.03587071741434828 0.021810436208724172 0.014410288205764113 0.023470469409388187 0.0010600212004240083 0.015940318806376124 0.011080221604432087 0.0379207584151683 0.014250285005700114 0.005850117002340047 0.026310526210524206 0.015050301006020119 0.0040900818016360325 0.007450149002980059 0.016270325406508128 0.02776055521110422 0.031960639212784255 0.01727034540690814 0.030380607612152243 0.011060221204424087 0.0013100262005240103 0.014740294805896116 0.0006400128002560051 0.03520070401408028 0.011160223204464088 0.03335066701334026 0.02772055441108822 0.031490629812596246 0.008060161203224064 0.023080461609232182 0.027450549010980214 0.007870157403148063 0.015410308206164122 0.031910638212764256 0.02805056101122022 0.024410488209764193 0.015570311406228124 0.02783055661113222 0.010570211404228083 0.017320346406928134 0.03615072301446029 0.015090301806036118 0.01753035060701214 0.007310146202924058 0.023060461209224184 
0.00883 0.00509 0.03384 0.02073 0.00928 0.03339 0.02545 0.02943 0.02198 0.01386 0.00748 0.01632 0.01012 0.0131 0.00357 0.00336 0.00681 0.0278 0.02215 0.0174 0.00829 0.01602 0.02919 0.0138 0.01339 0.03323 0.00358 0.02018 0.03151 0.00426 0.01592 0.02885 0.00894 0.02449 0.01124 0.00364 0.02098 0.02842 0.00889 0.02678 0.03251 0.03081 0.01368 0.02598 0.00855 0.01216 0.00429 0.01515 0.02618 0.01851 0.0238 0.00526 0.02747 0.00781 0.03339 0.0089 0.02396 
0.021980659419782594 0.01400042001260038 0.014700441013230398 0.028940868226046784 0.017090512715381465 0.019110573317199515 0.02178065341960259 0.019770593117793535 0.020440613218396554 0.010270308109243278 0.019090572717181516 0.016820504615138458 0.021990659719791594 0.02436073082192466 0.02104063121893657 0.022270668120043604 0.021440643219296583 0.020810624318729563 0.026850805524165727 0.012690380711421343 0.02687080612418373 0.007130213906417193 0.022060661819854596 0.024460733822014663 0.023820714621438647 0.02887086612598378 0.019400582017460526 0.00035001050031500947 0.019290578717361524 0.007140214206426193 0.009720291608748263 0.02923087692630779 0.018670560116803504 0.007460223806714202 0.022030660919827597 0.026180785423562707 0.005480164404932148 0.020210606318189547 0.014800444013320401 0.02669080072402172 0.0001400042001260038 0.017570527115813476 0.007110213306399192 0.026700801024030725 0.018740562216866506 0.018150544516335493 0.024630738922167668 0.01737052111563347 0.0221006630198906 0.013260397811934358 0.023830714921447647 0.02103063091892757 0.0036901107033211 0.018200546016380492 0.003140094202826085 0.0019500585017550528 0.007060211806354191 
0.005300159004770146 0.028520855625668782 0.030400912027360835 0.011750352510575322 0.024830744922347683 0.03230096902907089 0.019900597017910547 0.02774083222496676 0.021750652519575593 0.002410072302169066 0.026840805224156734 0.017060511815354465 0.010140304209126278 0.03069092072762184 0.022440673220196616 0.006670200106003182 0.0035501065031950975 0.0292408772263168 0.010020300609018274 0.013750412512375377 0.010080302409072277 0.006730201906057184 0.011920357610728327 0.0016600498014940456 0.008970269108073246 0.0182505475164255 0.010090302709081277 0.024730741922257677 0.025510765322959702 0.023480704421132644 0.024700741022230677 0.0035201056031680966 0.006350190505715174 0.03242097262917889 0.005250157504725145 0.03360100803024092 0.014830444913347406 0.011930357910737327 0.017280518415552473 0.023490704721141644 0.030430912927387834 0.013780413412402378 0.0062201866055981705 0.01971059131773954 0.033160994829844914 0.010590317709531291 0.006490194705841178 0.02377071312139365 0.02579077372321171 0.02879086372591179 0.008290248707461229 0.032290968729061884 0.025740772223166706 0.002660079802394073 0.013070392111763359 0.02840085202556078 0.0007000210006300191 
0.021899343019709402 0.022359329220123392 0.028729138125856216 0.0005199844004679858 0.0045198644040678766 0.005439836804895852 0.017749467515974515 0.020369388918332447 0.023319300420987368 0.02536923892283231 0.03048908532744017 0.003089907302780916 0.027389178324650255 0.01721948341549753 0.010589682309530713 0.010879673609791704 0.01944941651750447 0.01433956981290561 0.025219243422697313 0.005989820305390837 0.035628931132066034 0.016509504714858552 0.03383898483045508 0.03528894133176004 0.017519474415767525 0.0043998680039598805 0.02321930342089737 0.0045798626041218754 0.026219213423597287 0.014709558713238601 0.01285961421157365 0.00846974590762277 0.005249842504724858 0.004999850004499864 0.0019599412017639465 0.03385898423047308 0.01957941261762147 0.019659410217693466 0.03858884233472995 0.016719498415047544 0.006349809505714827 0.021099367018989425 0.03245902622921312 0.002359929202123936 0.0030299091027269176 0.0037298881033568983 0.022779316620501384 0.00040998770036898883 0.017479475615731523 0.004879853604391867 0.02609921702348929 0.0057798266052018436 0.03783886483405497 0.03180904572862813 0.00585982420527384 0.036768896933091995 0.03247902562923112 
0.02194131647898874 0.020391223473408403 0.011740704442266535 0.017061023661419684 0.0021101266075964557 0.00019001140068404103 0.034672080324819485 0.01352081124867492 0.0017401044062643758 0.011400684041042462 0.025401524091445485 0.02575154509270556 0.029711782706962418 0.004510270616236974 0.0074704482268936135 0.01788107286437186 0.01969118147088825 0.017351041062463747 0.028461707702462147 0.031451887113226794 0.03087185231113867 0.024121447286837207 0.0006800408024481469 0.007560453627217633 0.023901434086045163 0.024221453287197228 0.03153189191351481 0.003440206412384743 0.03631217873072384 0.0011000660039602375 0.02358141488489309 0.009580574834490069 0.005220313218793127 0.005620337220233214 0.01834110046602796 0.012230733844030641 0.013970838250295017 0.03355201312078725 0.03438206292377542 0.024621477288637318 0.016801008060483628 0.035382122927375644 0.031651899113946835 0.0012800768046082765 0.014530871852311137 0.014090845450727044 0.01366081964917895 0.010290617437046222 0.01518091085465128 0.007600456027361641 0.015440926455587336 0.014370862251735105 0.0007300438026281576 0.033852031121867306 0.028761725703542212 0.01445086705202312 0.024631477888673318 
0.018370183701837017 0.018870188701887017 0.007480074800748006 0.02134021340213402 0.007870078700787007 0.02371023710237102 0.020730207302073016 0.02313023130231302 0.014080140801408013 0.018380183801838017 0.0006100061000610005 0.007160071600716006 0.023900239002390022 0.002050020500205002 0.030800308003080028 0.007380073800738006 0.03128031280312803 0.029850298502985026 0.028540285402854023 0.028640286402864024 0.029250292502925025 0.019310193101931016 9.000090000900009e-05 0.027100271002710022 0.029870298702987026 0.005890058900589005 0.009060090600906009 0.031660316603166025 0.015230152301523013 0.02159021590215902 0.030560305603056025 0.019480194801948018 0.016940169401694013 0.01209012090120901 0.02176021760217602 0.008140081400814007 0.010740107401074008 0.027660276602766026 0.00990009900099001 0.031410314103141025 0.003690036900369003 0.02288022880228802 0.014500145001450013 0.030900309003090026 0.004620046200462004 0.026450264502645024 0.01296012960129601 0.02503025030250302 0.01157011570115701 0.012760127601276011 0.009000090000900006 0.014190141901419012 0.007360073600736006 0.018010180101801016 0.0022600226002260017 0.01072010720107201 0.031190311903119026 
0.003889883303500895 0.021209363719088426 0.035568932932012035 0.029589112326630203 0.0002799916002519924 0.03676889693309201 0.006829795106146816 0.019229423117306483 0.007989760307190785 0.01601951941441757 0.01681949541513755 0.029799106026819195 0.02513924582262532 0.010059698209053728 0.021019369418917435 0.014319570412887613 0.03076907692769217 0.0018999430017099487 0.00031999040028799137 0.008449746507604772 0.029809105726828197 0.01374958751237463 0.019029429117126486 0.0295791126266212 0.033009009729708105 0.03079907602771917 0.011439656810295691 0.009589712308630741 0.02039938801835945 0.017609471715848524 0.022779316620501387 0.014619561413157605 0.025489235322940312 0.0334489965301041 0.030139095827125185 0.00033998980030599087 0.002039938801835945 0.014739557813265603 0.01442956711298661 0.013969580912572622 0.01987940361789146 0.00147995560133196 0.029659110226693198 0.036748897533074004 0.004219873403797886 0.002669919902402928 0.009919702408927733 0.0068097957061288164 0.0025999220023399296 0.03209903702888913 0.027719168424947253 0.0012099637010889674 0.036868893933182004 0.016139515814525565 0.016839494815155547 0.011049668509944703 0.02110936671899843 
0.0068802064061921865 0.03417102513075392 0.02721081632448974 0.012810384311529347 0.02062061861855856 0.006420192605778174 0.03474104223126694 0.03237097112913388 0.006160184805544167 0.02471074132223967 0.025970779123373703 0.010400312009360282 0.02370071102133064 0.016760502815084455 0.011490344710341311 0.031140934228026846 0.004180125403762113 0.03557106713201396 0.006470194105823175 0.02734082022460674 0.0032700981029430884 0.010050301509045272 0.004350130503915118 0.02766082982489475 0.033381001430042904 0.02101063031890957 0.012730381911457344 0.013510405312159366 0.01330039901197036 0.026050781523445705 0.013170395111853356 0.013810414312429374 0.024600738022140668 0.001030030900927028 0.027110813324399734 0.017550526515795476 0.014200426012780385 0.007240217206516196 0.033431002930087904 0.0058101743052291575 0.004290128703861117 0.0073102193065791975 0.027390821724651744 0.00997029910897327 0.03354100623018691 0.013010390311709353 0.011710351310539317 0.02759082772483175 0.009840295208856266 0.018770563116893506 0.024950748522455674 0.01184035521065632 0.011880356410692322 0.015520465613968422 0.021170635119053576 0.003770113103393102 0.025050751522545676 
0.025899741002589977 0.026179738202617975 0.028259717402825978 0.03302966970330297 0.03387966120338797 0.0060199398006019955 0.027579724202757977 0.028539714602853976 0.018139818601813986 0.029899701002989974 0.010619893801061991 0.02624973750262498 0.0031899681003189975 0.02357976420235798 0.003529964700352997 0.017579824201757983 0.013799862001379988 0.01086989130108699 0.025819741802581977 0.031529684703152976 0.005339946600533996 0.0051599484005159955 0.012909870901290988 0.007899921000789994 0.008119918800811993 6.999930000699993e-05 0.006169938300616995 0.032859671403285974 0.02366976330236698 0.02096979030209698 0.009989900100998992 0.020799792002079983 0.004149958500414996 0.018499815001849985 0.008209917900820993 0.02290977090229098 0.002139978600213998 0.020009799902000983 0.02461975380246198 0.02181978180218198 0.006459935400645994 0.017499825001749986 0.006229937700622995 0.005269947300526996 0.03166968330316697 0.014529854701452988 0.02237977620223798 0.018399816001839986 0.005729942700572995 0.023029769702302978 0.005939940600593995 0.027589724102758978 0.013449865501344988 0.029279707202927975 0.017579824201757983 0.021359786402135983 0.033089669103308975 
0.010739892601073988 0.024839751602483976 0.0013899861001389984 0.024329756702432974 0.005089949100508994 0.021629783702162977 0.01705982940170598 0.015249847501524983 0.022229777702222977 0.03756962430375696 0.0024999750002499973 0.032919670803291966 0.03430965690343096 0.0036999630003699963 0.01661983380166198 0.011959880401195987 0.000969990300096999 0.01913980860191398 0.024249757502424973 0.03861961380386196 0.01955980440195598 0.021499785002149975 0.003029969700302997 0.018059819401805982 0.007499925000749991 0.02742972570274297 0.012759872401275987 0.005939940600593993 0.032999670003299966 0.012409875901240985 0.007209927900720992 0.035089649103508966 0.024109758902410974 0.002779972200277997 0.026189738102618973 0.030769692303076968 0.025879741202587972 0.02716972830271697 0.03522964770352296 0.007769922300776992 0.013049869501304988 0.020099799002009977 0.019999800001999978 0.03703962960370396 0.00861991380086199 0.01054989450105499 0.005079949200507995 0.029229707702922967 0.0025499745002549976 0.021879781202187976 0.025029749702502973 0.00945990540094599 0.004229957700422996 0.00958990410095899 0.01974980250197498 0.0026399736002639972 0.012699873001269986 
0.028930578611572236 0.0063001260025200515 0.018640372807456153 0.012530250605012101 0.0032100642012840262 0.010880217604352089 0.007880157603152063 0.032900658013160264 0.005730114602292047 0.010310206204124083 0.02316046320926419 0.013950279005580114 0.004170083401668034 0.006820136402728055 0.03313066261325227 0.029060581211624234 0.027630552611052222 0.009420188403768076 0.02853057061141223 0.0361307226144523 0.019590391807836158 0.009700194003880079 0.021600432008640178 0.03447068941378828 0.0072001440028800585 0.001360027200544011 0.004620092401848038 0.033370667413348265 0.020350407008140167 0.0364607292145843 0.035280705614112284 0.03311066221324427 0.009900198003960081 0.019160383207664156 0.0122702454049081 0.01754035080701614 0.016350327006540134 0.0012400248004960101 0.026820536410728218 0.03618072361447229 0.01469029380587612 0.0035100702014040286 0.03610072201444029 0.004690093801876038 0.02919058381167624 0.00879017580351607 0.017900358007160146 0.000250005000100002 0.026120522410448214 0.023280465609312188 0.00975019500390008 0.011490229804596094 0.019890397807956164 0.007290145802916059 0.005660113202264046 0.03370067401348027 0.0018000360007200146 
0.013700411012330374 0.010070302109063275 0.009620288608658262 0.0009000270008100244 0.009700291008730265 0.03203096092882787 0.0036001080032400977 0.008200246007380224 0.005010150304509136 0.03124093722811685 0.022440673220196612 0.013490404712141368 0.03569107073212197 0.030420912627378827 0.011230336910107306 0.00010000300009000272 0.02097062911887357 0.011840355210656323 0.02648079442383272 0.015550466513995423 0.011140334210026304 0.023330699920997636 0.03079092372771184 0.006750202506075184 0.005930177905337162 0.0021500645019350583 0.007800234007020212 0.0014200426012780387 0.0009800294008820267 0.0220506615198456 0.02644079322379672 0.011140334210026304 0.025240757222716684 0.03557106713201397 0.03755112653379602 0.0017000510015300462 0.0018200546016380495 0.037581127433823025 0.002860085802574078 0.031960958828764874 0.03093092792783784 0.011880356410692324 0.00955028650859526 0.0294008820264608 0.03245097352920588 0.0036701101033031 0.028440853225596772 0.0013400402012060364 0.010390311709351282 0.025230756922707685 0.014060421812654381 0.03482104463133894 0.03572107163214897 0.00041001230036901115 0.03175095252857586 0.026770803124093728 0.036681100433012995 
0.02412975870241298 0.016119838801611986 0.01237987620123799 0.009169908300916992 0.008209917900820993 0.01301986980130199 0.02538974610253898 0.006119938800611994 0.005329946700532995 0.013579864201357988 0.021349786502134982 0.009739902600973993 0.023969760302396982 0.008569914300856992 0.018279817201827985 0.009999900000999993 0.007629923700762993 0.016779832201677985 0.029879701202987975 0.0005599944000559995 0.019369806301936982 0.01174988250117499 0.008289917100828994 0.016729832701672984 0.007829921700782994 0.024809751902480977 0.027249727502724978 0.025889741102588976 0.02465975340246598 0.027909720902790976 0.028459715402845975 0.009989900100998992 0.02493975060249398 0.025379746202537978 0.005489945100548996 0.029859701402985977 0.02197978020219798 0.03215967840321597 0.013739862601373989 0.018609813901860985 0.002559974400255998 0.0017899821001789984 0.016799832001679983 0.014539854601453989 0.027619723802761974 0.01126988730112699 0.02704972950270498 0.031299687003129975 0.004429955700442996 0.015369846301536988 0.027319726802731977 0.020449795502044982 0.033249667503324976 0.028879711202887976 0.029749702502974974 0.003389966100338997 0.018929810701892983 
0.004159958400415995 0.00850991490085099 0.014419855801441983 0.0007499925000749991 0.02416975830241697 0.019539804601953974 0.009839901600983986 0.02240977590224097 0.013339866601333981 0.035789642103578954 0.024529754702452968 0.019149808501914976 0.026079739202607966 0.01578984210157898 0.026159738402615967 0.03642963570364295 0.015919840801591978 0.01555984440155598 0.027589724102758964 0.014499855001449981 0.024979750202497968 0.03033969660303396 0.007229927700722991 0.018719812801871977 0.03667963320366795 0.018319816801831975 0.026699733002669968 0.03330966690333095 0.020909790902090976 0.021089789102108975 0.004299957000429995 0.004949950500494994 0.00732992670073299 0.008309916900830988 0.005609943900560993 0.02313976860231397 0.03822961770382295 0.011869881301186986 0.0008699913000869988 0.036389636103638955 0.005759942400575993 0.0005999940000599992 0.009939900600993987 0.017709822901770977 0.020679793202067975 0.01499985000149998 0.009699903000969987 0.022449775502244973 0.014239857601423982 0.005769942300576992 0.02282977170228297 0.002529974700252997 0.037219627803721955 0.011529884701152985 0.01585984140158598 0.03145968540314596 0.0028099719002809965 
0.00038 0.00447 0.04049 0.01203 0.00677 0.02366 0.00477 0.01511 0.02357 0.01983 0.01025 0.00092 0.02361 0.0115 0.01473 0.00644 0.03482 0.02721 0.00955 0.00974 0.00111 0.002 0.03177 0.0077 0.02161 0.00121 0.01323 0.03981 0.0066 0.03167 0.00565 0.00789 0.01241 0.0386 0.02423 0.01087 0.00993 0.03969 0.02502 0.01682 0.03613 0.00623 0.01884 0.0377 0.00416 0.0043 0.02576 0.02721 0.01447 0.03995 0.00927 0.03391 0.01914 0.02526 0.03458 0.01398 0.00144 
0.006140122802456048 0.016200324006480128 0.018120362407248142 0.02772055441108822 0.0067901358027160534 0.01777035540710814 0.011190223804476089 0.02143042860857217 0.027040540810816215 0.006080121602432049 0.01133022660453209 0.0024000480009600186 0.025570511410228203 0.013170263405268104 0.009300186003720073 0.025340506810136203 0.018380367607352146 0.02647052941058821 0.022050441008820174 0.01871037420748415 0.025720514410288203 0.008520170403408068 0.01781035620712414 0.03024060481209624 0.02255045100902018 0.023360467209344184 0.016880337606752133 0.028720574411488228 0.011950239004780094 0.020750415008300164 0.023660473209464187 0.029880597611952237 0.024430488609772195 0.0009300186003720074 0.003060061201224024 0.018020360407208145 0.03060061201224024 0.0028300566011320223 0.0127202544050881 0.018180363607272147 0.027360547210944216 0.013210264205284103 0.02896057921158423 0.0004100082001640032 0.02629052581051621 0.028150563011260225 0.002020040400808016 0.02236044720894418 0.027570551411028217 0.030680613612272242 0.008510170203404067 0.012710254205084101 0.012790255805116101 0.0010700214004280085 0.02381047620952419 0.005280105602112042 0.026790535810716214 
0.025379746202537978 0.018749812501874984 0.022189778102218984 0.01047989520104799 0.023299767002329982 0.003659963400365997 0.027889721102788978 0.016019839801601987 0.019299807001929986 0.02286977130228698 0.02443975560244398 0.028069719302806977 0.005619943800561996 0.007129928700712994 0.013849861501384987 0.026669733302666976 0.017199828001719986 0.02293977060229398 0.027129728702712977 0.021459785402145982 0.02714972850271498 0.008189918100818993 0.015069849301506988 0.0048599514004859954 0.016989830101698987 0.027199728002719976 0.01114988850111499 0.025829741702582978 0.02890971090289098 0.014369856301436989 0.019349806501934984 0.021929780702192984 0.010119898801011992 0.01296987030129699 0.02238977610223898 0.02500974990250098 0.011109888901110991 0.01292987070129299 0.02577974220257798 0.011769882301176988 0.02372976270237298 0.007009929900700994 0.0067199328006719945 0.025489745102548977 0.024229757702422982 0.005129948700512995 0.02575974240257598 0.011909880901190991 0.02171978280217198 0.019079809201907983 0.013029869701302989 0.007479925200747993 0.015869841301586984 0.027929720702792975 0.0031599684003159973 0.02118978810211898 0.0031399686003139972 
0.009040180803616071 0.015450309006180125 0.013030260605212104 0.025260505210104204 0.023510470209404187 0.025270505410108203 0.0023200464009280187 0.012080241604832098 0.010600212004240085 0.021740434808696172 0.010770215404308087 0.016610332206644134 0.00887017740354807 0.029920598411968237 0.009340186803736075 0.00863017260345207 0.0028900578011560236 0.02258045160903218 0.009440188803776076 0.01718034360687214 0.0003000060001200024 0.017780355607112143 0.004540090801816036 0.01863037260745215 0.015360307206144123 0.028720574411488228 0.005330106602132042 0.018220364407288147 0.014660293205864117 0.01606032120642413 0.03080061601232025 0.03200064001280026 0.007530150603012061 0.007730154603092062 0.029010580211604235 0.005110102202044041 0.019330386607732154 0.02613052261045221 0.005150103002060041 0.026890537810756215 0.015790315806316124 0.03345066901338027 0.02762055241104822 0.027020540410808216 0.0249404988099762 0.0247204944098882 0.01964039280785616 0.016810336206724133 0.010920218404368087 0.02353047060941219 0.019140382807656155 0.02713054261085222 0.01947038940778816 0.015970319406388128 0.01947038940778816 0.0249704994099882 0.025580511610232205 
0.01614048421452644 0.006060181805454164 0.03684110523315699 0.028850865525965778 0.009650289508685262 0.0003600108003240097 0.011150334510035302 0.035401062031860955 0.0036901107033210996 0.0008400252007560227 0.015340460213806414 0.02563076892306769 0.007860235807074213 0.008600258007740232 0.028500855025650768 0.0025800774023220694 0.03074092222766683 0.03924117723531705 0.0044201326039781195 0.013620408612258368 0.0068302049061471845 0.021270638119143575 0.02930087902637079 0.0032600978029340877 0.008370251107533226 0.017960538816164485 0.018080542416272487 0.00026000780023400697 0.03960118803564107 0.031400942028260846 0.036421092632778984 0.01155034651039531 0.025490764722941685 0.0008600258007740232 0.018000540016200484 0.022460673820214605 0.006650199505985179 0.0051701551046531395 0.01033030990929728 0.015780473414202426 0.03493104793143795 0.031180935428062842 0.03302099062971889 0.00777023310699321 0.007890236707101213 0.00813024390731722 0.026250787523625706 0.03320099602988089 0.004150124503735112 0.018320549616488494 0.013210396311889356 0.026210786323589707 0.009100273008190246 0.023700711021330638 0.010920327609828294 0.02891086732601978 0.028530855925677768 
0.02931058621172423 0.007030140602812055 0.028650573011460224 0.028230564611292225 0.0016000320006400127 0.003290065801316026 0.01008020160403208 0.007450149002980059 0.036720734414688296 0.0006600132002640052 0.03247064941298826 0.005640112802256045 0.0038300766015320303 0.023660473209464187 0.035320706414128274 0.01634032680653613 0.013770275405508108 0.005840116802336046 0.03328066561331226 0.016890337806756132 0.019610392207844152 0.00251005020100402 0.02310046200924018 0.004710094201884037 0.034830696613932274 0.013990279805596112 0.02796055921118422 0.027140542810856216 0.018430368607372145 0.015990319806396126 0.02099041980839617 0.017000340006800136 0.00035000700014000275 0.013650273005460109 0.002790055801116022 0.024690493809876195 0.00632012640252805 0.031540630812616245 0.023320466409328184 0.015480309606192124 0.004360087201744035 0.03423068461369227 0.028570571411428228 0.017960359207184143 0.03368067361347227 0.004340086801736034 0.01656033120662413 0.007920158403168063 0.022140442808856176 0.02081041620832416 0.0004900098001960039 0.023110462209244183 0.015360307206144123 0.023000460009200183 0.01390027800556011 0.024570491409828196 0.024520490409808193 
0.026520265202652025 0.012930129301293013 0.01802018020180202 0.03590035900359004 0.03440034400344003 0.026440264402644027 0.0005400054000540005 0.0049500495004950055 0.03529035290352903 0.03502035020350203 0.027510275102751027 0.021330213302133017 0.031440314403144036 0.0036300363003630032 0.022500225002250022 0.024680246802468025 0.028460284602846025 0.009620096200962009 0.0008400084000840008 0.02195021950219502 0.024550245502455024 0.019780197801978018 0.023580235802358022 0.028560285602856027 0.016690166901669017 0.003180031800318003 0.005140051400514004 0.01066010660106601 0.02213022130221302 0.025440254402544025 0.0014000140001400013 0.028710287102871025 0.0017100171001710016 0.007660076600766007 0.015380153801538014 0.024250242502425023 0.018640186401864017 0.016180161801618017 0.003170031700317003 0.012390123901239012 0.0028400284002840026 0.01202012020120201 0.008730087300873008 0.016910169101691016 0.01985019850198502 0.03177031770317703 0.0003200032000320003 0.034480344803448026 0.007430074300743007 0.013300133001330011 0.011750117501175012 0.002120021200212002 0.018160181601816018 0.03266032660326603 0.019780197801978018 0.012260122601226012 0.024440244402444022 
0.012600252005040103 0.03064061281225625 0.018540370807416152 0.016910338206764138 0.019070381407628154 0.02343046860937219 0.018070361407228147 0.008880177603552072 0.02559051181023621 0.0007700154003080062 0.02223044460889218 0.03215064301286026 0.0247804956099122 0.01590031800636013 0.01996039920798416 0.014130282605652114 0.009850197003940079 0.017070341406828136 0.031200624012480253 0.012010240204804097 0.009590191803836077 0.03246064921298426 0.011900238004760097 0.017620352407048144 0.03073061461229225 0.02670053401068022 0.023930478609572193 0.03536070721414429 0.007210144202884059 0.02196043920878418 0.010510210204204085 0.006480129602592052 0.030430608612172245 0.0246604932098642 0.003110062201244025 0.027650553011060227 0.0026400528010560214 0.002200044000880018 0.011440228804576093 0.023000460009200186 0.015400308006160126 0.013250265005300108 0.032030640612812265 0.022460449208984185 0.004240084801696034 0.013410268205364109 0.015550311006220126 0.023310466209324192 0.02687053741074822 0.004580091601832037 0.005450109002180044 0.02799055981119623 0.029990599811996244 0.0021500430008600173 0.0008300166003320068 0.02315046300926019 0.005960119202384049 
0.007080070800708007 0.035890358903589034 0.013830138301383013 0.004870048700487004 0.012760127601276013 0.02182021820218202 0.015260152601526014 0.004510045100451004 0.025030250302503023 0.006100061000610006 0.02020020200202002 0.03014030140301403 0.0015400154001540013 0.016850168501685015 0.034930349303493036 0.00954009540095401 0.016230162301623018 0.013200132001320013 0.036660366603666034 0.011690116901169011 0.013300133001330011 0.015840158401584016 0.01007010070100701 0.012110121101211012 0.013480134801348014 0.027630276302763025 0.027200272002720023 0.03403034030340303 0.009720097200972009 0.0007700077000770007 0.010570105701057009 0.028480284802848026 0.0015300153001530014 0.03573035730357303 0.02000020000200002 0.021970219702197022 0.0015700157001570015 0.036720367203672034 0.03488034880348803 0.03040030400304003 0.014490144901449013 0.0036200362003620036 0.036510365103651035 0.014400144001440013 0.03611036110361104 0.015400154001540016 0.013960139601396013 0.006170061700617006 0.027280272802728024 0.003040030400304003 0.028060280602806027 0.016730167301673014 0.015120151201512014 0.017540175401754017 0.011800118001180011 0.012260122601226012 0.0033700337003370034 
0.015459690806183878 0.006549869002619948 0.018019639607207857 0.0030799384012319755 0.002209955800883983 0.02666946661066779 0.035339293214135724 0.03340933181336374 0.004209915801683967 0.005179896402071959 0.009949801003979922 0.024869502609947802 0.0026399472010559793 0.03145937081258375 0.03179936401271975 0.03037939241215176 0.031219375612487756 0.002409951800963981 0.01771964560708786 0.026689466210675788 0.000639987200255995 0.0019299614007719848 0.013999720005599889 0.0032099358012839746 0.027719445611087783 0.012179756404871903 0.017919641607167858 0.013389732205355895 0.02015959680806384 0.03303933921321574 0.017269654606907863 0.005309893802123958 0.012129757404851903 0.009109817803643928 0.01859962800743985 0.038409231815363695 0.017999640007199856 0.007729845403091939 0.019279614407711847 0.025579488410231797 0.02297954040919182 0.03248935021299574 0.0384292314153717 0.007009859802803944 0.0126997460050799 0.028279434411311775 0.016949661006779866 0.028319433611327778 0.01651966960660787 0.0027099458010839787 0.019609607807843845 0.0070798584028319445 0.03602927941441172 0.004019919601607969 0.01019979600407992 0.038859222815543694 0.0029499410011799765 
0.012599999999999997 0.011479999999999999 0.016209999999999995 0.004699999999999999 0.003489999999999999 0.030899999999999993 0.034659999999999996 0.0007799999999999998 0.035949999999999996 0.007729999999999998 0.008909999999999998 0.005659999999999999 0.03479999999999999 0.020299999999999995 0.03382999999999999 0.03255999999999999 0.020789999999999996 0.0021199999999999995 0.022749999999999996 0.026989999999999993 0.034179999999999995 0.020269999999999996 0.02957999999999999 0.009769999999999997 0.009839999999999998 0.013569999999999997 0.004489999999999999 0.0025599999999999998 0.013039999999999996 0.022669999999999996 0.007819999999999999 0.025859999999999994 0.019299999999999998 0.028949999999999993 0.022729999999999997 0.025399999999999992 0.004159999999999999 0.015749999999999997 0.020119999999999996 0.0022499999999999994 0.026239999999999992 0.031569999999999994 0.021299999999999996 0.032999999999999995 0.0031999999999999993 0.027039999999999995 0.019549999999999998 0.012679999999999997 0.030709999999999994 0.0016099999999999997 0.014929999999999997 0.0055899999999999995 0.028949999999999993 0.0025599999999999998 0.03568999999999999 0.0018299999999999996 0.004029999999999999 
0.02238022380223802 0.02214022140221402 0.02098020980209802 0.03541035410354103 0.027590275902759025 0.003260032600326003 0.022630226302263023 0.02121021210212102 0.03030030300303003 0.009680096800968008 0.004890048900489005 0.0038900389003890035 0.015910159101591017 0.0019600196001960018 0.02074020740207402 0.006290062900629005 0.006550065500655007 0.006200062000620006 0.02989029890298903 0.003960039600396004 0.0018900189001890017 0.026250262502625025 0.016890168901689016 0.010140101401014009 0.012700127001270012 0.013230132301323014 0.003110031100311003 0.023500235002350024 0.012900129001290013 0.011050110501105012 0.01947019470194702 0.0074700747007470075 0.025100251002510024 0.015860158601586013 0.03148031480314803 0.001160011600116001 0.026500265002650025 0.024550245502455024 0.027800278002780024 0.024430244302443022 0.022230222302223022 0.002920029200292003 0.016140161401614016 0.007630076300763007 0.025070250702507024 0.02949029490294903 0.03544035440354403 0.009810098100981008 0.025080250802508027 0.029130291302913027 0.03421034210342103 0.009260092600926008 0.014740147401474014 0.025180251802518025 0.014690146901469013 0.03387033870338703 0.013760137601376014 
0.008080080800808007 0.02638026380263802 0.00010000100001000008 0.018620186201862014 0.024210242102421016 0.0020900209002090013 0.020760207602076017 0.006330063300633004 0.03084030840308402 0.01413014130141301 0.02440024400244002 0.031410314103141025 0.02528025280252802 0.028770287702877023 0.016570165701657015 0.0031200312003120023 0.012240122401224008 0.015640156401564013 0.02483024830248302 0.004050040500405003 0.00020000200002000016 0.005400054000540004 0.007040070400704005 0.006660066600666005 0.019710197101971014 0.008860088600886006 0.03146031460314602 0.006310063100631004 0.020060200602006015 0.03110031100311002 0.020090200902009015 0.022700227002270017 0.022120221202212017 0.015110151101511012 0.03290032900329002 0.02630026300263002 0.007720077200772006 2.0000200002000016e-05 0.032470324703247025 0.03155031550315503 0.020680206802068016 0.019630196301963016 0.019930199301993013 0.019130191301913017 0.015470154701547011 0.03059030590305902 0.029360293602936023 0.004210042100421003 0.01419014190141901 0.02757027570275702 0.021680216802168018 0.004920049200492003 0.02680026800268002 0.01530015300153001 0.02691026910269102 0.005360053600536004 0.01263012630126301 
0.01703017030170302 0.0018300183001830022 0.005460054600546006 0.032150321503215035 0.021740217402174026 0.03261032610326104 0.0009100091000910011 0.029050290502905033 0.004180041800418004 0.006420064200642008 0.03389033890338904 0.00907009070090701 0.03157031570315704 0.011460114601146014 0.005930059300593008 0.025770257702577033 0.021750217502175023 0.005410054100541006 0.008290082900829011 0.029240292402924032 0.01668016680166802 0.0077000770007700095 0.019460194601946024 0.018450184501845022 0.012450124501245014 0.012250122501225015 0.03352033520335204 0.028400284002840035 0.029930299302993034 0.029120291202912034 0.007010070100701008 0.020890208902089022 0.004310043100431005 0.00870008700087001 0.008790087900879009 0.029670296702967034 0.008840088400884011 0.011350113501135014 0.014800148001480018 0.007370073700737009 0.007790077900779009 0.026710267102671034 0.021160211602116025 0.011830118301183015 0.033370333703337036 0.03114031140311404 0.008290082900829011 0.01877018770187702 0.02658026580265803 0.019560195601956026 0.022550225502255026 0.009820098200982012 0.006140061400614007 0.02523025230252303 0.031360313603136035 0.012890128901289016 0.023350233502335026 
0.010849457527123643 0.007099645017749112 0.004209789510524474 0.025218739063046846 0.007199640017999099 0.0033398330083495823 0.015489225538723063 0.019549022548872554 0.03172841357932103 0.027068646567671613 0.0043497825108744555 0.030188490575471225 0.000919954002299885 0.027998600069996497 0.017249137543122843 0.00012999350032498371 0.01054947252637368 0.02539873006349682 0.028758562071896403 0.026988650567471625 0.017919104044797757 0.005639718014099295 0.030578471076446175 0.01525923703814809 0.018419079046047695 0.01350932453377331 0.009619519024048796 0.031078446077696113 0.017529123543822807 0.009609519524023799 0.014749262536873154 0.022898855057247137 0.02818859057047147 0.005169741512924353 0.0223688815559222 0.004569771511424428 0.010129493525323732 0.010249487525623718 0.020748962551872405 0.028908554572271386 0.025618719064046794 0.02710864456777161 0.004019799010049497 0.03084845757712114 0.021258937053147343 0.01945902704864757 0.03158842057897105 0.0059897005149742505 0.023398830058497074 0.009219539023048848 0.030328483575821207 0.022488875556222185 0.0012599370031498424 0.02373881305934703 0.0018599070046497674 0.033258337083145836 0.027128643567821607 
0.003510035100351003 0.02061020610206102 0.01046010460104601 0.009570095700957008 0.026360263602636023 0.009110091100911008 0.004070040700407004 0.008510085100851007 0.030460304603046027 0.03298032980329803 0.007220072200722006 0.030640306403064026 0.032840328403284026 0.02439024390243902 0.03211032110321103 0.021090210902109018 0.0009000090000900007 0.015850158501585013 0.02498024980249802 0.015330153301533013 0.015020150201502012 0.03533035330353303 0.034010340103401024 0.017050170501705014 0.01089010890108901 0.029130291302913024 0.012480124801248011 0.03296032960329603 0.008320083200832006 0.006010060100601005 0.0014800148001480012 0.027470274702747023 0.009480094800948009 0.018150181501815014 0.034460344603446026 0.031180311803118026 0.026020260202602022 0.007070070700707006 0.0005400054000540004 0.02009020090200902 0.028310283102831024 0.010650106501065008 0.026020260202602022 0.009530095300953008 0.003350033500335003 0.03264032640326403 0.01255012550125501 0.02117021170211702 0.025510255102551022 0.018470184701847015 0.026870268702687026 0.008500085000850009 0.004380043800438004 0.016510165101651014 0.0038000380003800033 0.010300103001030009 0.003300033000330003 
0.0013399464021439146 0.004579816807327708 0.009619615215391387 0.01235950561977521 0.0052097916083356675 0.003399864005439783 0.002319907203711852 0.032498700051997925 0.01284948602055918 0.02442902283908644 0.0023399064037438505 0.02602895884164634 0.027728890844366232 0.009239630414783411 0.006389744410223592 0.03218871245150195 0.01504939802407904 0.030658773649054043 0.015249390024399026 0.018779248830046804 0.019559217631294753 0.015279388824447026 0.03104875804967802 0.023819047238110482 0.010139594416223353 0.024539018439262435 0.017259309627614898 0.028458861645534184 0.023589056437742496 0.013379464821407146 0.020889164433422664 0.006089756409743611 0.02620895164193433 0.010009599616015361 0.025148994040238393 0.01456941722331107 0.02063917443302268 0.009519619215231393 0.01842926282948682 0.026748930042798293 0.0051397944082236715 0.031148754049838013 0.01912923483060678 0.007559697612095517 0.015939362425502982 0.03185872565097397 0.0022799088036478546 0.026958921643134282 0.0005399784008639656 0.027348906043758253 0.021549138034478624 0.03258869645214192 0.03251869925202992 0.02253909843606256 0.028148874045038207 0.007859685612575499 0.009309627614895406 
0.02672 0.0196 0.00017 0.03408 0.0282 0.0048 0.00278 0.02546 0.03066 0.00863 0.03098 0.02469 0.02481 0.02641 0.02879 0.01276 0.00028 0.03438 0.02379 0.02962 0.02215 0.00856 0.00609 0.02021 0.02842 0.03224 0.03111 0.00765 0.00549 0.01305 0.03325 0.02484 0.01142 0.0182 0.00342 0.00095 0.03404 0.01068 0.00187 0.00442 0.009 0.00326 0.02582 0.00418 0.01295 0.02246 0.02731 0.00773 0.00021 0.02481 0.03229 0.0008 0.02937 0.00875 0.02659 0.01843 0.01037 
0.029280878426352783 0.0030900927027810825 0.028400852025560763 0.03168095042851285 0.02688080642419272 0.03063091892756782 0.005750172505175154 0.02214066421992659 0.007040211206336189 0.032480974429232874 0.024760742822284663 0.012220366610998326 0.029380881426442785 0.023110693320799618 0.007740232206966208 0.014020420612618375 0.02757082712481374 0.032230966929007863 0.014870446113383397 0.011660349810494313 0.004990149704491133 0.01350040501215036 0.019900597017910533 0.005920177605328159 0.008000240007200215 0.015750472514175422 0.027160814824444726 0.025890776723301694 0.01156034681040431 0.01939058171745152 0.030120903627108807 0.007000210006300188 0.008690260707821232 0.006410192305769172 0.018580557416722498 0.00522015660469814 0.024070722121663644 0.024300729021870648 0.014800444013320396 0.02184065521965658 0.0006100183005490163 0.018020540616218484 0.03202096062881886 0.01307039211176335 0.027880836425092745 0.007600228006840203 0.0015200456013680407 0.03031090932727981 0.02097062911887356 0.01651049531485944 0.026770803124093714 0.027500825024750736 0.015420462613878413 0.002640079202376071 0.001750052501575047 0.024100723021690643 0.005260157804734141 
0.029459705402945967 0.029909700902990968 0.03143968560314397 0.025179748202517973 0.031489685103148965 0.03294967050329496 0.03213967860321397 0.005389946100538994 0.01878981210187898 0.024839751602483976 0.032999670003299966 0.01684983150168498 0.003789962100378996 0.008329916700832992 0.011529884701152989 0.012149878501214986 0.02801971980280197 0.00923990760092399 0.006369936300636993 0.02582974170258297 0.03252967470325297 0.00913990860091399 0.030419695803041966 0.011509884901150987 0.006729932700672993 0.009469905300946988 0.015669843301566982 0.011509884901150987 0.002379976200237998 0.01741982580174198 0.0014899851001489983 0.030209697903020968 0.03063969360306397 0.0075199248007519915 0.02574974250257497 0.0022499775002249975 0.010659893401065988 0.02941970580294197 0.023659763402365974 0.0033199668003319966 0.0013899861001389984 0.0035399646003539966 0.024339756602433975 0.027129728702712973 0.01876981230187698 0.027049729502704973 0.021439785602143976 0.020729792702072977 0.025849741502584973 0.001939980600193998 0.006629933700662992 0.02176978230217698 0.015109848901510984 0.03063969360306397 0.013679863201367985 0.0023899761002389975 0.00920990790092099 
0.005829941700582995 0.024189758102418978 0.010409895901040992 0.02287977120228798 0.020979790202097982 0.020989790102098983 0.02397976020239798 0.0029999700002999977 0.021199788002119982 0.006039939600603995 0.028259717402825978 0.015579844201557986 0.02328976710232898 0.015459845401545987 0.025669743302566977 0.027709722902770975 0.017599824001759985 0.02620973790262098 0.01319986800131999 0.02198978010219898 0.003529964700352997 0.010889891101088992 0.007209927900720994 0.014919850801491987 0.02594974050259498 0.018219817801821983 0.004359956400435997 0.002589974100258998 0.027259727402725975 0.01377986220137799 0.028169718302816976 0.0008099919000809992 0.02275977240227598 0.004979950200497996 0.025489745102548977 0.02217977820221798 0.01591984080159199 0.02366976330236698 0.01565984340156599 0.02411975880241198 0.027499725002749976 0.013549864501354989 0.02502974970250298 0.009459905400945991 0.002519974800251998 0.01276987230127699 0.027129728702712977 0.019399806001939985 0.02349976500234998 0.028019719802801976 0.01152988470115299 0.006319936800631995 0.027459725402745976 0.026149738502614976 0.023179768202317978 0.007879921200787994 0.02166978330216698 
0.009820098200982012 0.02073020730207302 0.03419034190341903 0.012630126301263015 0.0022000220002200027 0.012860128601286014 0.00945009450094501 0.013500135001350014 0.011960119601196013 0.02717027170271703 0.008740087400874008 0.008230082300823009 0.022830228302283023 0.030980309803098034 0.006130061300613007 0.021000210002100023 0.0015600156001560016 0.011370113701137012 0.02855028550285503 0.024030240302403024 0.03111031110311103 0.005660056600566006 0.02166021660216602 0.01049010490104901 0.02892028920289203 0.023410234102341027 0.00940009400094001 0.021490214902149023 0.025280252802528026 0.021880218802188024 0.016450164501645017 0.016950169501695016 0.024370243702437025 0.02734027340273403 0.029860298602986033 0.005310053100531005 0.012760127601276015 0.019790197901979018 0.023740237402374027 0.02625026250262503 0.00883008830088301 0.006560065600656007 0.02871028710287103 0.025820258202582026 0.004100041000410005 0.02087020870208702 0.03026030260302603 0.01926019260192602 0.020090200902009022 0.02678026780267803 0.00905009050090501 0.017210172101721016 0.007860078600786009 0.011980119801198012 0.005300053000530006 0.004220042200422004 0.033040330403304036 
0.02069020690206902 0.03436034360343603 0.033030330303303025 0.03311033110331103 0.03252032520325203 0.015020150201502014 0.015170151701517014 0.014650146501465015 0.01063010630106301 0.03316033160331603 0.019240192401924018 0.019090190901909016 0.010150101501015009 0.035120351203512035 0.005590055900559006 0.008120081200812009 0.016470164701647014 0.006550065500655007 0.012720127201272012 0.025210252102521025 0.013740137401374013 0.014070140701407012 0.028110281102811028 0.00044000440004400045 0.012890128901289013 0.005580055800558005 0.001000010000100001 0.025930259302593028 0.03170031700317003 0.002100021000210002 0.0005900059000590006 0.0012900129001290012 0.005170051700517005 0.00980009800098001 0.011700117001170011 0.007420074200742008 0.016340163401634016 0.015830158301583016 0.024220242202422023 0.02959029590295903 0.025030250302503023 0.018670186701867018 0.03465034650346503 0.0033300333003330033 0.025270252702527026 0.02061020610206102 0.0033400334003340034 0.02842028420284203 0.015300153001530014 0.018410184101841018 0.01095010950109501 0.025010250102501026 0.03206032060320603 0.03097030970309703 0.002870028700287003 0.018110181101811017 0.028880288802888027 
0.019769406917792463 0.03595892123236302 0.0020799376018719434 0.016059518214453564 0.016719498415047544 0.021599352019439414 0.02896913092607221 0.007459776206713797 0.03210903672889812 0.009119726408207752 0.0027099187024389264 0.027409177724668256 0.013429597112086635 0.02130936071917842 0.022999310020699375 0.017319480415587528 0.02172934811955641 0.02129936101916942 0.015209543713688586 0.016779496615101544 0.005439836804895852 0.028899133026009213 0.01177964661060168 0.02833914982550523 0.028129156125316235 0.038238852834414964 0.012259632211033667 0.006839794806155814 0.008919732408027759 0.005319840404787855 0.022139335819925398 0.029989100326990183 0.0040198794036178905 0.02169934901952941 0.006169814905552832 0.03360899173024809 0.008019759407217782 0.03206903792886213 0.014909552713418595 0.005459836204913851 0.013459596212113633 0.0031799046028619135 0.004259872203833884 0.03523894283171504 0.0011299661010169691 0.026999190024299267 0.03201903942881713 0.00883973480795576 0.03595892123236302 0.020379388618341446 0.0025599232023039305 0.001179964601061968 0.03174904752857414 0.004069877903662889 0.019749407517774462 0.01866943991680249 0.018269451916442504 
0.005400054000540006 0.004970049700497005 0.02799027990279903 0.025870258702587027 0.032290322903229036 0.015160151601516016 0.02882028820288203 0.02848028480284803 0.014420144201442015 0.007700077000770009 0.00942009420094201 0.003640036400364004 0.011170111701117012 0.015520155201552017 0.014240142401424015 0.004190041900419004 0.005110051100511006 0.02632026320263203 0.030980309803098034 0.007940079400794008 0.007520075200752008 0.033500335003350035 0.031730317303173036 0.011980119801198012 0.0030900309003090033 0.03168031680316803 0.026760267602676028 0.0001000010000100001 0.03314033140331404 0.03496034960349603 0.004300043000430005 0.03420034200342004 0.016710167101671017 0.025060250602506027 0.016190161901619017 0.013360133601336015 0.02799027990279903 0.019790197901979018 0.03402034020340204 0.03479034790347904 0.015790157901579015 0.014630146301463016 0.01906019060190602 0.02164021640216402 0.01786017860178602 0.009470094700947009 0.0013800138001380015 0.01015010150101501 0.026140261402614027 0.008490084900849008 0.008010080100801007 0.02663026630266303 0.01857018570185702 0.004110041100411004 0.006420064200642007 0.014710147101471017 0.016430164301643017 

emissions
0 1 1 1 1 1 1 1 1 1 1 1 1 1 1 1 1 1 1 1 1 1 1 1 1 1 1 1 1 1 1 1 1 1 1 1 1 1 1 1 1 1 1 1 1 1 1 1 1 1 1 1 1 1 1 1 1 
1 0 0 0 0 0 0 0 0 0 0 0 0 0 0 0 0 0 0 0 0 0 0 0 0 0 0 0 0 0 0 0 0 0 0 0 0 0 0 0 0 0 0 0 0 0 0 0 0 0 0 0 0 0 0 0 0 
