states
0 1 2 3 4 5 6 7 8 9 10 11 12 13 14 15 16 17 18 19 20 21 22 23 24 25 26 27 28 29 30 31 32 33 34 35 36 37 38 39 40 41 42 43 44 45 46 47 48 49 50 51 52 53 54 55 56 
labels
init empty 
initial
0.0 0.0 0.0 0.0 0.0 0.0 0.0 0.0 0.0 0.0 0.0 0.0 0.0 0.0 0.0 0.0 0.0 0.0 0.0 0.0 0.0 0.0 0.0 0.0 0.0 0.0 0.0 0.0 0.0 0.0 0.0 0.0 0.0 0.0 0.0 0.0 0.0 0.0 0.0 0.0 0.0 0.0 0.0 0.0 0.0 0.0 0.0 0.0 0.0 0.0 0.0 0.0 0.0 0.0 0.0 0.0 1.0
transitions
0.03322259136212625 0.013289036544850499 0.016611295681063124 0.0033222591362126247 0.03322259136212625 0.006644518272425249 0.03322259136212625 0.006644518272425249 0.016611295681063124 0.006644518272425249 0.029900332225913623 0.009966777408637873 0.016611295681063124 0.009966777408637873 0.019933554817275746 0.03322259136212625 0.023255813953488372 0.009966777408637873 0.019933554817275746 0.019933554817275746 0.006644518272425249 0.016611295681063124 0.019933554817275746 0.0033222591362126247 0.009966777408637873 0.009966777408637873 0.013289036544850499 0.019933554817275746 0.03322259136212625 0.019933554817275746 0.009966777408637873 0.026578073089700997 0.029900332225913623 0.019933554817275746 0.023255813953488372 0.013289036544850499 0.019933554817275746 0.006644518272425249 0.009966777408637873 0.013289036544850499 0.023255813953488372 0.03322259136212625 0.03322259136212625 0.029900332225913623 0.0033222591362126247 0.013289036544850499 0.026578073089700997 0.016611295681063124 0.029900332225913623 0.006644518272425249 0.009966777408637873 0.016611295681063124 0.006644518272425249 0.019933554817275746 0.019933554817275746 0.023255813953488372 0.0 
0.006153846153846155 0.030769230769230774 0.0030769230769230774 0.018461538461538467 0.027692307692307697 0.030769230769230774 0.006153846153846155 0.009230769230769233 0.009230769230769233 0.030769230769230774 0.018461538461538467 0.015384615384615387 0.006153846153846155 0.02153846153846154 0.01230769230769231 0.006153846153846155 0.015384615384615387 0.030769230769230774 0.027692307692307697 0.015384615384615387 0.02153846153846154 0.009230769230769233 0.030769230769230774 0.02153846153846154 0.009230769230769233 0.018461538461538467 0.009230769230769233 0.02461538461538462 0.018461538461538467 0.006153846153846155 0.006153846153846155 0.02461538461538462 0.018461538461538467 0.015384615384615387 0.009230769230769233 0.027692307692307697 0.027692307692307697 0.02461538461538462 0.027692307692307697 0.0030769230769230774 0.027692307692307697 0.030769230769230774 0.009230769230769233 0.0030769230769230774 0.02461538461538462 0.02153846153846154 0.0030769230769230774 0.02461538461538462 0.018461538461538467 0.006153846153846155 0.027692307692307697 0.018461538461538467 0.030769230769230774 0.02153846153846154 0.01230769230769231 0.02461538461538462 0.0 
0.02515723270440252 0.01886792452830189 0.01257861635220126 0.028301886792452834 0.02515723270440252 0.01257861635220126 0.01886792452830189 0.03144654088050315 0.01257861635220126 0.028301886792452834 0.003144654088050315 0.02515723270440252 0.02515723270440252 0.003144654088050315 0.01257861635220126 0.01886792452830189 0.01257861635220126 0.009433962264150945 0.01257861635220126 0.015723270440251576 0.03144654088050315 0.003144654088050315 0.028301886792452834 0.022012578616352203 0.01257861635220126 0.009433962264150945 0.00628930817610063 0.022012578616352203 0.028301886792452834 0.028301886792452834 0.03144654088050315 0.003144654088050315 0.02515723270440252 0.022012578616352203 0.003144654088050315 0.00628930817610063 0.028301886792452834 0.01886792452830189 0.03144654088050315 0.028301886792452834 0.01886792452830189 0.03144654088050315 0.00628930817610063 0.00628930817610063 0.009433962264150945 0.03144654088050315 0.03144654088050315 0.01886792452830189 0.022012578616352203 0.015723270440251576 0.003144654088050315 0.015723270440251576 0.009433962264150945 0.022012578616352203 0.009433962264150945 0.00628930817610063 0.0 
0.03300330033003301 0.009900990099009903 0.003300330033003301 0.009900990099009903 0.009900990099009903 0.019801980198019806 0.003300330033003301 0.026402640264026406 0.023102310231023104 0.023102310231023104 0.003300330033003301 0.03300330033003301 0.019801980198019806 0.016501650165016504 0.029702970297029705 0.009900990099009903 0.016501650165016504 0.009900990099009903 0.013201320132013203 0.03300330033003301 0.016501650165016504 0.003300330033003301 0.019801980198019806 0.026402640264026406 0.023102310231023104 0.006600660066006602 0.006600660066006602 0.026402640264026406 0.006600660066006602 0.023102310231023104 0.029702970297029705 0.006600660066006602 0.019801980198019806 0.03300330033003301 0.009900990099009903 0.009900990099009903 0.016501650165016504 0.029702970297029705 0.026402640264026406 0.006600660066006602 0.019801980198019806 0.013201320132013203 0.016501650165016504 0.023102310231023104 0.016501650165016504 0.019801980198019806 0.023102310231023104 0.029702970297029705 0.019801980198019806 0.03300330033003301 0.026402640264026406 0.003300330033003301 0.013201320132013203 0.016501650165016504 0.023102310231023104 0.009900990099009903 0.0 
0.0273972602739726 0.023972602739726026 0.003424657534246575 0.02054794520547945 0.030821917808219176 0.030821917808219176 0.030821917808219176 0.023972602739726026 0.00684931506849315 0.02054794520547945 0.010273972602739725 0.00684931506849315 0.0273972602739726 0.010273972602739725 0.0273972602739726 0.003424657534246575 0.02054794520547945 0.02054794520547945 0.030821917808219176 0.0136986301369863 0.017123287671232876 0.0273972602739726 0.03424657534246575 0.010273972602739725 0.023972602739726026 0.00684931506849315 0.010273972602739725 0.0136986301369863 0.0136986301369863 0.010273972602739725 0.00684931506849315 0.003424657534246575 0.02054794520547945 0.017123287671232876 0.0136986301369863 0.017123287671232876 0.003424657534246575 0.017123287671232876 0.023972602739726026 0.00684931506849315 0.030821917808219176 0.010273972602739725 0.017123287671232876 0.0136986301369863 0.02054794520547945 0.017123287671232876 0.02054794520547945 0.02054794520547945 0.023972602739726026 0.0273972602739726 0.0273972602739726 0.0136986301369863 0.0136986301369863 0.010273972602739725 0.010273972602739725 0.03424657534246575 0.0 
0.017006802721088426 0.020408163265306107 0.0068027210884353696 0.020408163265306107 0.02380952380952379 0.027210884353741478 0.013605442176870739 0.0068027210884353696 0.027210884353741478 0.017006802721088426 0.013605442176870739 0.010204081632653053 0.027210884353741478 0.03401360544217685 0.017006802721088426 0.03401360544217685 0.03401360544217685 0.0034013605442176848 0.03401360544217685 0.017006802721088426 0.0034013605442176848 0.0034013605442176848 0.017006802721088426 0.017006802721088426 0.013605442176870739 0.017006802721088426 0.03401360544217685 0.017006802721088426 0.02380952380952379 0.027210884353741478 0.0034013605442176848 0.020408163265306107 0.027210884353741478 0.020408163265306107 0.010204081632653053 0.0068027210884353696 0.0068027210884353696 0.0068027210884353696 0.02380952380952379 0.027210884353741478 0.02380952380952379 0.017006802721088426 0.013605442176870739 0.0068027210884353696 0.0034013605442176848 0.03401360544217685 0.02380952380952379 0.027210884353741478 0.017006802721088426 0.0034013605442176848 0.03401360544217685 0.02380952380952379 0.010204081632653053 0.013605442176870739 0.0068027210884353696 0.010204081632653053 0.0 
0.0034965034965034965 0.027972027972027972 0.006993006993006993 0.03496503496503497 0.024475524475524476 0.03146853146853147 0.013986013986013986 0.006993006993006993 0.013986013986013986 0.01048951048951049 0.024475524475524476 0.01048951048951049 0.017482517482517484 0.03146853146853147 0.017482517482517484 0.03146853146853147 0.0034965034965034965 0.006993006993006993 0.017482517482517484 0.0034965034965034965 0.006993006993006993 0.03496503496503497 0.02097902097902098 0.03496503496503497 0.01048951048951049 0.02097902097902098 0.03146853146853147 0.017482517482517484 0.024475524475524476 0.027972027972027972 0.03496503496503497 0.03496503496503497 0.006993006993006993 0.017482517482517484 0.02097902097902098 0.006993006993006993 0.013986013986013986 0.0034965034965034965 0.006993006993006993 0.01048951048951049 0.03146853146853147 0.0034965034965034965 0.0034965034965034965 0.024475524475524476 0.01048951048951049 0.02097902097902098 0.03496503496503497 0.02097902097902098 0.02097902097902098 0.017482517482517484 0.006993006993006993 0.02097902097902098 0.03496503496503497 0.013986013986013986 0.0034965034965034965 0.0034965034965034965 0.0 
0.01916932907348243 0.009584664536741215 0.02555910543130991 0.028753993610223648 0.028753993610223648 0.0063897763578274775 0.01916932907348243 0.01916932907348243 0.0063897763578274775 0.009584664536741215 0.01916932907348243 0.0031948881789137388 0.01916932907348243 0.02555910543130991 0.031948881789137386 0.0031948881789137388 0.031948881789137386 0.01916932907348243 0.012779552715654955 0.031948881789137386 0.012779552715654955 0.015974440894568693 0.0063897763578274775 0.012779552715654955 0.0063897763578274775 0.02555910543130991 0.0031948881789137388 0.009584664536741215 0.02555910543130991 0.009584664536741215 0.02236421725239617 0.009584664536741215 0.031948881789137386 0.028753993610223648 0.012779552715654955 0.02555910543130991 0.0063897763578274775 0.028753993610223648 0.031948881789137386 0.031948881789137386 0.02555910543130991 0.0063897763578274775 0.01916932907348243 0.02236421725239617 0.012779552715654955 0.01916932907348243 0.0063897763578274775 0.031948881789137386 0.0063897763578274775 0.012779552715654955 0.02236421725239617 0.012779552715654955 0.015974440894568693 0.015974440894568693 0.01916932907348243 0.02236421725239617 0.0 
0.0034965034965034948 0.034965034965034954 0.0069930069930069895 0.017482517482517477 0.017482517482517477 0.034965034965034954 0.034965034965034954 0.010489510489510485 0.010489510489510485 0.0034965034965034948 0.0069930069930069895 0.024475524475524466 0.010489510489510485 0.0034965034965034948 0.0034965034965034948 0.0034965034965034948 0.017482517482517477 0.034965034965034954 0.02097902097902097 0.013986013986013979 0.010489510489510485 0.02097902097902097 0.013986013986013979 0.027972027972027958 0.027972027972027958 0.017482517482517477 0.010489510489510485 0.0069930069930069895 0.010489510489510485 0.03146853146853146 0.024475524475524466 0.010489510489510485 0.03146853146853146 0.027972027972027958 0.024475524475524466 0.017482517482517477 0.0069930069930069895 0.027972027972027958 0.024475524475524466 0.02097902097902097 0.024475524475524466 0.0034965034965034948 0.017482517482517477 0.034965034965034954 0.0069930069930069895 0.034965034965034954 0.0034965034965034948 0.02097902097902097 0.02097902097902097 0.0034965034965034948 0.017482517482517477 0.03146853146853146 0.027972027972027958 0.0034965034965034948 0.027972027972027958 0.010489510489510485 0.0 
0.03164556962025315 0.018987341772151892 0.00632911392405063 0.015822784810126576 0.01265822784810126 0.01265822784810126 0.018987341772151892 0.01265822784810126 0.009493670886075946 0.01265822784810126 0.022151898734177205 0.009493670886075946 0.003164556962025315 0.015822784810126576 0.018987341772151892 0.015822784810126576 0.01265822784810126 0.00632911392405063 0.018987341772151892 0.015822784810126576 0.02531645569620252 0.02531645569620252 0.028481012658227833 0.01265822784810126 0.03164556962025315 0.02531645569620252 0.022151898734177205 0.01265822784810126 0.018987341772151892 0.018987341772151892 0.015822784810126576 0.003164556962025315 0.009493670886075946 0.018987341772151892 0.018987341772151892 0.003164556962025315 0.00632911392405063 0.03164556962025315 0.028481012658227833 0.00632911392405063 0.028481012658227833 0.009493670886075946 0.01265822784810126 0.018987341772151892 0.03164556962025315 0.01265822784810126 0.03164556962025315 0.02531645569620252 0.02531645569620252 0.02531645569620252 0.003164556962025315 0.022151898734177205 0.03164556962025315 0.02531645569620252 0.03164556962025315 0.009493670886075946 0.0 
0.00949367088607595 0.0189873417721519 0.022151898734177215 0.028481012658227847 0.028481012658227847 0.03164556962025317 0.03164556962025317 0.015822784810126583 0.0189873417721519 0.028481012658227847 0.022151898734177215 0.006329113924050633 0.012658227848101266 0.00949367088607595 0.03164556962025317 0.012658227848101266 0.006329113924050633 0.022151898734177215 0.006329113924050633 0.006329113924050633 0.0031645569620253164 0.028481012658227847 0.02531645569620253 0.0189873417721519 0.022151898734177215 0.02531645569620253 0.006329113924050633 0.03164556962025317 0.022151898734177215 0.0031645569620253164 0.015822784810126583 0.028481012658227847 0.02531645569620253 0.0189873417721519 0.0031645569620253164 0.00949367088607595 0.03164556962025317 0.022151898734177215 0.0031645569620253164 0.022151898734177215 0.0031645569620253164 0.022151898734177215 0.022151898734177215 0.00949367088607595 0.03164556962025317 0.012658227848101266 0.00949367088607595 0.015822784810126583 0.015822784810126583 0.012658227848101266 0.012658227848101266 0.012658227848101266 0.028481012658227847 0.02531645569620253 0.015822784810126583 0.012658227848101266 0.0 
0.005681818181818183 0.02272727272727273 0.025568181818181827 0.005681818181818183 0.0028409090909090914 0.02272727272727273 0.017045454545454548 0.0028409090909090914 0.017045454545454548 0.025568181818181827 0.025568181818181827 0.005681818181818183 0.025568181818181827 0.008522727272727274 0.008522727272727274 0.02272727272727273 0.008522727272727274 0.005681818181818183 0.028409090909090915 0.017045454545454548 0.02272727272727273 0.008522727272727274 0.028409090909090915 0.011363636363636366 0.025568181818181827 0.011363636363636366 0.02272727272727273 0.028409090909090915 0.02272727272727273 0.028409090909090915 0.017045454545454548 0.02272727272727273 0.008522727272727274 0.005681818181818183 0.025568181818181827 0.01988636363636364 0.0028409090909090914 0.028409090909090915 0.01988636363636364 0.017045454545454548 0.025568181818181827 0.02272727272727273 0.01988636363636364 0.011363636363636366 0.02272727272727273 0.0028409090909090914 0.02272727272727273 0.028409090909090915 0.011363636363636366 0.028409090909090915 0.025568181818181827 0.011363636363636366 0.008522727272727274 0.028409090909090915 0.02272727272727273 0.025568181818181827 0.0 
0.01257861635220126 0.02515723270440252 0.02515723270440252 0.01257861635220126 0.003144654088050315 0.02515723270440252 0.015723270440251576 0.00628930817610063 0.015723270440251576 0.01886792452830189 0.028301886792452834 0.01257861635220126 0.03144654088050315 0.01257861635220126 0.00628930817610063 0.009433962264150945 0.02515723270440252 0.01886792452830189 0.015723270440251576 0.01257861635220126 0.03144654088050315 0.01257861635220126 0.03144654088050315 0.009433962264150945 0.01257861635220126 0.015723270440251576 0.01886792452830189 0.00628930817610063 0.03144654088050315 0.01886792452830189 0.003144654088050315 0.03144654088050315 0.02515723270440252 0.03144654088050315 0.003144654088050315 0.03144654088050315 0.028301886792452834 0.03144654088050315 0.01257861635220126 0.01886792452830189 0.028301886792452834 0.028301886792452834 0.015723270440251576 0.015723270440251576 0.003144654088050315 0.01886792452830189 0.009433962264150945 0.028301886792452834 0.028301886792452834 0.01257861635220126 0.009433962264150945 0.01886792452830189 0.01257861635220126 0.003144654088050315 0.01886792452830189 0.009433962264150945 0.0 
0.014409221902017292 0.0028818443804034585 0.023054755043227668 0.02017291066282421 0.014409221902017292 0.005763688760806917 0.025936599423631128 0.023054755043227668 0.023054755043227668 0.028818443804034585 0.017291066282420754 0.028818443804034585 0.028818443804034585 0.023054755043227668 0.028818443804034585 0.017291066282420754 0.017291066282420754 0.023054755043227668 0.0028818443804034585 0.025936599423631128 0.005763688760806917 0.025936599423631128 0.025936599423631128 0.008645533141210377 0.014409221902017292 0.0028818443804034585 0.014409221902017292 0.025936599423631128 0.023054755043227668 0.008645533141210377 0.017291066282420754 0.028818443804034585 0.008645533141210377 0.011527377521613834 0.017291066282420754 0.005763688760806917 0.014409221902017292 0.017291066282420754 0.0028818443804034585 0.008645533141210377 0.023054755043227668 0.023054755043227668 0.025936599423631128 0.0028818443804034585 0.028818443804034585 0.025936599423631128 0.008645533141210377 0.014409221902017292 0.008645533141210377 0.028818443804034585 0.017291066282420754 0.02017291066282421 0.028818443804034585 0.025936599423631128 0.011527377521613834 0.023054755043227668 0.0 
0.0031545741324921135 0.0031545741324921135 0.025236593059936908 0.0031545741324921135 0.00946372239747634 0.01892744479495268 0.01892744479495268 0.00946372239747634 0.025236593059936908 0.028391167192429023 0.025236593059936908 0.01892744479495268 0.012618296529968454 0.031545741324921134 0.022082018927444796 0.01892744479495268 0.015772870662460567 0.00946372239747634 0.0031545741324921135 0.00946372239747634 0.022082018927444796 0.012618296529968454 0.00946372239747634 0.022082018927444796 0.0031545741324921135 0.031545741324921134 0.01892744479495268 0.022082018927444796 0.022082018927444796 0.031545741324921134 0.028391167192429023 0.022082018927444796 0.015772870662460567 0.015772870662460567 0.0031545741324921135 0.006309148264984227 0.015772870662460567 0.012618296529968454 0.028391167192429023 0.012618296529968454 0.025236593059936908 0.00946372239747634 0.00946372239747634 0.022082018927444796 0.031545741324921134 0.031545741324921134 0.00946372239747634 0.015772870662460567 0.022082018927444796 0.015772870662460567 0.012618296529968454 0.025236593059936908 0.025236593059936908 0.025236593059936908 0.022082018927444796 0.028391167192429023 0.0 
0.003311258278145694 0.006622516556291388 0.029801324503311244 0.026490066225165552 0.029801324503311244 0.006622516556291388 0.023178807947019858 0.023178807947019858 0.006622516556291388 0.006622516556291388 0.019867549668874163 0.01655629139072847 0.003311258278145694 0.01655629139072847 0.01655629139072847 0.01655629139072847 0.019867549668874163 0.003311258278145694 0.023178807947019858 0.023178807947019858 0.003311258278145694 0.003311258278145694 0.023178807947019858 0.023178807947019858 0.03311258278145694 0.009933774834437081 0.026490066225165552 0.019867549668874163 0.03311258278145694 0.023178807947019858 0.019867549668874163 0.029801324503311244 0.009933774834437081 0.03311258278145694 0.006622516556291388 0.023178807947019858 0.026490066225165552 0.01655629139072847 0.006622516556291388 0.023178807947019858 0.01655629139072847 0.03311258278145694 0.003311258278145694 0.009933774834437081 0.029801324503311244 0.019867549668874163 0.029801324503311244 0.013245033112582776 0.023178807947019858 0.023178807947019858 0.003311258278145694 0.009933774834437081 0.019867549668874163 0.009933774834437081 0.01655629139072847 0.023178807947019858 0.0 
0.011730205278592382 0.020527859237536666 0.029325513196480957 0.011730205278592382 0.02639296187683286 0.0029325513196480956 0.011730205278592382 0.029325513196480957 0.017595307917888575 0.02639296187683286 0.02639296187683286 0.023460410557184765 0.017595307917888575 0.02639296187683286 0.029325513196480957 0.005865102639296191 0.0029325513196480956 0.005865102639296191 0.02639296187683286 0.029325513196480957 0.023460410557184765 0.0029325513196480956 0.020527859237536666 0.029325513196480957 0.005865102639296191 0.008797653958944288 0.014662756598240479 0.02639296187683286 0.005865102639296191 0.008797653958944288 0.005865102639296191 0.011730205278592382 0.014662756598240479 0.02639296187683286 0.005865102639296191 0.020527859237536666 0.02639296187683286 0.0029325513196480956 0.023460410557184765 0.011730205278592382 0.02639296187683286 0.008797653958944288 0.017595307917888575 0.029325513196480957 0.02639296187683286 0.020527859237536666 0.020527859237536666 0.008797653958944288 0.029325513196480957 0.011730205278592382 0.020527859237536666 0.017595307917888575 0.02639296187683286 0.02639296187683286 0.014662756598240479 0.017595307917888575 0.0 
0.022012578616352203 0.028301886792452834 0.022012578616352203 0.00628930817610063 0.003144654088050315 0.015723270440251576 0.003144654088050315 0.028301886792452834 0.01257861635220126 0.01257861635220126 0.009433962264150945 0.03144654088050315 0.009433962264150945 0.015723270440251576 0.015723270440251576 0.003144654088050315 0.015723270440251576 0.02515723270440252 0.01886792452830189 0.01257861635220126 0.00628930817610063 0.022012578616352203 0.009433962264150945 0.022012578616352203 0.022012578616352203 0.00628930817610063 0.028301886792452834 0.02515723270440252 0.01886792452830189 0.022012578616352203 0.01886792452830189 0.03144654088050315 0.02515723270440252 0.028301886792452834 0.01886792452830189 0.015723270440251576 0.015723270440251576 0.022012578616352203 0.02515723270440252 0.028301886792452834 0.01257861635220126 0.015723270440251576 0.03144654088050315 0.003144654088050315 0.022012578616352203 0.02515723270440252 0.022012578616352203 0.022012578616352203 0.028301886792452834 0.02515723270440252 0.009433962264150945 0.003144654088050315 0.003144654088050315 0.01886792452830189 0.015723270440251576 0.01886792452830189 0.0 
0.015723270440251576 0.003144654088050315 0.03144654088050315 0.01257861635220126 0.015723270440251576 0.003144654088050315 0.02515723270440252 0.015723270440251576 0.009433962264150945 0.01257861635220126 0.022012578616352203 0.022012578616352203 0.003144654088050315 0.003144654088050315 0.003144654088050315 0.03144654088050315 0.03144654088050315 0.022012578616352203 0.01886792452830189 0.00628930817610063 0.01886792452830189 0.02515723270440252 0.03144654088050315 0.009433962264150945 0.015723270440251576 0.022012578616352203 0.022012578616352203 0.022012578616352203 0.015723270440251576 0.01257861635220126 0.015723270440251576 0.01257861635220126 0.01257861635220126 0.03144654088050315 0.03144654088050315 0.02515723270440252 0.01257861635220126 0.022012578616352203 0.022012578616352203 0.01886792452830189 0.028301886792452834 0.015723270440251576 0.01886792452830189 0.01257861635220126 0.02515723270440252 0.01886792452830189 0.022012578616352203 0.01886792452830189 0.00628930817610063 0.03144654088050315 0.01886792452830189 0.03144654088050315 0.015723270440251576 0.009433962264150945 0.01257861635220126 0.00628930817610063 0.0 
0.02572347266881029 0.028938906752411574 0.028938906752411574 0.003215434083601286 0.01607717041800643 0.012861736334405145 0.006430868167202572 0.01607717041800643 0.01929260450160772 0.03215434083601286 0.006430868167202572 0.01607717041800643 0.01929260450160772 0.01607717041800643 0.01607717041800643 0.022508038585209004 0.01607717041800643 0.028938906752411574 0.012861736334405145 0.006430868167202572 0.01607717041800643 0.022508038585209004 0.006430868167202572 0.028938906752411574 0.028938906752411574 0.00964630225080386 0.02572347266881029 0.022508038585209004 0.022508038585209004 0.022508038585209004 0.00964630225080386 0.006430868167202572 0.022508038585209004 0.028938906752411574 0.02572347266881029 0.006430868167202572 0.022508038585209004 0.01607717041800643 0.02572347266881029 0.003215434083601286 0.028938906752411574 0.003215434083601286 0.01607717041800643 0.028938906752411574 0.003215434083601286 0.003215434083601286 0.003215434083601286 0.01929260450160772 0.02572347266881029 0.012861736334405145 0.01929260450160772 0.03215434083601286 0.01929260450160772 0.028938906752411574 0.00964630225080386 0.022508038585209004 0.0 
0.019801980198019806 0.006600660066006602 0.019801980198019806 0.023102310231023104 0.009900990099009903 0.023102310231023104 0.019801980198019806 0.013201320132013203 0.006600660066006602 0.003300330033003301 0.016501650165016504 0.026402640264026406 0.006600660066006602 0.009900990099009903 0.023102310231023104 0.029702970297029705 0.03300330033003301 0.006600660066006602 0.019801980198019806 0.026402640264026406 0.003300330033003301 0.016501650165016504 0.03300330033003301 0.023102310231023104 0.006600660066006602 0.029702970297029705 0.023102310231023104 0.03300330033003301 0.019801980198019806 0.016501650165016504 0.016501650165016504 0.016501650165016504 0.006600660066006602 0.006600660066006602 0.016501650165016504 0.029702970297029705 0.019801980198019806 0.003300330033003301 0.026402640264026406 0.016501650165016504 0.006600660066006602 0.016501650165016504 0.03300330033003301 0.023102310231023104 0.016501650165016504 0.013201320132013203 0.009900990099009903 0.009900990099009903 0.029702970297029705 0.023102310231023104 0.009900990099009903 0.013201320132013203 0.03300330033003301 0.023102310231023104 0.013201320132013203 0.019801980198019806 0.0 
0.006269592476489028 0.03134796238244514 0.025078369905956112 0.01567398119122257 0.009404388714733543 0.03134796238244514 0.009404388714733543 0.01567398119122257 0.012539184952978056 0.0219435736677116 0.02821316614420063 0.018808777429467086 0.0219435736677116 0.03134796238244514 0.009404388714733543 0.003134796238244514 0.01567398119122257 0.025078369905956112 0.025078369905956112 0.02821316614420063 0.003134796238244514 0.0219435736677116 0.003134796238244514 0.01567398119122257 0.025078369905956112 0.03134796238244514 0.0219435736677116 0.01567398119122257 0.03134796238244514 0.025078369905956112 0.012539184952978056 0.018808777429467086 0.009404388714733543 0.025078369905956112 0.0219435736677116 0.012539184952978056 0.009404388714733543 0.003134796238244514 0.0219435736677116 0.006269592476489028 0.018808777429467086 0.018808777429467086 0.02821316614420063 0.003134796238244514 0.025078369905956112 0.012539184952978056 0.018808777429467086 0.03134796238244514 0.018808777429467086 0.025078369905956112 0.009404388714733543 0.018808777429467086 0.012539184952978056 0.012539184952978056 0.003134796238244514 0.0219435736677116 0.0 
0.0033557046979865762 0.0033557046979865762 0.013422818791946305 0.013422818791946305 0.013422818791946305 0.02013422818791946 0.013422818791946305 0.02013422818791946 0.0033557046979865762 0.023489932885906034 0.0033557046979865762 0.0033557046979865762 0.02013422818791946 0.01006711409395973 0.033557046979865765 0.013422818791946305 0.0067114093959731525 0.02013422818791946 0.02684563758389261 0.02013422818791946 0.033557046979865765 0.033557046979865765 0.023489932885906034 0.02684563758389261 0.013422818791946305 0.0067114093959731525 0.02684563758389261 0.03020134228187919 0.02684563758389261 0.023489932885906034 0.033557046979865765 0.0067114093959731525 0.03020134228187919 0.023489932885906034 0.01006711409395973 0.023489932885906034 0.016778523489932883 0.01006711409395973 0.02684563758389261 0.03020134228187919 0.013422818791946305 0.0033557046979865762 0.01006711409395973 0.0033557046979865762 0.02684563758389261 0.03020134228187919 0.013422818791946305 0.013422818791946305 0.03020134228187919 0.01006711409395973 0.03020134228187919 0.0067114093959731525 0.013422818791946305 0.016778523489932883 0.023489932885906034 0.013422818791946305 0.0 
0.032154340836012846 0.01286173633440514 0.003215434083601285 0.032154340836012846 0.01929260450160771 0.00643086816720257 0.00643086816720257 0.003215434083601285 0.00643086816720257 0.003215434083601285 0.032154340836012846 0.016077170418006423 0.009646302250803856 0.01286173633440514 0.01929260450160771 0.016077170418006423 0.00643086816720257 0.02572347266881028 0.01286173633440514 0.003215434083601285 0.00643086816720257 0.02572347266881028 0.032154340836012846 0.01929260450160771 0.032154340836012846 0.016077170418006423 0.02572347266881028 0.02893890675241156 0.00643086816720257 0.00643086816720257 0.01929260450160771 0.003215434083601285 0.022508038585208993 0.01929260450160771 0.009646302250803856 0.022508038585208993 0.02893890675241156 0.022508038585208993 0.01929260450160771 0.02572347266881028 0.02893890675241156 0.022508038585208993 0.02893890675241156 0.009646302250803856 0.02893890675241156 0.022508038585208993 0.016077170418006423 0.01929260450160771 0.032154340836012846 0.009646302250803856 0.032154340836012846 0.022508038585208993 0.01286173633440514 0.01929260450160771 0.00643086816720257 0.016077170418006423 0.0 
0.024999999999999994 0.012499999999999997 0.009374999999999998 0.015624999999999997 0.018749999999999996 0.006249999999999999 0.006249999999999999 0.012499999999999997 0.021874999999999995 0.009374999999999998 0.018749999999999996 0.018749999999999996 0.009374999999999998 0.028124999999999994 0.028124999999999994 0.0031249999999999993 0.021874999999999995 0.024999999999999994 0.018749999999999996 0.018749999999999996 0.021874999999999995 0.024999999999999994 0.018749999999999996 0.012499999999999997 0.012499999999999997 0.006249999999999999 0.006249999999999999 0.015624999999999997 0.021874999999999995 0.024999999999999994 0.009374999999999998 0.028124999999999994 0.031249999999999993 0.024999999999999994 0.031249999999999993 0.024999999999999994 0.0031249999999999993 0.009374999999999998 0.018749999999999996 0.009374999999999998 0.009374999999999998 0.012499999999999997 0.031249999999999993 0.031249999999999993 0.021874999999999995 0.028124999999999994 0.009374999999999998 0.009374999999999998 0.018749999999999996 0.018749999999999996 0.018749999999999996 0.018749999999999996 0.012499999999999997 0.024999999999999994 0.024999999999999994 0.024999999999999994 0.0 
0.020618556701030927 0.003436426116838488 0.003436426116838488 0.010309278350515464 0.006872852233676976 0.003436426116838488 0.003436426116838488 0.020618556701030927 0.010309278350515464 0.027491408934707903 0.020618556701030927 0.027491408934707903 0.020618556701030927 0.03436426116838488 0.03436426116838488 0.003436426116838488 0.006872852233676976 0.01718213058419244 0.003436426116838488 0.020618556701030927 0.013745704467353952 0.003436426116838488 0.024054982817869417 0.006872852233676976 0.020618556701030927 0.020618556701030927 0.03436426116838488 0.024054982817869417 0.010309278350515464 0.024054982817869417 0.027491408934707903 0.006872852233676976 0.027491408934707903 0.013745704467353952 0.006872852233676976 0.030927835051546393 0.013745704467353952 0.010309278350515464 0.003436426116838488 0.003436426116838488 0.01718213058419244 0.027491408934707903 0.030927835051546393 0.020618556701030927 0.03436426116838488 0.030927835051546393 0.027491408934707903 0.01718213058419244 0.020618556701030927 0.024054982817869417 0.013745704467353952 0.01718213058419244 0.027491408934707903 0.027491408934707903 0.01718213058419244 0.020618556701030927 0.0 
0.035842293906810034 0.03225806451612903 0.007168458781362007 0.0035842293906810036 0.007168458781362007 0.014336917562724014 0.014336917562724014 0.007168458781362007 0.014336917562724014 0.025089605734767026 0.03225806451612903 0.014336917562724014 0.010752688172043012 0.017921146953405017 0.03225806451612903 0.02867383512544803 0.0035842293906810036 0.007168458781362007 0.025089605734767026 0.014336917562724014 0.035842293906810034 0.014336917562724014 0.021505376344086023 0.014336917562724014 0.010752688172043012 0.021505376344086023 0.0035842293906810036 0.007168458781362007 0.0035842293906810036 0.007168458781362007 0.021505376344086023 0.02867383512544803 0.014336917562724014 0.021505376344086023 0.02867383512544803 0.0035842293906810036 0.0035842293906810036 0.025089605734767026 0.025089605734767026 0.03225806451612903 0.03225806451612903 0.010752688172043012 0.02867383512544803 0.02867383512544803 0.0035842293906810036 0.007168458781362007 0.007168458781362007 0.03225806451612903 0.021505376344086023 0.017921146953405017 0.014336917562724014 0.03225806451612903 0.021505376344086023 0.025089605734767026 0.007168458781362007 0.017921146953405017 0.0 
0.015105740181268883 0.00906344410876133 0.027190332326283987 0.015105740181268883 0.006042296072507553 0.027190332326283987 0.021148036253776436 0.021148036253776436 0.00906344410876133 0.015105740181268883 0.02416918429003021 0.01812688821752266 0.0030211480362537764 0.0030211480362537764 0.027190332326283987 0.030211480362537766 0.02416918429003021 0.015105740181268883 0.012084592145015106 0.01812688821752266 0.02416918429003021 0.015105740181268883 0.015105740181268883 0.021148036253776436 0.0030211480362537764 0.021148036253776436 0.02416918429003021 0.0030211480362537764 0.021148036253776436 0.015105740181268883 0.01812688821752266 0.00906344410876133 0.015105740181268883 0.01812688821752266 0.030211480362537766 0.02416918429003021 0.00906344410876133 0.012084592145015106 0.012084592145015106 0.02416918429003021 0.015105740181268883 0.01812688821752266 0.027190332326283987 0.02416918429003021 0.0030211480362537764 0.030211480362537766 0.021148036253776436 0.02416918429003021 0.030211480362537766 0.00906344410876133 0.006042296072507553 0.030211480362537766 0.021148036253776436 0.027190332326283987 0.00906344410876133 0.027190332326283987 0.0 
0.02884615384615385 0.016025641025641028 0.02884615384615385 0.009615384615384618 0.016025641025641028 0.032051282051282055 0.016025641025641028 0.02243589743589744 0.016025641025641028 0.0032051282051282055 0.02243589743589744 0.025641025641025644 0.019230769230769235 0.006410256410256411 0.032051282051282055 0.006410256410256411 0.012820512820512822 0.009615384615384618 0.02884615384615385 0.032051282051282055 0.006410256410256411 0.02884615384615385 0.016025641025641028 0.006410256410256411 0.016025641025641028 0.012820512820512822 0.019230769230769235 0.019230769230769235 0.009615384615384618 0.02243589743589744 0.02884615384615385 0.032051282051282055 0.012820512820512822 0.025641025641025644 0.012820512820512822 0.0032051282051282055 0.009615384615384618 0.0032051282051282055 0.02243589743589744 0.02884615384615385 0.009615384615384618 0.016025641025641028 0.02884615384615385 0.012820512820512822 0.006410256410256411 0.02884615384615385 0.0032051282051282055 0.009615384615384618 0.019230769230769235 0.019230769230769235 0.02243589743589744 0.02884615384615385 0.019230769230769235 0.025641025641025644 0.025641025641025644 0.0032051282051282055 0.0 
0.0034129692832764497 0.023890784982935148 0.01706484641638225 0.0034129692832764497 0.0034129692832764497 0.023890784982935148 0.0204778156996587 0.01023890784982935 0.030716723549488047 0.027303754266211597 0.01706484641638225 0.023890784982935148 0.006825938566552899 0.0341296928327645 0.006825938566552899 0.01023890784982935 0.013651877133105799 0.01706484641638225 0.013651877133105799 0.01706484641638225 0.023890784982935148 0.01706484641638225 0.027303754266211597 0.030716723549488047 0.023890784982935148 0.0034129692832764497 0.0341296928327645 0.027303754266211597 0.01023890784982935 0.0034129692832764497 0.027303754266211597 0.0034129692832764497 0.006825938566552899 0.013651877133105799 0.006825938566552899 0.023890784982935148 0.01706484641638225 0.01023890784982935 0.027303754266211597 0.01706484641638225 0.023890784982935148 0.0341296928327645 0.0034129692832764497 0.0034129692832764497 0.0341296928327645 0.0034129692832764497 0.01706484641638225 0.030716723549488047 0.023890784982935148 0.01023890784982935 0.027303754266211597 0.01023890784982935 0.023890784982935148 0.027303754266211597 0.013651877133105799 0.0341296928327645 0.0 
0.009677419354838712 0.006451612903225807 0.01612903225806452 0.03225806451612904 0.029032258064516134 0.009677419354838712 0.019354838709677424 0.019354838709677424 0.012903225806451615 0.029032258064516134 0.019354838709677424 0.02580645161290323 0.03225806451612904 0.006451612903225807 0.009677419354838712 0.022580645161290325 0.02580645161290323 0.01612903225806452 0.006451612903225807 0.012903225806451615 0.02580645161290323 0.0032258064516129037 0.009677419354838712 0.022580645161290325 0.03225806451612904 0.01612903225806452 0.012903225806451615 0.006451612903225807 0.03225806451612904 0.029032258064516134 0.029032258064516134 0.019354838709677424 0.019354838709677424 0.03225806451612904 0.02580645161290323 0.01612903225806452 0.029032258064516134 0.022580645161290325 0.01612903225806452 0.02580645161290323 0.02580645161290323 0.006451612903225807 0.03225806451612904 0.009677419354838712 0.009677419354838712 0.009677419354838712 0.0032258064516129037 0.012903225806451615 0.02580645161290323 0.01612903225806452 0.006451612903225807 0.01612903225806452 0.009677419354838712 0.019354838709677424 0.0032258064516129037 0.006451612903225807 0.0 
0.01486988847583643 0.007434944237918215 0.0037174721189591076 0.03345724907063197 0.0037174721189591076 0.03345724907063197 0.0037174721189591076 0.03345724907063197 0.022304832713754646 0.011152416356877323 0.022304832713754646 0.007434944237918215 0.011152416356877323 0.022304832713754646 0.007434944237918215 0.03345724907063197 0.01858736059479554 0.01486988847583643 0.0037174721189591076 0.026022304832713755 0.0037174721189591076 0.01858736059479554 0.03345724907063197 0.01486988847583643 0.022304832713754646 0.022304832713754646 0.01486988847583643 0.01486988847583643 0.007434944237918215 0.01858736059479554 0.03345724907063197 0.01486988847583643 0.03345724907063197 0.0037174721189591076 0.026022304832713755 0.011152416356877323 0.0037174721189591076 0.0037174721189591076 0.03345724907063197 0.03345724907063197 0.0037174721189591076 0.01858736059479554 0.022304832713754646 0.026022304832713755 0.01486988847583643 0.0037174721189591076 0.0037174721189591076 0.03345724907063197 0.011152416356877323 0.011152416356877323 0.01486988847583643 0.02973977695167286 0.01486988847583643 0.022304832713754646 0.03345724907063197 0.03345724907063197 0.0 
0.015772870662460563 0.022082018927444793 0.015772870662460563 0.0031545741324921126 0.028391167192429016 0.0031545741324921126 0.028391167192429016 0.022082018927444793 0.009463722397476339 0.006309148264984225 0.018927444794952678 0.015772870662460563 0.03154574132492113 0.022082018927444793 0.015772870662460563 0.006309148264984225 0.015772870662460563 0.009463722397476339 0.03154574132492113 0.015772870662460563 0.0252365930599369 0.009463722397476339 0.0252365930599369 0.028391167192429016 0.009463722397476339 0.028391167192429016 0.028391167192429016 0.018927444794952678 0.028391167192429016 0.018927444794952678 0.01261829652996845 0.0031545741324921126 0.028391167192429016 0.0031545741324921126 0.03154574132492113 0.0031545741324921126 0.015772870662460563 0.022082018927444793 0.028391167192429016 0.015772870662460563 0.01261829652996845 0.018927444794952678 0.022082018927444793 0.022082018927444793 0.006309148264984225 0.018927444794952678 0.015772870662460563 0.009463722397476339 0.028391167192429016 0.018927444794952678 0.022082018927444793 0.015772870662460563 0.009463722397476339 0.018927444794952678 0.009463722397476339 0.028391167192429016 0.0 
0.015873015873015872 0.022222222222222223 0.025396825396825397 0.009523809523809525 0.025396825396825397 0.025396825396825397 0.006349206349206349 0.022222222222222223 0.012698412698412698 0.01904761904761905 0.015873015873015872 0.009523809523809525 0.0031746031746031746 0.0031746031746031746 0.022222222222222223 0.022222222222222223 0.031746031746031744 0.031746031746031744 0.012698412698412698 0.0031746031746031746 0.012698412698412698 0.006349206349206349 0.022222222222222223 0.031746031746031744 0.02857142857142857 0.031746031746031744 0.01904761904761905 0.01904761904761905 0.022222222222222223 0.0031746031746031746 0.006349206349206349 0.006349206349206349 0.022222222222222223 0.009523809523809525 0.02857142857142857 0.012698412698412698 0.022222222222222223 0.01904761904761905 0.0031746031746031746 0.022222222222222223 0.031746031746031744 0.009523809523809525 0.01904761904761905 0.022222222222222223 0.012698412698412698 0.0031746031746031746 0.025396825396825397 0.0031746031746031746 0.022222222222222223 0.031746031746031744 0.031746031746031744 0.012698412698412698 0.015873015873015872 0.022222222222222223 0.031746031746031744 0.015873015873015872 0.0 
0.030581039755351674 0.01223241590214067 0.018348623853211007 0.009174311926605503 0.02446483180428134 0.0030581039755351674 0.030581039755351674 0.009174311926605503 0.02752293577981651 0.030581039755351674 0.021406727828746173 0.02446483180428134 0.006116207951070335 0.021406727828746173 0.015290519877675837 0.021406727828746173 0.009174311926605503 0.021406727828746173 0.006116207951070335 0.009174311926605503 0.02446483180428134 0.018348623853211007 0.009174311926605503 0.009174311926605503 0.009174311926605503 0.0030581039755351674 0.006116207951070335 0.015290519877675837 0.0030581039755351674 0.02446483180428134 0.021406727828746173 0.030581039755351674 0.02446483180428134 0.01223241590214067 0.015290519877675837 0.009174311926605503 0.02446483180428134 0.006116207951070335 0.030581039755351674 0.030581039755351674 0.009174311926605503 0.018348623853211007 0.02446483180428134 0.02446483180428134 0.030581039755351674 0.030581039755351674 0.021406727828746173 0.018348623853211007 0.02752293577981651 0.006116207951070335 0.02752293577981651 0.021406727828746173 0.030581039755351674 0.0030581039755351674 0.018348623853211007 0.009174311926605503 0.0 
0.011627906976744184 0.007751937984496122 0.011627906976744184 0.011627906976744184 0.011627906976744184 0.015503875968992244 0.015503875968992244 0.003875968992248061 0.011627906976744184 0.019379844961240306 0.03875968992248061 0.03488372093023255 0.015503875968992244 0.03875968992248061 0.02325581395348837 0.019379844961240306 0.003875968992248061 0.007751937984496122 0.007751937984496122 0.003875968992248061 0.003875968992248061 0.03875968992248061 0.027131782945736427 0.003875968992248061 0.007751937984496122 0.02325581395348837 0.019379844961240306 0.019379844961240306 0.027131782945736427 0.007751937984496122 0.02325581395348837 0.03100775193798449 0.02325581395348837 0.02325581395348837 0.019379844961240306 0.011627906976744184 0.03488372093023255 0.027131782945736427 0.015503875968992244 0.011627906976744184 0.03488372093023255 0.019379844961240306 0.015503875968992244 0.015503875968992244 0.011627906976744184 0.015503875968992244 0.03875968992248061 0.007751937984496122 0.02325581395348837 0.019379844961240306 0.03100775193798449 0.003875968992248061 0.007751937984496122 0.003875968992248061 0.03488372093023255 0.003875968992248061 0.0 
0.019672131147540992 0.022950819672131154 0.032786885245901655 0.029508196721311487 0.0065573770491803305 0.013114754098360661 0.029508196721311487 0.016393442622950827 0.0032786885245901652 0.016393442622950827 0.026229508196721322 0.026229508196721322 0.013114754098360661 0.0065573770491803305 0.016393442622950827 0.0032786885245901652 0.029508196721311487 0.0032786885245901652 0.029508196721311487 0.029508196721311487 0.009836065573770496 0.032786885245901655 0.032786885245901655 0.0065573770491803305 0.022950819672131154 0.0065573770491803305 0.013114754098360661 0.029508196721311487 0.026229508196721322 0.026229508196721322 0.019672131147540992 0.022950819672131154 0.019672131147540992 0.026229508196721322 0.016393442622950827 0.0032786885245901652 0.032786885245901655 0.026229508196721322 0.0065573770491803305 0.013114754098360661 0.0032786885245901652 0.0032786885245901652 0.029508196721311487 0.029508196721311487 0.0032786885245901652 0.029508196721311487 0.022950819672131154 0.019672131147540992 0.0032786885245901652 0.0065573770491803305 0.009836065573770496 0.026229508196721322 0.0032786885245901652 0.013114754098360661 0.0032786885245901652 0.026229508196721322 0.0 
0.027355623100303966 0.01519756838905776 0.01519756838905776 0.027355623100303966 0.009118541033434655 0.02127659574468086 0.027355623100303966 0.003039513677811552 0.02127659574468086 0.012158054711246207 0.01823708206686931 0.003039513677811552 0.006079027355623104 0.006079027355623104 0.02127659574468086 0.024316109422492415 0.024316109422492415 0.03039513677811552 0.03039513677811552 0.02127659574468086 0.03039513677811552 0.02127659574468086 0.006079027355623104 0.01823708206686931 0.03039513677811552 0.01519756838905776 0.01519756838905776 0.01519756838905776 0.02127659574468086 0.027355623100303966 0.024316109422492415 0.009118541033434655 0.009118541033434655 0.012158054711246207 0.003039513677811552 0.024316109422492415 0.003039513677811552 0.03039513677811552 0.03039513677811552 0.009118541033434655 0.006079027355623104 0.009118541033434655 0.02127659574468086 0.003039513677811552 0.01823708206686931 0.02127659574468086 0.01823708206686931 0.006079027355623104 0.01823708206686931 0.01519756838905776 0.027355623100303966 0.01519756838905776 0.012158054711246207 0.03039513677811552 0.03039513677811552 0.027355623100303966 0.0 
0.01993355481727575 0.016611295681063128 0.023255813953488375 0.0132890365448505 0.01993355481727575 0.0132890365448505 0.023255813953488375 0.009966777408637875 0.0132890365448505 0.01993355481727575 0.003322259136212625 0.009966777408637875 0.029900332225913626 0.00664451827242525 0.01993355481727575 0.023255813953488375 0.033222591362126255 0.023255813953488375 0.003322259136212625 0.033222591362126255 0.01993355481727575 0.033222591362126255 0.029900332225913626 0.003322259136212625 0.003322259136212625 0.009966777408637875 0.00664451827242525 0.023255813953488375 0.009966777408637875 0.01993355481727575 0.026578073089701 0.00664451827242525 0.009966777408637875 0.016611295681063128 0.0132890365448505 0.01993355481727575 0.026578073089701 0.023255813953488375 0.009966777408637875 0.016611295681063128 0.01993355481727575 0.029900332225913626 0.016611295681063128 0.01993355481727575 0.026578073089701 0.016611295681063128 0.016611295681063128 0.01993355481727575 0.003322259136212625 0.026578073089701 0.033222591362126255 0.003322259136212625 0.033222591362126255 0.009966777408637875 0.003322259136212625 0.033222591362126255 0.0 
0.02622950819672132 0.009836065573770494 0.01311475409836066 0.00655737704918033 0.00655737704918033 0.02295081967213115 0.01311475409836066 0.003278688524590165 0.02295081967213115 0.02622950819672132 0.00655737704918033 0.00655737704918033 0.009836065573770494 0.02295081967213115 0.01311475409836066 0.009836065573770494 0.03278688524590165 0.02622950819672132 0.01967213114754099 0.01311475409836066 0.01311475409836066 0.00655737704918033 0.009836065573770494 0.03278688524590165 0.03278688524590165 0.009836065573770494 0.029508196721311483 0.029508196721311483 0.02295081967213115 0.02295081967213115 0.003278688524590165 0.003278688524590165 0.003278688524590165 0.02295081967213115 0.029508196721311483 0.02622950819672132 0.003278688524590165 0.02622950819672132 0.029508196721311483 0.003278688524590165 0.03278688524590165 0.016393442622950824 0.029508196721311483 0.00655737704918033 0.01967213114754099 0.029508196721311483 0.01311475409836066 0.016393442622950824 0.02295081967213115 0.016393442622950824 0.01311475409836066 0.009836065573770494 0.02622950819672132 0.03278688524590165 0.02295081967213115 0.01967213114754099 0.0 
0.012307692307692311 0.0276923076923077 0.015384615384615389 0.012307692307692311 0.030769230769230778 0.0276923076923077 0.02153846153846154 0.018461538461538467 0.006153846153846156 0.006153846153846156 0.009230769230769233 0.015384615384615389 0.018461538461538467 0.02153846153846154 0.003076923076923078 0.024615384615384622 0.003076923076923078 0.030769230769230778 0.018461538461538467 0.009230769230769233 0.024615384615384622 0.0276923076923077 0.015384615384615389 0.030769230769230778 0.030769230769230778 0.006153846153846156 0.024615384615384622 0.003076923076923078 0.003076923076923078 0.015384615384615389 0.02153846153846154 0.0276923076923077 0.024615384615384622 0.02153846153846154 0.018461538461538467 0.024615384615384622 0.02153846153846154 0.006153846153846156 0.006153846153846156 0.02153846153846154 0.024615384615384622 0.030769230769230778 0.0276923076923077 0.003076923076923078 0.015384615384615389 0.003076923076923078 0.012307692307692311 0.024615384615384622 0.0276923076923077 0.012307692307692311 0.003076923076923078 0.02153846153846154 0.02153846153846154 0.015384615384615389 0.030769230769230778 0.018461538461538467 0.0 
0.009584664536741215 0.012779552715654953 0.006389776357827477 0.031948881789137386 0.006389776357827477 0.01916932907348243 0.025559105431309907 0.031948881789137386 0.006389776357827477 0.015974440894568693 0.006389776357827477 0.012779552715654953 0.031948881789137386 0.02236421725239617 0.02236421725239617 0.01916932907348243 0.02236421725239617 0.031948881789137386 0.028753993610223644 0.015974440894568693 0.0031948881789137383 0.0031948881789137383 0.012779552715654953 0.025559105431309907 0.01916932907348243 0.028753993610223644 0.012779552715654953 0.006389776357827477 0.015974440894568693 0.015974440894568693 0.012779552715654953 0.031948881789137386 0.02236421725239617 0.028753993610223644 0.031948881789137386 0.012779552715654953 0.006389776357827477 0.012779552715654953 0.028753993610223644 0.031948881789137386 0.02236421725239617 0.0031948881789137383 0.009584664536741215 0.028753993610223644 0.0031948881789137383 0.02236421725239617 0.02236421725239617 0.025559105431309907 0.02236421725239617 0.025559105431309907 0.028753993610223644 0.01916932907348243 0.009584664536741215 0.0031948881789137383 0.006389776357827477 0.0031948881789137383 0.0 
0.024464831804281353 0.003058103975535169 0.03058103975535169 0.012232415902140676 0.006116207951070338 0.012232415902140676 0.024464831804281353 0.027522935779816522 0.006116207951070338 0.03058103975535169 0.02140672782874618 0.012232415902140676 0.02140672782874618 0.024464831804281353 0.018348623853211014 0.02140672782874618 0.02140672782874618 0.027522935779816522 0.006116207951070338 0.009174311926605507 0.009174311926605507 0.024464831804281353 0.015290519877675844 0.009174311926605507 0.003058103975535169 0.024464831804281353 0.009174311926605507 0.03058103975535169 0.018348623853211014 0.027522935779816522 0.012232415902140676 0.024464831804281353 0.03058103975535169 0.015290519877675844 0.015290519877675844 0.024464831804281353 0.003058103975535169 0.03058103975535169 0.015290519877675844 0.018348623853211014 0.006116207951070338 0.027522935779816522 0.003058103975535169 0.018348623853211014 0.015290519877675844 0.027522935779816522 0.009174311926605507 0.024464831804281353 0.012232415902140676 0.003058103975535169 0.012232415902140676 0.02140672782874618 0.03058103975535169 0.012232415902140676 0.027522935779816522 0.027522935779816522 0.0 
0.030201342281879196 0.006711409395973154 0.003355704697986577 0.003355704697986577 0.006711409395973154 0.010067114093959731 0.030201342281879196 0.026845637583892617 0.02348993288590604 0.013422818791946308 0.020134228187919462 0.020134228187919462 0.016778523489932886 0.003355704697986577 0.03355704697986577 0.013422818791946308 0.02348993288590604 0.030201342281879196 0.016778523489932886 0.013422818791946308 0.020134228187919462 0.003355704697986577 0.03355704697986577 0.020134228187919462 0.030201342281879196 0.006711409395973154 0.030201342281879196 0.006711409395973154 0.026845637583892617 0.026845637583892617 0.013422818791946308 0.02348993288590604 0.016778523489932886 0.016778523489932886 0.030201342281879196 0.010067114093959731 0.03355704697986577 0.006711409395973154 0.016778523489932886 0.003355704697986577 0.030201342281879196 0.020134228187919462 0.030201342281879196 0.030201342281879196 0.013422818791946308 0.006711409395973154 0.013422818791946308 0.016778523489932886 0.020134228187919462 0.020134228187919462 0.016778523489932886 0.003355704697986577 0.006711409395973154 0.02348993288590604 0.006711409395973154 0.020134228187919462 0.0 
0.011834319526627219 0.011834319526627219 0.026627218934911243 0.0029585798816568047 0.005917159763313609 0.020710059171597635 0.020710059171597635 0.023668639053254437 0.029585798816568046 0.014792899408284023 0.008875739644970414 0.008875739644970414 0.014792899408284023 0.011834319526627219 0.005917159763313609 0.026627218934911243 0.014792899408284023 0.011834319526627219 0.026627218934911243 0.005917159763313609 0.014792899408284023 0.026627218934911243 0.029585798816568046 0.020710059171597635 0.023668639053254437 0.008875739644970414 0.020710059171597635 0.026627218934911243 0.029585798816568046 0.014792899408284023 0.020710059171597635 0.014792899408284023 0.029585798816568046 0.026627218934911243 0.023668639053254437 0.014792899408284023 0.020710059171597635 0.026627218934911243 0.029585798816568046 0.020710059171597635 0.014792899408284023 0.014792899408284023 0.014792899408284023 0.011834319526627219 0.029585798816568046 0.011834319526627219 0.023668639053254437 0.026627218934911243 0.026627218934911243 0.0029585798816568047 0.0029585798816568047 0.026627218934911243 0.020710059171597635 0.01775147928994083 0.0029585798816568047 0.0029585798816568047 0.0 
0.01700680272108843 0.013605442176870743 0.03401360544217686 0.010204081632653055 0.02040816326530611 0.02040816326530611 0.023809523809523798 0.023809523809523798 0.03401360544217686 0.02040816326530611 0.01700680272108843 0.010204081632653055 0.013605442176870743 0.0034013605442176856 0.03061224489795917 0.02040816326530611 0.013605442176870743 0.03401360544217686 0.0034013605442176856 0.023809523809523798 0.013605442176870743 0.023809523809523798 0.01700680272108843 0.0034013605442176856 0.027210884353741485 0.0034013605442176856 0.013605442176870743 0.0034013605442176856 0.03061224489795917 0.01700680272108843 0.013605442176870743 0.02040816326530611 0.01700680272108843 0.006802721088435371 0.027210884353741485 0.010204081632653055 0.027210884353741485 0.01700680272108843 0.027210884353741485 0.006802721088435371 0.023809523809523798 0.01700680272108843 0.02040816326530611 0.006802721088435371 0.02040816326530611 0.02040816326530611 0.03061224489795917 0.010204081632653055 0.03401360544217686 0.010204081632653055 0.0034013605442176856 0.03061224489795917 0.006802721088435371 0.01700680272108843 0.03061224489795917 0.0034013605442176856 0.0 
0.013377926421404687 0.026755852842809374 0.006688963210702344 0.023411371237458203 0.03344481605351172 0.013377926421404687 0.03344481605351172 0.010033444816053517 0.03010033444816055 0.020066889632107034 0.006688963210702344 0.003344481605351172 0.006688963210702344 0.003344481605351172 0.023411371237458203 0.003344481605351172 0.006688963210702344 0.006688963210702344 0.006688963210702344 0.010033444816053517 0.010033444816053517 0.01672240802675586 0.013377926421404687 0.03010033444816055 0.03344481605351172 0.020066889632107034 0.006688963210702344 0.006688963210702344 0.013377926421404687 0.006688963210702344 0.03344481605351172 0.01672240802675586 0.03010033444816055 0.03010033444816055 0.026755852842809374 0.01672240802675586 0.026755852842809374 0.020066889632107034 0.023411371237458203 0.023411371237458203 0.026755852842809374 0.003344481605351172 0.020066889632107034 0.01672240802675586 0.03010033444816055 0.03010033444816055 0.03344481605351172 0.010033444816053517 0.010033444816053517 0.020066889632107034 0.010033444816053517 0.020066889632107034 0.003344481605351172 0.03344481605351172 0.03010033444816055 0.010033444816053517 0.0 
0.019108280254777073 0.02229299363057325 0.02866242038216561 0.03184713375796179 0.03184713375796179 0.006369426751592358 0.019108280254777073 0.02547770700636943 0.02229299363057325 0.03184713375796179 0.003184713375796179 0.009554140127388536 0.012738853503184716 0.015923566878980895 0.009554140127388536 0.012738853503184716 0.009554140127388536 0.02229299363057325 0.03184713375796179 0.02547770700636943 0.009554140127388536 0.006369426751592358 0.012738853503184716 0.02866242038216561 0.015923566878980895 0.019108280254777073 0.012738853503184716 0.02866242038216561 0.003184713375796179 0.02229299363057325 0.003184713375796179 0.02866242038216561 0.03184713375796179 0.019108280254777073 0.006369426751592358 0.003184713375796179 0.012738853503184716 0.02547770700636943 0.009554140127388536 0.02547770700636943 0.015923566878980895 0.03184713375796179 0.019108280254777073 0.009554140127388536 0.02229299363057325 0.009554140127388536 0.006369426751592358 0.02547770700636943 0.03184713375796179 0.03184713375796179 0.015923566878980895 0.003184713375796179 0.03184713375796179 0.003184713375796179 0.003184713375796179 0.02229299363057325 0.0 
0.023255813953488358 0.01744186046511627 0.023255813953488358 0.008720930232558134 0.008720930232558134 0.020348837209302313 0.026162790697674403 0.026162790697674403 0.023255813953488358 0.029069767441860444 0.029069767441860444 0.023255813953488358 0.0058139534883720895 0.023255813953488358 0.011627906976744179 0.020348837209302313 0.01744186046511627 0.026162790697674403 0.011627906976744179 0.014534883720930222 0.01744186046511627 0.01744186046511627 0.014534883720930222 0.014534883720930222 0.01744186046511627 0.020348837209302313 0.026162790697674403 0.011627906976744179 0.01744186046511627 0.023255813953488358 0.0029069767441860447 0.020348837209302313 0.011627906976744179 0.011627906976744179 0.026162790697674403 0.023255813953488358 0.01744186046511627 0.011627906976744179 0.014534883720930222 0.008720930232558134 0.0058139534883720895 0.020348837209302313 0.01744186046511627 0.011627906976744179 0.0029069767441860447 0.01744186046511627 0.008720930232558134 0.014534883720930222 0.026162790697674403 0.0029069767441860447 0.029069767441860444 0.026162790697674403 0.01744186046511627 0.029069767441860444 0.023255813953488358 0.029069767441860444 0.0 
0.03246753246753247 0.02272727272727273 0.029220779220779224 0.006493506493506495 0.01298701298701299 0.02597402597402598 0.01298701298701299 0.02272727272727273 0.019480519480519484 0.02272727272727273 0.03246753246753247 0.0032467532467532474 0.016233766233766236 0.016233766233766236 0.01298701298701299 0.029220779220779224 0.0032467532467532474 0.0032467532467532474 0.01298701298701299 0.01298701298701299 0.03246753246753247 0.01298701298701299 0.02272727272727273 0.006493506493506495 0.03246753246753247 0.03246753246753247 0.029220779220779224 0.03246753246753247 0.0032467532467532474 0.02272727272727273 0.016233766233766236 0.0032467532467532474 0.01298701298701299 0.006493506493506495 0.029220779220779224 0.0032467532467532474 0.006493506493506495 0.02597402597402598 0.02272727272727273 0.01298701298701299 0.019480519480519484 0.009740259740259742 0.029220779220779224 0.0032467532467532474 0.029220779220779224 0.02597402597402598 0.006493506493506495 0.006493506493506495 0.029220779220779224 0.016233766233766236 0.006493506493506495 0.009740259740259742 0.019480519480519484 0.029220779220779224 0.029220779220779224 0.01298701298701299 0.0 
0.015337423312883436 0.03067484662576687 0.02147239263803681 0.027607361963190184 0.024539877300613498 0.027607361963190184 0.03067484662576687 0.009202453987730062 0.02147239263803681 0.015337423312883436 0.024539877300613498 0.018404907975460124 0.02147239263803681 0.018404907975460124 0.015337423312883436 0.027607361963190184 0.003067484662576687 0.003067484662576687 0.018404907975460124 0.027607361963190184 0.018404907975460124 0.003067484662576687 0.03067484662576687 0.015337423312883436 0.006134969325153374 0.015337423312883436 0.003067484662576687 0.015337423312883436 0.003067484662576687 0.012269938650306749 0.03067484662576687 0.003067484662576687 0.009202453987730062 0.009202453987730062 0.012269938650306749 0.027607361963190184 0.012269938650306749 0.027607361963190184 0.003067484662576687 0.006134969325153374 0.03067484662576687 0.015337423312883436 0.024539877300613498 0.018404907975460124 0.027607361963190184 0.018404907975460124 0.02147239263803681 0.027607361963190184 0.012269938650306749 0.03067484662576687 0.012269938650306749 0.015337423312883436 0.003067484662576687 0.03067484662576687 0.018404907975460124 0.027607361963190184 0.0 
0.03010033444816055 0.01672240802675586 0.026755852842809374 0.020066889632107034 0.020066889632107034 0.01672240802675586 0.01672240802675586 0.03010033444816055 0.003344481605351172 0.026755852842809374 0.013377926421404687 0.006688963210702344 0.01672240802675586 0.006688963210702344 0.01672240802675586 0.01672240802675586 0.03344481605351172 0.03344481605351172 0.006688963210702344 0.01672240802675586 0.026755852842809374 0.013377926421404687 0.01672240802675586 0.023411371237458203 0.03010033444816055 0.020066889632107034 0.003344481605351172 0.03344481605351172 0.013377926421404687 0.006688963210702344 0.03010033444816055 0.026755852842809374 0.010033444816053517 0.013377926421404687 0.03344481605351172 0.013377926421404687 0.006688963210702344 0.013377926421404687 0.013377926421404687 0.020066889632107034 0.003344481605351172 0.023411371237458203 0.013377926421404687 0.03010033444816055 0.003344481605351172 0.006688963210702344 0.010033444816053517 0.013377926421404687 0.023411371237458203 0.003344481605351172 0.013377926421404687 0.03344481605351172 0.003344481605351172 0.026755852842809374 0.023411371237458203 0.026755852842809374 0.0 
0.008264462809917352 0.016528925619834704 0.024793388429752056 0.013774104683195586 0.008264462809917352 0.019283746556473823 0.024793388429752056 0.02754820936639117 0.016528925619834704 0.022038567493112938 0.0055096418732782345 0.024793388429752056 0.011019283746556469 0.02754820936639117 0.013774104683195586 0.02754820936639117 0.008264462809917352 0.011019283746556469 0.024793388429752056 0.02754820936639117 0.011019283746556469 0.019283746556473823 0.024793388429752056 0.011019283746556469 0.0027548209366391172 0.016528925619834704 0.022038567493112938 0.024793388429752056 0.011019283746556469 0.008264462809917352 0.024793388429752056 0.0055096418732782345 0.02754820936639117 0.019283746556473823 0.022038567493112938 0.013774104683195586 0.016528925619834704 0.011019283746556469 0.024793388429752056 0.011019283746556469 0.02754820936639117 0.024793388429752056 0.022038567493112938 0.02754820936639117 0.016528925619834704 0.016528925619834704 0.02754820936639117 0.022038567493112938 0.0027548209366391172 0.016528925619834704 0.02754820936639117 0.013774104683195586 0.019283746556473823 0.022038567493112938 0.0027548209366391172 0.019283746556473823 0.0 
0.002976190476190475 0.002976190476190475 0.0238095238095238 0.00595238095238095 0.0238095238095238 0.0238095238095238 0.008928571428571426 0.00595238095238095 0.029761904761904753 0.0119047619047619 0.026785714285714277 0.008928571428571426 0.026785714285714277 0.026785714285714277 0.0238095238095238 0.0238095238095238 0.0238095238095238 0.008928571428571426 0.026785714285714277 0.017857142857142853 0.029761904761904753 0.0238095238095238 0.026785714285714277 0.0238095238095238 0.0238095238095238 0.002976190476190475 0.0119047619047619 0.02083333333333333 0.017857142857142853 0.00595238095238095 0.0119047619047619 0.026785714285714277 0.029761904761904753 0.0238095238095238 0.0238095238095238 0.0238095238095238 0.02083333333333333 0.029761904761904753 0.008928571428571426 0.0119047619047619 0.017857142857142853 0.00595238095238095 0.014880952380952377 0.017857142857142853 0.029761904761904753 0.002976190476190475 0.029761904761904753 0.002976190476190475 0.00595238095238095 0.0119047619047619 0.0238095238095238 0.00595238095238095 0.0119047619047619 0.0238095238095238 0.02083333333333333 0.02083333333333333 0.0 
0.003278688524590164 0.019672131147540985 0.019672131147540985 0.022950819672131147 0.009836065573770493 0.022950819672131147 0.003278688524590164 0.013114754098360656 0.006557377049180328 0.019672131147540985 0.006557377049180328 0.006557377049180328 0.03278688524590164 0.013114754098360656 0.013114754098360656 0.009836065573770493 0.013114754098360656 0.006557377049180328 0.03278688524590164 0.01639344262295082 0.019672131147540985 0.009836065573770493 0.019672131147540985 0.003278688524590164 0.009836065573770493 0.022950819672131147 0.006557377049180328 0.019672131147540985 0.03278688524590164 0.003278688524590164 0.01639344262295082 0.022950819672131147 0.009836065573770493 0.029508196721311476 0.03278688524590164 0.013114754098360656 0.022950819672131147 0.009836065573770493 0.01639344262295082 0.02622950819672131 0.019672131147540985 0.022950819672131147 0.022950819672131147 0.003278688524590164 0.006557377049180328 0.019672131147540985 0.02622950819672131 0.03278688524590164 0.029508196721311476 0.03278688524590164 0.013114754098360656 0.022950819672131147 0.019672131147540985 0.03278688524590164 0.02622950819672131 0.029508196721311476 0.0 
0.003134796238244514 0.009404388714733543 0.012539184952978056 0.003134796238244514 0.025078369905956112 0.009404388714733543 0.006269592476489028 0.018808777429467086 0.018808777429467086 0.03134796238244514 0.018808777429467086 0.03134796238244514 0.0219435736677116 0.003134796238244514 0.003134796238244514 0.025078369905956112 0.025078369905956112 0.009404388714733543 0.01567398119122257 0.0219435736677116 0.018808777429467086 0.0219435736677116 0.009404388714733543 0.012539184952978056 0.003134796238244514 0.02821316614420063 0.025078369905956112 0.03134796238244514 0.0219435736677116 0.02821316614420063 0.018808777429467086 0.01567398119122257 0.009404388714733543 0.003134796238244514 0.03134796238244514 0.006269592476489028 0.018808777429467086 0.018808777429467086 0.018808777429467086 0.0219435736677116 0.01567398119122257 0.009404388714733543 0.009404388714733543 0.025078369905956112 0.03134796238244514 0.012539184952978056 0.01567398119122257 0.01567398119122257 0.03134796238244514 0.012539184952978056 0.01567398119122257 0.018808777429467086 0.02821316614420063 0.02821316614420063 0.025078369905956112 0.02821316614420063 0.0 
1.0 0.0 0.0 0.0 0.0 0.0 0.0 0.0 0.0 0.0 0.0 0.0 0.0 0.0 0.0 0.0 0.0 0.0 0.0 0.0 0.0 0.0 0.0 0.0 0.0 0.0 0.0 0.0 0.0 0.0 0.0 0.0 0.0 0.0 0.0 0.0 0.0 0.0 0.0 0.0 0.0 0.0 0.0 0.0 0.0 0.0 0.0 0.0 0.0 0.0 0.0 0.0 0.0 0.0 0.0 0.0 0.0 

emissions
0 0 0 0 0 0 0 0 0 0 0 0 0 0 0 0 0 0 0 0 0 0 0 0 0 0 0 0 0 0 0 0 0 0 0 0 0 0 0 0 0 0 0 0 0 0 0 0 0 0 0 0 0 0 0 0 1 
1 1 1 1 1 1 1 1 1 1 1 1 1 1 1 1 1 1 1 1 1 1 1 1 1 1 1 1 1 1 1 1 1 1 1 1 1 1 1 1 1 1 1 1 1 1 1 1 1 1 1 1 1 1 1 1 0 
