states
0 1 2 3 4 5 6 7 8 9 10 11 12 13 14 15 16 17 18 19 20 21 22 23 24 25 26 27 28 29 30 31 32 33 34 35 36 37 38 39 40 41 42 43 44 45 46 47 48 49 50 51 52 53 54 55 56 
labels
empty init 
initial
1.0 0.0 0.0 0.0 0.0 0.0 0.0 0.0 0.0 0.0 0.0 0.0 0.0 0.0 0.0 0.0 0.0 0.0 0.0 0.0 0.0 0.0 0.0 0.0 0.0 0.0 0.0 0.0 0.0 0.0 0.0 0.0 0.0 0.0 0.0 0.0 0.0 0.0 0.0 0.0 0.0 0.0 0.0 0.0 0.0 0.0 0.0 0.0 0.0 0.0 0.0 0.0 0.0 0.0 0.0 0.0 0.0
transitions
0.017380347606952142 0.021100422008440176 0.028990579811596237 0.02809056181123623 0.008960179203584074 0.0028400568011360235 0.010700214004280088 0.0033000660013200274 0.011920238404768099 0.032490649812996264 0.01809036180723615 0.014150283005660116 0.006700134002680056 0.012990259805196106 0.03294065881317627 0.031010620212404257 0.03060061201224025 0.019740394807896165 0.023680473609472195 0.0039600792015840325 0.0009900198003960081 0.012870257405148106 0.011510230204604094 0.030850617012340254 0.0011300226004520091 0.008240164803296068 0.005910118202364049 0.032750655013100274 0.01905038100762016 0.03245064901298027 0.005250105002100044 0.02205044100882018 0.025010500210004206 0.026370527410548218 0.01793035860717215 0.02079041580831617 0.01685033700674014 0.008540170803416071 0.03318066361327227 0.012650253005060104 0.019960399207984165 0.00603012060241205 0.005730114602292047 0.009020180403608075 0.02838056761135223 0.030920618412368255 0.019790395807916163 0.03230064601292027 0.0064101282025640525 0.01833036660733215 0.030650613012260252 0.024870497409948206 0.0053001060021200435 0.02174043480869618 0.019640392807856163 0.00729014580291606 0.00962019240384808 
0.0203712222733364 0.014880892853571215 0.03574214452867172 0.025411524691481488 0.00708042482548953 0.011540692441546494 0.03169190151409085 0.0012000720043202592 0.0030301818109086547 0.008160489629377763 0.018571114266856013 0.008490509430565833 0.027871672300338022 0.0024701482088925336 0.015660939656379384 0.021791307478448707 0.003180190811448687 0.028621717303038183 0.006830409824589476 0.025981558893533614 0.009130547832869972 0.031191871512290737 0.02967178030681841 0.02320139208352501 0.007700462027721664 0.017211032661959717 0.010580634838090287 0.02087125227513651 0.0010800648038882335 0.029711782706962418 0.03493209592575555 0.032471948316899014 0.013680820849250956 0.0351821109266556 0.030291817509050547 0.029311758705522332 0.002790167410044603 0.004040242414544873 0.009270556233374003 0.029551773106386386 0.003110186611196672 0.00537032221933316 0.036802208132487954 0.021841310478628716 0.026111566694001644 0.0018301098065883954 0.03495209712582755 0.022421345280716844 0.002620157209432566 0.010350621037262236 0.006430385823149389 0.022711362681760907 0.008590515430925856 0.03432205932355942 0.0014100846050763046 0.0175910554633278 0.023081384883092988 
0.025399492010159792 0.027609447811043776 0.02952940941181176 0.0246195076098478 0.028799424011519765 0.016579668406631866 0.02338953220935581 0.0044799104017919636 0.02319953600927981 0.03500929981400371 0.012179756404871902 0.003979920401591968 0.0002699946001079978 0.004169916601667966 0.007479850402991939 0.019089618207635845 0.0248395032099358 0.005389892202155956 0.028669426611467767 0.022539549209015818 0.030129397412051756 0.03533929321413572 0.007869842603147936 0.014949701005979879 0.03080938381232375 0.0024999500009999795 0.013219735605287893 0.01847963040739185 0.014459710805783883 0.011299774004519907 0.008919821603567928 0.002099958000839983 0.020599588008239834 0.00859982800343993 0.03195936081278374 0.0025799484010319788 0.032999340013199735 0.02372952540949181 0.0026799464010719785 0.0035799284014319706 0.025709485810283792 0.029669406611867757 0.01369972600547989 0.007799844003119936 0.000609987800243995 0.03407931841363172 0.001459970800583988 0.021849563008739824 0.015369692606147876 0.025099498010039797 0.025249495010099796 0.009339813203735923 0.032699346013079736 0.0036299274014519704 0.02730945381092378 0.02700945981080378 0.015389692206155874 
0.013709725805483892 0.0018399632007359856 0.01750964980700386 0.014399712005759886 0.02797944041119178 0.026889462210755787 0.006369872602547949 0.03166936661266775 0.01930961380772385 0.0018599628007439854 0.00376992460150797 0.0067698646027079465 0.02761944761104778 0.0029399412011759767 0.00639987200255995 0.007649847003059939 0.004579908401831963 0.03447931041379172 0.039609207815843685 0.00011999760004799905 0.0385992280154397 0.015859682806343874 0.0047899042019159625 0.023889522209555814 0.024589508209835808 0.03572928541429172 0.03607927841443172 0.019579608407831847 0.007919841603167938 0.019169616607667847 0.008339833203335935 0.021099578008439833 0.03636927261454771 0.012499750004999902 0.002739945201095978 0.03037939241215176 0.02170956580868383 0.0252194956100878 0.03709925801483971 0.0012199756004879904 0.007879842403151937 0.0014799704005919883 0.016139677206455875 0.014499710005799886 0.02983940321193576 0.00761984760304794 0.03555928881422372 0.02640947181056379 0.014339713205735887 0.003639927201455971 0.024379512409751804 0.009729805403891924 0.010459790804183917 0.002299954000919982 0.01885962280754385 0.03709925801483971 0.02140957180856383 
0.018649440516784493 0.017349479515614528 0.029559113226603196 0.03367898963031109 0.014969550913472594 0.02726918192454226 0.01578952631421057 0.013569592912212632 0.006209813705588831 0.02098937031889043 0.015589532314030576 0.01913942581722548 0.030329090127296173 0.024249272521824343 0.009029729108126754 0.021089367318980427 0.008759737207883762 0.004449866504004879 0.0011499655010349687 0.011259662210133694 0.009439716808495743 0.02618921432357029 0.0030499085027449174 0.0021699349019529413 0.01765947021589352 0.0032899013029609103 0.021429357119286417 0.029269121926342206 0.0032199034028979126 0.012429627111186663 0.011039668809935699 0.011459656210313689 0.010039698809035727 0.009839704808855732 0.021169364919052424 0.023979280621581348 0.029339119826405205 0.02545923622291331 0.024019279421617346 0.0009699709008729737 0.02163935081947541 0.016769496915092545 0.029179124626261207 0.024889253322400322 0.03045908622741317 0.008019759407217782 0.030339089827305175 0.017799466016019515 0.026649200523984274 0.006829795106146814 0.02382928512144635 0.029199124026279204 0.022299331020069393 0.007909762707118784 0.027009189724308266 0.03011909642710718 0.008519744407667769 
0.006539869202615947 0.025399492010159792 0.006589868202635947 0.03286934261314774 0.01692966140677186 0.03313933721325573 0.018149637007259852 0.007539849203015939 0.025509489810203793 0.026259474810503784 0.02929941401171976 0.011999760004799903 0.005769884602307953 0.011649767004659906 0.023049539009219813 0.026819463610727783 0.0026499470010599786 0.015739685206295873 0.028329433411331772 0.007729845403091937 0.010089798204035917 0.027069458610827782 0.03141937161256774 0.021489570208595824 0.003449931001379972 0.01356972860542789 0.011809763804723903 0.0122197556048879 0.00620987580248395 0.029629407411851758 0.0069198616027679434 0.01119977600447991 0.03201935961280774 0.02849943001139977 0.009969800603987918 0.02721945561088778 0.010169796604067917 0.01671966560668786 0.002919941601167976 0.008289834203315933 0.003319933601327973 0.03239935201295974 0.021759564808703825 0.03348933021339573 0.032129357412851736 0.009209815803683925 0.026529469410611784 0.02349953000939981 0.011739765204695905 0.016729665406691862 0.02931941361172776 0.0005199896002079957 0.024099518009639803 0.025459490810183793 0.014199716005679885 0.008779824403511929 0.003969920601587967 
0.007300146002920061 0.0014600292005840121 0.011920238404768099 0.035600712014240296 0.004410088201764036 0.035840716814336294 0.01449028980579612 0.0027300546010920225 0.0360307206144123 0.011610232204644097 0.0027300546010920225 0.036380727614552306 0.013170263405268109 0.020010400208004167 0.02500050001000021 0.03006060121202425 0.0351107022140443 0.0240704814096282 0.02751055021100423 0.009300186003720077 0.020050401008020167 0.034240684813696284 0.003730074601492031 0.016310326206524138 0.011030220604412092 0.02651053021060422 0.0365007300146003 0.0060601212024240505 0.022590451809036186 0.00710014200284006 0.005080101602032042 0.008100162003240067 0.010070201404028084 0.005000100002000042 0.006860137202744057 0.017810356207124147 0.02024040480809617 0.024620492409848205 0.027340546810936228 0.030700614012280258 0.005790115802316048 0.01077021540430809 0.02786055721114423 0.00044000880017600367 0.03649072981459631 0.007680153603072064 0.007860157203144067 0.0242104842096842 0.017300346006920143 0.011290225804516094 0.021490429808596178 0.011250225004500094 0.02161043220864418 0.027110542210844225 0.03280065601312028 0.0038600772015440323 0.007500150003000063 
0.007290072900729006 0.01063010630106301 0.008510085100851007 0.011390113901139011 0.01351013510135101 0.015330153301533013 0.02635026350263502 0.012320123201232009 0.003020030200302003 0.029540295402954025 0.02538025380253802 0.02292022920229202 0.014430144301443012 0.03429034290342903 0.024660246602466022 0.006970069700697005 0.02365023650236502 0.005490054900549005 0.03710037100371003 0.03698036980369803 0.0005600056000560005 0.02151021510215102 0.007610076100761006 0.03708037080370803 0.014460144601446012 0.008870088700887006 0.02439024390243902 0.019970199701997017 0.031000310003100027 0.020310203102031018 0.02014020140201402 0.026010260102601022 0.02074020740207402 0.017250172501725017 0.014220142201422013 0.0038000380003800033 0.02675026750267502 0.018400184001840014 0.03320033200332003 0.0033200332003320027 0.0028700287002870026 0.004760047600476005 0.002420024200242002 0.03263032630326303 0.006610066100661006 0.018130181301813014 0.026990269902699024 0.024400244002440022 0.009000090000900006 0.003360033600336003 0.02422024220242202 0.004570045700457004 0.0006600066000660006 0.03528035280352803 0.025350253502535024 0.0031000310003100025 0.03629036290362903 
0.010510105101051012 0.02933029330293303 0.02192021920219202 0.03478034780347804 0.022090220902209023 0.02697026970269703 0.02544025440254403 0.007030070300703007 0.024650246502465025 0.010320103201032011 0.023770237702377024 0.02730027300273003 0.021560215602156024 0.03560035600356004 0.01000010000100001 0.005970059700597006 0.02664026640266403 0.015870158701587016 0.022460224602246025 0.02105021050210502 0.0015300153001530014 0.005750057500575006 0.03568035680356804 0.019040190401904022 0.014450144501445016 0.025600256002560027 0.03478034780347804 0.017080170801708018 0.023630236302363026 0.0019400194001940021 0.03154031540315403 0.011000110001100011 0.0033000330003300033 0.015790157901579015 0.02957029570295703 0.0007400074000740008 0.013860138601386015 0.01079010790107901 0.022850228502285023 0.025340253402534027 0.015010150101501018 0.02713027130271303 0.0012700127001270013 0.015490154901549017 0.015910159101591017 0.017880178801788018 0.021950219502195025 0.015120151201512015 0.00011000110001100013 0.02243022430224302 0.01751017510175102 0.0035300353003530037 0.017820178201782017 0.002110021100211002 0.005320053200532006 0.001740017400174002 0.03214032140321404 
0.0027300273002730025 0.025540255402554026 0.01116011160111601 0.03116031160311603 0.015800158001580016 0.03160031600316003 0.005910059100591006 0.01004010040100401 0.011560115601156011 0.010400104001040009 0.02456024560245602 0.014420144201442013 0.019020190201902015 0.034060340603406035 0.025050250502505023 0.03235032350323503 0.01258012580125801 0.023720237202372024 0.011550115501155011 0.01972019720197202 0.03202032020320203 0.028720287202872025 0.002160021600216002 0.026220262202622024 0.005790057900579006 0.03229032290322903 0.01117011170111701 0.023410234102341023 0.008060080600806006 0.018390183901839018 0.017250172501725017 0.026900269002690026 0.013800138001380012 0.001930019300193002 0.029910299102991027 0.02183021830218302 0.03289032890328904 0.025540255402554026 0.004150041500415004 0.007990079900799009 0.02895028950289503 0.01017010170101701 0.0028400284002840026 0.02818028180281803 0.0009600096000960009 0.012850128501285012 0.023610236102361022 0.00969009690096901 0.014050140501405014 1.000010000100001e-05 0.03030030300303003 0.01872018720187202 0.017070170701707015 0.0012400124001240012 0.016810168101681015 0.021960219602196022 0.019230192301923018 
0.0244895102097958 0.001449971000579988 0.022599548009039815 0.007699846003079938 0.02362952740945181 0.02935941281174376 0.0031499370012599746 0.009929801403971919 0.035799284014319706 0.0052898942021159575 0.010239795204095918 0.016269674606507866 0.012759744805103897 0.011559768804623907 0.0123797524049519 0.01702965940681186 0.02174956500869982 0.01352972940541189 0.03465930681386372 0.006049879002419951 0.016419671606567866 0.021449571008579825 0.03209935801283974 0.026469470610587784 0.00123997520049599 0.016219675606487866 0.01479970400591988 0.019179616407671844 0.013349733005339893 0.03260934781304373 0.017649647007059857 0.022589548209035814 0.0026299474010519786 0.0057898842023159525 0.023949521009579804 0.031729365412691744 0.009199816003679926 0.013049739005219895 0.03288934221315574 0.009589808203835922 0.012209755804883902 0.03316933661326773 0.034279314413711716 0.015529689406211874 0.006639867202655946 0.004399912001759964 0.00862982740345193 0.024359512809743803 0.02109957800843983 0.01689966200675986 0.034599308013839716 0.009879802403951919 0.030159396812063755 0.027679446411071774 0.013689726205475889 0.015649687006259873 0.00859982800343993 
0.003049969500304997 0.02825971740282597 0.01889981100188998 0.025759742402575975 0.010479895201047989 0.033349666503334964 0.005379946200537994 0.02556974430255697 0.017169828301716983 0.002179978200217998 0.03541964580354196 0.03726962730372696 0.024949750502494972 0.012069879301206989 0.007559924400755992 0.02988970110298897 0.024769752302476973 0.0021499785002149978 0.02059979400205998 0.01911980880191198 0.02879971200287997 0.0007199928000719992 0.004229957700422996 0.011399886001139989 0.011729882701172988 0.015009849901500985 0.03601963980360196 0.006849931500684993 0.011589884101158987 0.012909870901290987 0.011849881501184987 0.015739842601573982 0.02600973990260097 0.02776972230277697 0.02899971000289997 0.014269857301426984 0.005999940000599994 0.017719822801771982 0.0004999950000499994 0.03606963930360696 0.02549974500254997 0.012609873901260987 0.002819971800281997 0.013509864901350985 0.0052799472005279945 0.02951970480295197 0.013429865701342985 0.03905960940390595 0.03323966760332396 0.02724972750272497 0.006299937000629994 0.005299947000529995 0.00911990880091199 0.012669873301266987 0.010779892201077989 0.03645963540364596 0.00906990930090699 
0.022341340480428826 0.025001500090005402 0.01439086345180711 0.006160369622177331 0.030361821709302562 0.008160489629377763 0.028641718503110185 0.005470328219693182 0.015620937256235375 0.016971018261095667 0.006290377422645359 0.015650939056343384 0.025881552893173593 0.028081684901094067 0.0004200252015120908 0.0034502070124207453 0.011980718843130587 0.0073604416264975905 0.014000840050403026 0.029541772506350383 0.031761905714342856 0.030191811508690526 0.02655159309558574 0.02096125767546053 0.018521111266676 0.029051743104586275 0.008840530431825911 0.030021801308078487 0.02919175150509031 0.000310018601116067 0.01606096365781947 0.01531091865511931 0.031191871512290737 0.020741244474668484 0.01560093605616337 0.0036002160129607777 0.018471108266495992 0.021171270276216576 0.023061383683020985 0.006910414624877494 0.013440806448386905 0.020731243874632477 0.03172190331419885 0.003720223213392804 0.018171090265415926 0.017581054863291798 0.007140428425705543 0.03151189071344281 0.01439086345180711 0.0030301818109086547 0.024351461087665262 0.016280976858611518 0.025711542692561557 0.025111506690401426 0.005200312018721123 0.019981198871932317 0.008620517231033862 
0.015230000000000002 0.0022700000000000003 0.017570000000000002 0.024750000000000005 0.028960000000000003 0.024020000000000003 0.018990000000000003 0.026720000000000004 0.013270000000000002 0.016500000000000004 0.016700000000000003 0.027190000000000002 0.0051600000000000005 0.006600000000000001 0.024690000000000004 0.0067800000000000004 0.025410000000000002 0.0039900000000000005 0.024560000000000002 0.013570000000000002 0.020780000000000003 0.023420000000000003 0.011450000000000002 0.03178000000000001 0.03225000000000001 0.012060000000000001 0.032100000000000004 0.013330000000000002 0.030960000000000005 0.023230000000000004 0.007980000000000001 0.0010400000000000001 0.023180000000000003 0.030400000000000003 0.030390000000000004 0.0014200000000000003 0.007670000000000001 0.030050000000000004 0.031790000000000006 0.025300000000000003 0.015030000000000002 0.005470000000000001 0.030650000000000004 0.018770000000000002 0.028100000000000003 0.011190000000000002 7.000000000000001e-05 0.004790000000000001 0.03159000000000001 0.011700000000000002 0.023750000000000004 0.0024200000000000003 0.006530000000000001 0.0072900000000000005 0.005180000000000001 0.022670000000000003 0.011290000000000001 
0.001110011100111001 0.030980309803098027 0.021130211302113018 0.003740037400374003 0.015060150601506013 0.02174021740217402 0.007200072000720006 0.02384023840238402 0.03126031260312603 0.02380023800238002 0.004660046600466004 0.007150071500715006 0.02171021710217102 0.0046000460004600036 0.030630306303063026 0.0026800268002680023 0.02625026250262502 0.002670026700267002 0.02516025160251602 0.0032200322003220028 0.016050160501605012 0.018290182901829016 0.030050300503005025 0.03438034380343803 0.007200072000720006 0.019620196201962016 0.030910309103091026 0.024660246602466022 0.03339033390333903 0.029460294602946024 0.00014000140001400012 0.006040060400604006 0.03468034680346803 0.0007400074000740006 0.0027900279002790024 0.01058010580105801 0.02454024540245402 0.006110061100611005 0.03342033420334203 0.020010200102001018 0.03454034540345403 0.007620076200762007 0.017110171101711015 0.020960209602096016 0.026370263702637023 0.026120261202612023 0.014690146901469012 0.003640036400364003 0.03189031890318903 0.027390273902739026 0.030310303103031025 0.020630206302063015 0.004430044300443004 1.000010000100001e-05 0.02380023800238002 0.016100161001610012 0.002730027300273002 
0.0050100501005010045 0.0043300433004330036 0.03335033350333503 0.0007200072000720007 0.03696036960369604 0.004390043900439004 0.035450354503545035 0.00036000360003600034 0.0009000090000900008 0.015910159101591017 0.03714037140371403 0.009170091700917008 0.022290222902229023 0.0036400364003640034 0.02032020320203202 0.007150071500715007 0.005580055800558005 0.004560045600456004 0.02135021350213502 0.0019900199001990017 0.02163021630216302 0.027630276302763025 0.016740167401674017 0.03175031750317503 0.02267022670226702 0.025820258202582023 0.008280082800828007 0.018630186301863017 0.007630076300763007 0.03231032310323103 0.002820028200282003 0.03250032500325003 0.003850038500385004 0.012510125101251011 0.008920089200892009 0.01904019040190402 0.036220362203622035 0.015550155501555014 0.01947019470194702 0.03640036400364004 0.022030220302203023 0.03791037910379103 0.017350173501735018 0.00999009990099901 0.017570175701757014 0.0008300083000830008 0.03351033510335103 0.018650186501865017 0.033420334203342034 0.025320253202532023 0.004700047000470005 0.020990209902099023 0.00967009670096701 0.034600346003460035 0.0026600266002660025 0.03305033050330503 0.006800068000680006 
0.017530350607012135 0.013610272205444106 0.009500190003800073 0.022530450609012175 0.030570611412228235 0.02464049280985619 0.0015400308006160118 0.034990699813996266 0.0071601432028640544 0.029540590811816227 0.009760195203904075 0.0037100742014840285 0.027010540210804207 0.029320586411728224 0.02735054701094021 0.014610292205844111 0.03480069601392027 0.005920118402368045 0.03495069901398027 0.02706054121082421 0.01184023680473609 0.002920058401168022 0.01934038680773615 0.03495069901398027 0.00262005240104802 0.036340726814536276 0.007530150603012058 0.027770555411108212 0.0009400188003760072 0.010650213004260082 0.02325046500930018 0.010830216604332083 0.01047020940418808 0.014140282805656108 0.020070401408028155 0.004240084801696032 0.01181023620472409 0.03274065481309625 0.029570591411828228 0.006290125802516048 0.02097041940838816 0.003050061001220024 0.022360447208944173 0.0016500330006600126 0.03006060121202423 0.020200404008080153 0.024620492409848187 0.005820116402328044 0.014330286605732111 0.0037500750015000287 0.007150143002860055 0.011990239804796092 0.012710254205084098 0.03215064301286025 0.016290325806516123 0.01687033740674813 0.031600632012640247 
0.01365 0.02907 0.02924 0.00745 0.03019 0.02602 0.00469 0.01466 0.02475 0.01182 0.01156 0.00668 0.02823 0.01149 0.01596 0.00591 0.02755 0.02384 0.02757 0.02546 0.00882 0.00808 0.01999 0.02709 0.0285 0.01689 0.01496 0.02692 0.01531 0.01563 0.014 0.03052 0.02124 0.01268 0.01022 0.02461 0.02059 0.01835 0.02751 0.00618 0.02642 0.00774 0.01715 0.02085 0.01211 0.00251 0.02007 0.00362 0.02066 0.00934 0.03045 0.00793 0.00924 0.00656 0.03066 0.02181 0.009 
0.00879982400351993 0.018289634207315855 0.0252294954100918 0.025329493410131798 0.006959860802783945 0.015519689606207879 0.0029999400011999763 0.008589828203435932 0.03058938821223576 0.022909541809163818 0.012999740005199897 0.020279594408111837 0.00039999200015999685 0.01017979640407192 0.02912941741165177 0.011019779604407913 0.013009739805203898 0.016699666006679867 0.020439591208175838 0.026299474010519793 0.01775964480710386 0.007709845803083939 0.023179536409271815 0.02908941821163577 0.014399712005759886 0.028689426211475775 0.0251994960100798 0.01637967240655187 0.028829423411531774 0.008609827803443932 0.00501989960200796 0.02138957220855583 0.029309413811723768 0.015479690406191878 0.028409431811363777 0.0253894922101558 0.010749785004299914 0.008109837803243935 0.014319713605727886 0.022199556008879826 0.0257594848103038 0.011579768404631909 0.020279594408111837 0.030069398612027762 0.013049739005219897 0.028109437811243778 0.02797944041119178 0.007019859602807945 0.003559928801423972 0.025129497410051802 0.02666946661066779 0.017379652406951863 0.014109717805643887 0.006589868202635948 0.013379732405351894 0.0125797484050319 0.010859782804343915 
0.005650226009040362 0.032871314852594105 0.008620344813792551 0.018190727629105168 0.028921156846273853 0.03394135765430617 0.005490219608784352 0.026881075243009724 0.017720708828353134 0.004510180407216289 0.0187407496299852 0.028481139245569824 0.004860194407776311 0.035221408856354254 0.02560102404096164 0.006990279611184447 0.0018700748029921196 0.002040081603264131 0.0202708108324333 0.012890515620624826 0.00703028121124845 0.001280051202048082 0.033511340453618144 0.0056602264090563625 0.012920516820672827 0.03542141685667427 0.030031201248049925 0.020570822832913317 0.00984039361574463 0.0054002160086403465 0.010350414016560663 0.0140505620224809 0.011220448817952719 0.009610384415376616 0.019180767230689226 0.011180447217888717 0.004290171606864275 0.027881115244609785 0.018460738429537184 0.026451058042321694 0.034581383255330216 0.015340613624544981 0.008500340013600545 0.02126085043401736 0.02118084723388936 0.03332133285331414 0.026471058842353696 0.003030121204848194 0.033731349253970165 0.012270490819632785 0.017860714428577146 0.028041121644865795 0.01608064322572903 0.029131165246609865 0.02324092963718549 0.007430297211888476 0.014420576823072923 
0.023769524609507812 0.026769464610707786 0.0015399692006159878 0.004559908801823964 0.004149917001659967 0.022449551008979822 0.013459730805383893 0.03569928601427972 0.014679706405871884 0.009189816203675927 0.014809703805923884 0.029699406011879766 0.019369612607747846 0.018649627007459854 0.031049379012419755 0.000999980000399992 0.008829823403531929 0.019339613207735848 0.02766944661106778 0.035499290014199714 0.012419751604967902 0.03325933481330373 0.003999920001599968 0.00635987280254395 0.008359832803343934 0.008139837203255935 0.009309813803723926 0.023579528409431814 0.021099578008439833 0.015899682006359876 0.03451930961380773 0.001639967200655987 0.0009199816003679928 0.003399932001359973 0.019529609407811843 0.03494930101397972 0.0012899742005159898 0.00745985080298394 0.016449671006579868 0.03357932841343173 0.02374952500949981 0.009609807803843925 0.029569408611827764 0.017409651806963862 0.02636947261054779 0.0253994920101598 0.030839383212335755 0.03262934741305174 0.024659506809863806 0.008809823803523931 0.00012999740005199896 0.029389412211755766 0.029159416811663768 0.024109517809643807 0.00043999120017599653 0.01793964120717586 0.01143977120457591 
0.02554 0.01743 0.02603 0.01092 0.00829 0.0245 0.01526 0.03258 0.01315 0.01217 0.03256 0.02953 0.00615 0.0202 0.007 0.00728 0.00466 0.01738 0.02832 0.02945 0.00192 0.02949 0.0313 0.02122 0.013 0.02323 0.00626 0.00939 0.0225 0.00265 0.00505 0.01943 0.02903 0.02704 0.02222 0.03232 0.02328 0.01985 0.01485 0.00796 0.01603 0.03334 0.01887 0.01006 0.0187 0.0286 0.0001 0.00783 0.00397 0.0177 0.01659 0.00562 0.0129 0.03272 0.01451 0.0222 0.00987 
0.014310286205724113 0.013550271005420106 0.009590191803836075 0.009740194803896077 0.0250105002100042 0.03019060381207624 0.0040800816016320325 0.009660193203864076 0.017850357007140143 0.03065061301226024 0.02310046200924018 0.0004300086001720034 0.022950459009180184 0.015010300206004119 0.013480269605392108 0.020720414408288163 0.03039060781215624 0.007310146202924058 0.015560311206224121 0.02998059961199224 0.02660053201064021 0.029640592811856235 0.0009300186003720074 0.00630012600252005 0.0011700234004680093 0.008130162603252064 0.0019500390007800154 0.014410288205764113 0.014550291005820115 0.004070081401628032 0.018670373407468147 0.022090441808836174 0.010790215804316085 0.020580411608232162 0.012070241404828097 0.03506070121402428 0.003370067401348027 0.004530090601812036 0.020620412408248162 0.011960239204784095 0.024130482609652188 0.011640232804656092 0.026240524810496206 0.027980559611192224 0.03172063441268825 0.03496069921398427 0.02627052541050821 0.0001600032000640013 0.03437068741374827 0.034700694013880276 0.012920258405168101 0.02764055281105622 0.031440628812576255 0.0038400768015360307 0.03255065101302026 0.025530510610212203 0.0028400568011360226 
0.021949122035118594 0.007789688412463501 0.0017599296028158874 0.0296788128474861 0.027348906043758246 0.0037398504059837604 0.017139314427422902 0.03470861165553377 0.01233950641974321 0.015469381224751009 0.02119915203391864 0.003979840806367745 0.02252909883604656 0.007609695612175512 0.010409583616655334 0.03322867085316587 0.008979640814367425 0.029228830846766127 0.014609415623375064 0.013199472021119155 0.019289228430862768 0.034418623255069794 0.03303867845286188 0.028098876044958202 0.03191872325106995 0.03385864565417383 0.026028958841646334 0.008039678412863486 0.014709411623535059 0.01076956921723131 0.005549778008879644 0.00858965641374345 0.016489340426382944 0.0062497500099996 1.999920003199872e-05 0.0009199632014719411 0.03138874445022199 0.005639774409023639 0.03184872605095796 0.0040798368065277394 0.02937882484700612 0.005929762809487621 0.002389904403823847 0.013919443222271108 0.010949562017519298 0.017059317627294908 0.010269589216431342 0.015909363625454982 0.026378944842206313 0.03458861645534179 0.012259509619615215 0.01170953161873525 0.01777928882844686 0.019629214831406745 0.033628654853805846 0.021649134034638612 0.02872885084596616 
0.030800616012320245 0.03047060941218824 0.004010080201604031 0.02805056101122022 0.015660313206264122 0.02787055741114822 0.011150223004460088 0.016780335606712132 0.014350287005740113 0.028870577411548227 0.00377007540150803 0.030790615812316246 0.030740614812296244 0.03160063201264025 0.025970519410388207 0.0024800496009920194 0.009530190603812076 0.026170523410468206 0.02021040420808416 0.018600372007440146 0.0022100442008840177 0.03157063141262825 0.0019100382007640152 0.018450369007380146 0.01750035000700014 0.02428048560971219 0.01155023100462009 0.010460209204184083 0.02270045400908018 0.011560231204624093 0.029760595211904238 0.002760055201104022 0.02405048100962019 0.0049900998019960395 0.006380127602552051 0.016770335406708133 0.026110522210444208 0.006230124602492049 0.030840616812336245 0.019920398407968158 0.00253005060101202 0.02309046180923618 0.013500270005400107 0.021690433808676173 0.010690213804276084 0.027440548810976215 0.0029700594011880235 0.029720594411888235 0.011680233604672092 0.016670333406668132 0.023310466209324185 0.016460329206584128 0.007070141402828056 0.03049060981219624 0.0250005000100002 0.00751015020300406 0.002290045800916018 
0.004929901401971958 0.029889402211955744 0.012049759004819896 0.032649347013059715 0.02562948741025178 0.020239595208095828 0.021729565408691812 0.008999820003599923 0.014689706205875874 0.0234795304093918 0.009099818003639923 0.030679386412271737 0.0025599488010239783 0.02211955760884781 0.006129877402451947 0.005379892402151954 0.017339653206935854 0.01719965600687985 0.0348993020139597 0.028439431211375755 0.03055938881222374 0.00930981380372392 0.001989960200795983 0.027199456010879766 0.026659466810663772 0.03616927661446769 0.00947981040379192 0.009989800203995916 0.007509849803003936 0.019259614807703836 0.019109617807643836 0.03682926341473169 0.005999880002399948 0.014149717005659878 0.0025399492010159783 0.026219475610487774 0.014559708805823876 0.009639807203855917 0.017899642007159846 0.03687926241475169 0.028319433611327757 0.032719345613087716 0.0077998440031199325 0.020419591608167826 0.007739845203095934 0.01042979140417191 0.0011199776004479902 0.011319773604527903 0.004769904601907959 0.034219315613687705 0.0071598568028639386 0.013249735005299886 0.013339733205335885 0.009039819203615922 0.02014959700805983 0.02443951120977579 0.023679526409471796 
0.011480229604592093 0.004400088001760036 0.009000180003600072 0.0017300346006920138 0.029450589011780236 0.02204044080881618 0.025820516410328207 0.011520230404608093 0.01762035240704814 0.01004020080401608 0.025310506210124203 0.002720054401088022 0.006560131202624052 0.016440328806576133 0.0016800336006720135 0.004580091601832037 0.01838036760735215 0.01976039520790416 0.02855057101142023 0.0007100142002840058 0.013910278205564112 0.012210244204884098 0.010070201404028081 0.0249304986099722 0.016950339006780137 0.03513070261405228 0.01791035820716414 0.01368027360547211 0.011490229804596092 0.012540250805016102 0.02768055361107222 0.023070461409228187 0.007750155003100062 0.019360387207744155 0.030300606012120243 0.028720574411488228 0.00021000420008400168 0.00890017800356007 0.030730614612292248 0.023690473809476188 0.01484029680593612 0.006630132602652053 0.034890697813956276 0.03225064501290026 0.025120502410048203 0.0251005020100402 0.03436068721374428 0.005150103002060041 0.02869057381147623 0.007010140202804056 0.024520490409808197 0.02378047560951219 0.030190603812076243 0.016940338806776135 0.022180443608872176 0.015110302206044122 0.016200324006480128 
0.014059859401405979 0.003089969100308995 0.031229687703122955 0.03407965920340795 0.028809711902880956 0.0054999450005499915 0.010179898201017985 0.004979950200497993 0.015609843901560977 0.03132968670313295 0.017139828601713973 0.013629863701362979 0.00013999860001399979 0.022529774702252967 0.022629773702262965 0.034719652803471945 0.03722962770372294 0.03187968120318795 0.00688993110068899 0.023079769202307965 0.020879791202087966 0.006969930300696989 0.004709952900470993 0.003909960900390994 0.03602963970360294 0.02031979680203197 0.03202967970320295 0.03228967710322895 0.010569894301056983 0.015469845301546976 0.009859901400985987 0.02842971570284296 0.004829951700482993 0.0024099759002409963 0.0015399846001539976 0.006729932700672989 0.007139928600713989 0.012609873901260981 0.027749722502774958 0.004589954100458994 0.01957980420195797 0.03355966440335595 0.014179858201417978 0.03340966590334095 0.023979760202397966 0.0007799922000779988 0.017149828501714974 0.004629953700462992 0.0025499745002549963 0.0009399906000939985 0.015369846301536977 0.03587964120358795 0.034579654203457946 0.008579914200857987 0.015389846101538976 0.02594974050259496 0.035689643103568945 
0.010730107301073008 0.01707017070170701 0.02783027830278302 0.029090290902909023 9.000090000900007e-05 0.019220192201922014 0.030800308003080024 0.03001030010300102 0.0007100071000710006 0.010680106801068009 0.014090140901409011 0.022190221902219018 0.008150081500815006 0.006270062700627005 0.016960169601696013 0.01365013650136501 0.010730107301073008 0.02750027500275002 0.025670256702567017 0.004950049500495004 0.017620176201762015 0.023360233602336015 0.006650066500665005 0.007140071400714005 0.020860208602086015 0.01196011960119601 0.02607026070260702 0.0023300233002330017 0.02689026890268902 0.002510025100251002 0.01571015710157101 0.030800308003080024 0.02611026110261102 0.018660186601866014 0.01324013240132401 0.020470204702047013 0.02918029180291802 0.021550215502155017 0.007460074600746005 0.005470054700547004 0.015070150701507011 0.019120191201912017 0.023500235002350017 0.01380013800138001 0.017930179301793015 0.01496014960149601 0.01322013220132201 0.030020300203002025 0.010490104901049006 0.019570195701957015 0.02794027940279402 0.014650146501465011 0.031040310403104024 0.015360153601536012 0.02795027950279502 0.02636026360263602 0.018580185801858013 
7.000000000000001e-05 0.010920000000000001 0.017530000000000004 0.020250000000000004 0.0037300000000000007 0.03253000000000001 0.006280000000000002 0.007760000000000002 0.026240000000000006 0.012060000000000003 0.0003700000000000001 0.021610000000000004 0.029960000000000007 0.03329000000000001 0.030650000000000007 0.015580000000000004 0.012770000000000004 0.003490000000000001 0.005170000000000001 0.010590000000000002 0.022110000000000005 0.03416000000000001 0.012710000000000004 0.019720000000000005 0.013530000000000004 0.026850000000000006 0.0028300000000000005 0.028890000000000006 0.029870000000000008 0.02653000000000001 0.0041400000000000005 0.023770000000000006 0.03316000000000001 0.026450000000000008 0.006630000000000001 0.005740000000000001 0.006480000000000001 0.015040000000000003 0.026280000000000008 0.02585000000000001 0.024700000000000007 0.03406000000000001 0.015770000000000003 0.019490000000000004 0.029990000000000006 0.029040000000000007 0.009560000000000003 0.010110000000000001 0.0018100000000000004 0.026650000000000007 0.005740000000000001 0.004440000000000001 0.023760000000000007 0.029840000000000005 0.021980000000000003 0.014620000000000003 0.006850000000000002 
0.017860714428577146 0.008220328813152527 0.02438097523900956 0.009570382815312613 0.02040081603264131 0.03691147645905836 0.03538141525661027 0.026171046841873675 0.0004400176007040282 0.0028301132045281813 0.025051002040081604 0.013020520820832835 0.022320892835713427 0.020190807632305293 0.008850354014160566 0.028041121644865795 0.02439097563902556 0.004440177607104284 0.018450738029521182 0.0016600664026561063 0.006580263210528421 0.026181047241889674 0.02405096203848154 0.03422136885475419 0.02702108084323373 0.003010120404816193 0.030251210048401936 0.01497059882395296 0.03232129285171407 0.014660586423456938 0.032461298451938084 0.014450578023120924 0.008080323212928517 0.03032121284851394 0.014650586023440939 0.0074702988119524786 0.015060602424096965 0.025391015640625625 0.035281411256450255 0.010860434417376696 0.010820432817312693 0.011170446817872715 0.03669146765870635 0.03703148125925037 0.008850354014160566 0.0024500980039201567 0.0032301292051682066 0.005810232409296372 0.0017200688027521102 0.005050202008080323 0.01999079963198528 0.019440777631105244 0.027701108044321774 0.0013400536021440858 0.0008300332013280532 0.03604144165766631 0.01595063802552102 
0.008140000000000001 0.016130000000000002 0.0071200000000000005 0.021690000000000004 0.03280000000000001 0.023880000000000002 0.015850000000000003 0.03366000000000001 0.0018100000000000002 0.015870000000000002 0.0048200000000000005 0.012880000000000003 0.021500000000000002 0.0048200000000000005 0.024110000000000003 0.03479000000000001 0.025250000000000005 0.020890000000000002 0.022280000000000005 0.017030000000000003 0.014520000000000002 0.027200000000000002 0.011510000000000001 0.004200000000000001 0.025470000000000003 0.023140000000000004 0.014700000000000001 0.026470000000000004 0.009250000000000001 0.0036600000000000005 0.029310000000000003 0.019380000000000005 0.025520000000000004 0.017630000000000003 0.010970000000000002 0.018500000000000003 0.012380000000000002 0.026670000000000003 0.0008100000000000001 0.012290000000000002 0.020720000000000002 0.00011000000000000002 0.030610000000000002 0.008020000000000001 0.011800000000000001 0.0019700000000000004 0.027660000000000004 0.031520000000000006 0.017290000000000003 0.03175000000000001 0.025690000000000004 0.027890000000000005 0.009570000000000002 0.017340000000000005 0.013220000000000003 0.003980000000000001 0.021960000000000004 
0.014759557213283599 0.023239302820915367 0.03371898843034708 0.005079847604571862 0.0010599682009539712 0.026909192724218267 0.012379628611141663 0.03129906102816915 0.030689079327620165 0.005199844004679858 0.024119276421707345 0.011289661310160693 0.008589742307730767 0.021399358019259417 0.006159815205543832 0.004849854504364868 0.02163935081947541 0.03011909642710718 0.00916972490825275 0.019599412017639466 0.02688919332420027 0.03426897193084207 0.032149035528934125 0.02236932892013239 0.011609651710448685 0.0022499325020249386 0.017909462716118513 0.011859644210673679 0.014299571012869612 0.03157905262842114 0.009719708408747736 0.0257292281231563 0.003379898603041908 0.004569862904112876 0.03279901602951911 0.017759467215983517 0.011109666709998698 0.027379178624641256 0.01063968080957571 0.006459806205813824 0.03392898213053608 0.002179934601961941 0.002649920502384928 0.0332490025299241 0.0011199664010079695 0.013839584812455624 0.011339659810205691 0.0332490025299241 0.034378968630941066 0.010849674509764705 0.011459656210313689 0.03054908352749417 0.021529354119376416 0.015019549413517592 0.02904912852614421 0.012429627111186663 0.007179784606461804 
0.000849983000339993 0.03837923241535168 0.02219955600887982 0.004579908401831962 0.0372092558148837 0.011889762204755903 0.0018199636007279851 0.0036199276014479706 0.015209695806083876 0.0024199516009679803 0.011919761604767903 0.021279574408511828 0.023699526009479808 0.02723945521089578 0.0123597528049439 0.03231935361292774 0.020039599208015835 0.02929941401171976 0.02060958780824383 0.005189896202075958 0.02915941681166376 0.03358932821343573 0.018969620607587848 0.027659446811063776 0.03315933681326373 0.001949961000779984 0.030229395412091756 0.0056998860022799535 0.01364972700545989 0.007729845403091937 0.02914941701165976 0.02072958540829183 0.015239695206095876 0.02593948121037579 0.012089758204835903 0.03493930121397572 0.009739805203895922 0.01595968080638387 0.010479790404191915 0.021129577408451828 0.030069398612027756 0.009289814203715925 0.004989900201995959 0.03211935761284774 0.027499450010999776 0.032309353812923734 0.0245395092098158 0.014239715205695884 0.004939901201975959 0.015639687206255873 0.01982960340793184 0.0070098598028039425 0.007119857602847942 0.0030099398012039757 0.018039639207215855 0.0008899822003559927 0.009139817203655927 
0.002870057401148023 0.002020040400808016 0.007500150003000059 0.02016040320806416 0.02639052781055621 0.021040420808416165 0.029410588211764233 0.012450249004980098 0.013730274605492108 0.0249104982099642 0.019350387007740152 0.021810436208724172 0.02784055681113622 0.014800296005920118 0.03190063801276025 0.005700114002280045 0.016220324406488126 0.012940258805176102 0.02265045300906018 0.0072301446028920574 0.020660413208264165 0.0035400708014160284 0.020850417008340165 0.028070561411228222 0.00881017620352407 0.01514030280605612 0.029530590611812235 0.03060061201224024 0.01881037620752415 0.019780395607912154 0.012330246604932099 0.029680593611872235 0.015560311206224121 0.0031200624012480247 0.0018000360007200142 0.030870617412348245 0.009730194603892078 0.028760575211504227 0.002420048400968019 0.023590471809436186 0.02117042340846817 0.004960099201984039 0.007100142002840057 0.028530570611412225 0.0007500150003000059 0.010690213804276084 0.025170503410068202 0.006880137602752055 0.027120542410848214 0.003020060401208024 0.015360307206144123 0.032020640412808256 0.027310546210924217 0.016670333406668132 0.0251205024100482 0.019890397807956157 0.03365067301346027 
0.02369047380947618 0.0050101002020040385 0.00907018140362807 0.023380467609352182 0.005060101202024039 0.023890477809556186 0.01947038940778815 0.03415068301366026 0.02975059501190023 0.003140062801256024 0.01785035700714014 0.019460389207784153 0.027760555211104213 0.03353067061341226 0.0008200164003280063 0.023950479009580184 0.014030280605612108 0.02862057241144822 0.02094041880837616 0.0011200224004480086 0.028920578411568223 0.026890537810756208 0.014780295605912113 0.031060621212424238 0.012770255405108098 0.004160083201664032 0.014630292605852113 0.024750495009900193 0.0013600272005440106 0.007190143802876055 0.029120582411648225 0.017190343806876132 0.022710454209084175 0.022950459009180177 0.008720174403488067 0.019180383607672147 0.02778055561111221 0.010010200204004076 0.023910478209564184 0.03279065581311625 0.0064801296025920494 0.015290305806116117 0.014440288805776112 0.023380467609352182 0.031120622412448236 0.02872057441148822 0.005040100802016039 0.012910258205164098 0.021170423408468163 0.007190143802876055 0.017170343406868134 0.01858037160743214 0.00020000400008000153 0.001050021000420008 0.03260065201304025 0.01670033400668013 0.0023800476009520183 
0.001099978000439991 0.0021299574008519827 0.012719745605087898 0.009909801803963919 0.022789544209115817 0.024289514209715802 0.020329593408131834 0.03168936621267575 0.025379492410151794 0.014189716205675884 0.026249475010499786 0.027439451210975775 0.010619787604247912 0.026049479010419787 0.010559788804223914 0.0034099318013639723 0.011599768004639905 0.005899882002359952 0.032549349013019736 0.031729365412691744 0.02223955520889582 0.03317933641327173 0.028709425811483766 0.011669766604667904 0.019029619407611845 0.0013299734005319892 0.02362952740945181 0.00851982960340793 0.0010899782004359913 0.017719645607087855 0.02215955680886382 0.033949321013579725 0.03563928721425571 0.0047999040019199605 0.03188936221275574 0.03722925541489169 0.029379412411751762 0.022779544409111816 0.006199876002479949 0.005189896202075958 0.007819843603127936 0.019139617207655845 0.0006799864002719945 0.010439791204175914 0.0053398932021359565 0.0004299914001719965 0.008029839403211935 0.03475930481390372 0.02562948741025179 0.018819623607527848 0.024069518609627805 0.014129717405651885 0.015139697206055878 9.99980000399992e-06 0.028719425611487766 0.025349493010139796 0.01452970940581188 
0.03910960890391096 0.01850981490185098 0.030879691203087967 0.013699863001369985 0.02960970390296097 0.020279797202027976 0.017329826701732984 0.013029869701302986 0.013359866401335987 0.020469795302046977 0.02691973080269197 0.025419745802541974 0.024319756802431976 0.0005199948000519994 0.0042999570004299955 0.00894991050089499 0.013929860701392984 0.03955960440395596 0.03690963090369096 0.0013099869001309986 0.012719872801271986 0.007379926200737992 0.0042999570004299955 0.003969960300396995 0.02616973830261697 0.001959980400195998 0.01011989880101199 0.007629923700762991 0.0012599874001259987 0.005869941300586994 0.004419955800441995 0.009309906900930991 0.009769902300976989 0.030499695003049967 0.03882961170388296 0.04045959540404596 0.037459625403745964 0.008059919400805991 0.016239837601623983 0.02976970230297697 0.024499755002449976 0.0016399836001639982 0.02692973070269297 0.00016999830001699983 0.016819831801681985 0.018209817901820982 0.03467965320346796 0.00989990100098999 0.006729932700672993 0.006979930200697993 0.01747982520174798 0.02243977560224398 0.03456965430345696 0.008499915000849992 0.023629763702362975 0.0075199248007519915 0.03468965310346896 
0.02840914772556823 0.0031299061028169147 0.012999610011699646 0.010019699409017728 0.013089607311780643 0.03481895543133705 0.031529054128376144 0.006589802305930821 0.024369268921932336 0.03402897913062607 0.006829795106146814 0.03086907392778216 0.025169244922652316 0.031409057728268144 0.003629891103266901 0.01137965861024169 0.0007299781006569801 0.012759617211483653 0.011619651410457683 0.03337899863004109 0.029969100926972185 0.01873943781686549 0.0036898893033208997 0.020429387118386443 0.0076397708068757925 0.029829105126846188 0.014919552413427593 0.008909732708018757 0.009449716508504744 0.010909672709818703 0.01216963491095267 0.03433896983090507 0.015569532914012576 0.0002899913002609921 0.015639530814075576 0.005289841304760856 0.0055798326050218484 0.036258912232633014 0.00884973450796476 0.017719468415947518 0.008719738407847764 0.025969220923372293 0.007829765107046787 0.036818895433136996 0.001579952601421957 0.004159875203743887 0.03049908502744917 0.006629801105966819 0.036388908332750006 0.0002499925002249932 0.01579952601421957 0.029289121326360204 0.035378938631841036 0.017759467215983517 0.024709258722238326 0.02806915792526224 0.017199484015479532 
0.020280202802028018 0.021940219402194018 0.026660266602666023 0.007110071100711006 0.013910139101391012 0.02270022700227002 0.02232022320223202 0.0008400084000840007 0.013290132901329011 0.010030100301003009 0.017540175401754014 0.012070120701207011 0.0008300083000830007 0.021750217502175016 0.018500185001850016 0.02735027350273502 0.02622026220262202 0.007250072500725006 0.015480154801548013 0.007550075500755007 0.026900269002690023 0.02263022630226302 0.02642026420264202 0.02491024910249102 0.018790187901879016 0.028620286202862024 0.02437024370243702 0.0016900169001690015 0.008830088300883008 0.02754027540275402 0.003960039600396003 0.018480184801848015 0.01192011920119201 0.028300283002830023 0.006520065200652006 0.006910069100691006 0.02395023950239502 0.01321013210132101 0.013830138301383013 0.017370173701737015 0.026550265502655022 0.028770287702877026 0.007360073600736006 0.02094020940209402 0.02126021260212602 0.017780177801778017 0.02153021530215302 0.019840198401984015 0.028830288302883027 0.0076700767007670066 0.02512025120251202 0.017460174601746016 0.0013600136001360012 0.02309023090230902 0.02677026770267702 0.014410144101441012 0.022480224802248018 
0.02233066992009759 0.00830024900747022 0.01433042991289738 0.03064091922757681 0.03547106413192394 0.026220786623598693 0.038041141234237005 0.015190455713671402 0.01847055411662349 0.00456013680410412 0.017350520515615458 0.01694050821524645 0.013710411312339361 0.028990869726091766 0.020280608418252535 0.014680440413212387 0.014440433212996382 0.005030150904527133 0.0012600378011340333 0.02765082952488573 0.027560826824804728 0.012980389411682343 0.0227506825204756 0.005840175205256154 0.03154094622838683 0.014930447913437395 0.023140694220826614 0.02866085982579476 0.014430432912987382 0.001630048901467043 0.028190845725371744 0.0013900417012510367 0.03309099272978187 0.019020570617118503 0.014660439813194386 0.004360130803924115 0.0009900297008910261 0.03363100893026789 0.010960328809864289 0.003630108903267096 0.00023000690020700607 0.02737082112463372 0.013970419112573369 0.029730891926757784 0.003910117303519103 0.014200426012780376 0.025090752722581666 0.010380311409342275 0.034781043431302915 0.006340190205706167 0.013160394811844348 0.03221096632898986 0.024440733221996646 0.012690380711421334 0.0027000810024300713 0.033661009830294894 0.007850235507065206 
0.02726918192454227 0.0064198074057778285 0.010289691309260725 0.00900972970810876 0.021519354419367424 0.023729288121356367 0.020529384118476452 0.007679769606911795 0.013589592312230636 0.010129696109116728 0.006699799006029821 0.029709108726738206 0.024419267421977347 0.025559233223003314 0.01647950561483156 0.026319210423687296 0.018099457016289518 0.017239482815515537 0.020339389818305458 0.001529954101376959 0.02393928182154536 0.03276901692949213 0.011539653810385691 0.012749617511474657 0.002759917202483926 0.014029579112626625 0.026689199324020283 0.014159575212743622 0.024529264122076344 0.03199904002879914 0.03213903582892514 0.022299331020069403 0.023009309720708384 0.031179064628061165 0.01387958361249163 0.028299151025469243 0.022319330420087404 0.024449266522004347 0.023619291421257366 0.013749587512374633 0.004619861404157877 0.025919222423327306 0.004949851504454868 0.025779226623201312 0.01460956171314861 0.018439446816595508 0.021599352019439425 0.018329450116496507 0.004189874303770888 0.002129936101916943 0.00852974410767677 0.0005799826005219845 0.01705948821535354 0.004329870103896884 0.0299491015269542 0.030469085927422184 0.0018499445016649505 
0.018000360007200147 0.00987019740394808 0.009100182003640074 0.01836036720734415 0.005140102802056041 0.013100262005240107 0.01590031800636013 0.024330486609732197 0.006140122802456049 0.012000240004800098 0.029100582011640237 0.020720414408288167 0.007030140602812057 0.01829036580731615 0.018050361007220145 0.03038060761215225 0.006710134202684054 0.019100382007640155 0.010440208804176085 0.011600232004640094 0.010580211604232087 0.011860237204744098 0.03068061361227225 0.02810056201124023 0.03135062701254026 0.007500150003000061 0.0021600432008640176 0.0365107302146043 0.02085041700834017 0.014230284605692116 0.018830376607532152 0.007410148202964061 0.02004040080801616 0.01621032420648413 0.038770775415508316 0.0070901418028360575 0.02965059301186024 0.018160363207264146 0.00373007460149203 0.031830636612732256 0.008970179403588073 0.013050261005220106 7.000140002800056e-05 0.0067401348026960555 0.04039080781615633 0.02846056921138423 0.020300406008120164 0.01974039480789616 0.01730034600692014 0.014160283205664115 0.005500110002200045 0.026750535010700217 0.013220264405288108 0.01982039640792816 0.026460529210584217 0.01868037360747215 0.031470629412588255 
0.038360383603836035 0.023760237602376024 0.00982009820098201 0.014320143201432014 0.01129011290112901 0.017830178301783017 0.00963009630096301 0.008210082100821008 0.0009800098000980009 0.006350063500635006 0.01992019920199202 0.024970249702497022 0.012650126501265012 0.0033800338003380035 0.022830228302283023 0.026000260002600025 0.023420234202342023 0.004760047600476005 0.03540035400354003 0.02078020780207802 0.013200132001320013 0.018070180701807017 0.014520145201452013 0.014950149501495013 0.012380123801238012 0.03067030670306703 0.013630136301363012 0.01908019080190802 0.021660216602166018 0.0062400624006240055 0.028450284502845025 0.03638036380363804 0.03500035000350004 0.007290072900729007 0.01147011470114701 0.029370293702937027 0.00967009670096701 0.02090020900209002 0.001040010400104001 0.027800278002780024 0.004080040800408004 0.015400154001540016 0.015750157501575015 0.009000090000900008 0.009120091200912008 0.03611036110361104 0.025660256602566024 0.03167031670316703 0.014590145901459014 0.03447034470344704 0.0024700247002470022 0.01848018480184802 0.014970149701497015 0.008850088500885008 0.0013200132001320013 0.013470134701347012 0.03815038150381504 
0.027809165725028246 0.012809615711528652 0.011009669709908701 0.020739377818665437 0.01957941261762147 0.0038198854034378962 0.02302930912072637 0.03558893233203003 0.029269121926342206 0.013719588412347626 0.01687949361519154 0.02654920352389428 0.008329750107496774 0.032089037328880125 0.026939191824245267 0.014799556013319597 0.03508894733158005 0.014679559613211601 0.010099697009089725 0.015129546113616587 0.01941941741747747 0.012419627411177662 0.005089847304580861 0.005969820905372837 0.01355959321220363 0.03168904932852014 0.030729078127656163 0.008019759407217782 0.014629561113166602 0.020969370918872427 0.0256692299231023 0.001359959201223963 0.029499115026549196 0.015729528114156573 0.000919972400827975 0.011599652010439684 0.011419657410277688 0.009249722508324749 0.02530924072277831 0.013139605811825644 0.03328900132996009 0.018179454616361508 0.0184294471165865 0.03159905202843914 0.004219873403797885 0.03233902982910512 0.015729528114156573 0.006469805905822824 0.021609351719448413 0.023199304020879368 0.01567952961411157 0.009079727608171752 0.004919852404427866 0.008749737507874764 0.02383928482145535 0.008379748607541773 0.019939401817945457 
0.028459715402845975 0.028509714902850977 0.005619943800561996 0.004089959100408996 0.017549824501754983 0.009579904200957992 0.015579844201557986 0.03997960020399797 0.03141968580314197 0.02577974220257798 0.0004899951000489996 0.037319626803731965 0.010459895401045992 0.029889701102988976 0.02319976800231998 0.010449895501044991 0.008409915900840994 0.008509914900850993 0.018749812501874984 0.02379976200237998 0.0008099919000809992 0.016649833501664987 0.029909700902990975 0.01182988170118299 0.026689733102668974 0.03592964070359297 0.03692963070369296 0.00040999590004099965 0.01038989610103899 0.026819731802681976 0.01206987930120699 0.009929900700992991 0.021339786602133985 0.009319906800931992 0.008559914400855993 0.02483975160248398 0.04095959040409597 0.03361966380336197 0.040629593704062966 0.010229897701022991 0.038359616403835964 0.022449775502244983 0.005029949700502996 0.008179918200817992 0.005609943900560996 0.0026099739002609975 0.014869851301486986 0.020929790702092985 0.0017199828001719984 0.003259967400325997 0.008359916400835993 0.007369926300736993 0.017669823301766988 0.007859921400785994 0.02425975740242598 0.01056989430105699 0.015179848201517987 
0.007230072300723008 0.027270272702727028 0.008530085300853009 0.026940269402694027 0.03289032890328904 0.02735027350273503 0.0011800118001180013 0.03399033990339904 0.024410244102441025 0.025700257002570028 0.02852028520285203 0.016350163501635016 0.031440314403144036 0.017630176301763018 0.012160121601216014 0.012730127301273014 0.014580145801458015 0.01777017770177702 0.023910239102391026 0.02774027740277403 0.010470104701047011 0.007260072600726007 0.023560235602356025 0.00946009460094601 0.004640046400464005 0.03043030430304303 0.003800038000380004 0.01641016410164102 0.02166021660216602 0.016460164601646017 0.00938009380093801 0.0063200632006320066 0.006120061200612006 0.01996019960199602 0.022090220902209023 0.01740017400174002 0.00012000120001200013 0.015730157301573018 0.03239032390323904 0.021480214802148023 0.0034600346003460037 0.01095010950109501 0.02840028400284003 0.017240172401724017 0.024950249502495025 0.006620066200662007 0.034080340803408035 0.017630176301763018 0.010510105101051012 0.022600226002260023 0.032650326503265034 0.008790087900879009 0.004610046100461005 0.016960169601696017 0.01776017760177602 0.006560065600656007 0.02276022760227602 
0.02568974310256898 0.006939930600693994 0.005099949000509996 0.008989910100898993 0.02822971770282298 0.02249977500224998 0.020509794902050984 0.020619793802061984 0.026689733102668974 0.008569914300856992 0.014489855101448988 0.011739882601173991 0.02271977280227198 0.030189698103018976 0.016609833901660986 0.015309846901530987 0.015279847201527988 0.017249827501724987 0.00954990450095499 0.026509734902650975 0.015719842801571987 0.02703972960270398 0.01248987510124899 0.017669823301766988 0.0019699803001969984 0.016999830001699988 0.006499935000649994 0.018079819201807984 0.006209937900620995 0.024969750302496978 0.024369756302436978 0.029169708302916975 0.015719842801571987 0.02025979740202598 0.029129708702912975 0.020499795002049983 0.0014199858001419988 0.015749842501574986 0.017399826001739983 0.01109988900110999 0.02394976050239498 0.008229917700822993 0.03239967600323997 0.019029809701902982 0.016709832901670985 0.02567974320256798 0.031909680903190976 0.030959690403095975 0.02266977330226698 0.017539824601753986 0.02439975600243998 0.004899951000489996 0.015589844101558987 0.004949950500494996 0.01233987660123399 0.004329956700432996 0.018459815401845985 
0.026520265202652025 0.004560045600456004 0.037590375903759035 0.015120151201512014 0.009130091300913008 0.007150071500715007 0.0026100261002610023 0.029480294802948028 0.006880068800688007 0.004580045800458004 0.03294032940329403 0.020030200302003018 0.02876028760287603 0.03471034710347103 0.036780367803678035 0.030240302403024027 0.019360193601936016 0.03665036650366504 0.019800198001980022 0.017350173501735018 0.004080040800408004 0.004990049900499004 0.005310053100531005 0.028560285602856027 0.02095020950209502 0.0007900079000790007 0.0019600196001960018 0.006070060700607006 0.036470364703647035 0.026430264302643024 0.026900269002690026 0.034310343103431035 0.0004300043000430004 0.019770197701977018 0.01104011040110401 0.016900169001690016 0.002960029600296003 0.012730127301273013 0.03118031180311803 0.008510085100851009 0.009760097600976009 0.01021010210102101 0.015750157501575015 0.023690236902369023 0.03258032580325803 0.03474034740347403 0.017580175801758014 0.01849018490184902 0.022610226102261023 0.006140061400614005 0.0064500645006450065 0.024920249202492025 0.01928019280192802 0.0008100081000810008 0.0069900699006990065 0.027450274502745026 0.0019600196001960018 
0.032790983729511884 0.01521045631368941 0.02489074672240167 0.019000570017100513 0.02187065611968359 0.02671080132403972 0.008720261607848235 0.002460073802214066 0.02994089822694681 0.03006090182705481 0.011090332709981299 0.030450913527405823 0.031240937228116845 0.0296608898266948 0.027630828924867745 0.0185705571167135 0.03158094742842285 0.021640649219476584 0.00972029160874826 0.004350130503915117 4.000120003600108e-05 0.0067802034061021825 0.0005800174005220157 0.006540196205886176 0.011410342310269307 0.006860205806174185 0.030630918927567828 0.005810174305229157 0.028520855625668768 0.026780803424102724 0.02177065311959359 0.0034301029030870925 0.017610528315849475 0.006120183605508165 0.011850355510665319 0.0038701161034831047 0.017750532515975477 0.0336010080302409 0.0296208886266588 0.033150994529835894 0.010420312609378281 0.006010180305409162 0.0014300429012870386 0.026530795923877717 0.030950928527855835 0.00022000660019800595 0.002780083402502075 0.030570917127513825 0.029040871226136782 0.026530795923877717 0.011440343210296309 0.0077402322069662095 0.009940298208946267 0.029890896726901806 0.02264067922037661 0.004140124203726111 0.019400582017460526 
0.02949999999999999 0.011819999999999997 0.0017099999999999995 0.0011899999999999999 0.0015999999999999996 0.025439999999999994 0.021029999999999997 0.036579999999999994 0.025559999999999992 0.0051199999999999996 0.026799999999999994 0.03375999999999999 0.021159999999999998 0.009239999999999998 0.014839999999999997 0.014159999999999997 0.019489999999999997 0.0029099999999999994 0.009979999999999998 0.035699999999999996 0.008819999999999998 0.013839999999999996 0.027979999999999994 0.004049999999999999 0.027859999999999992 0.004559999999999999 0.020609999999999996 0.006269999999999999 0.008719999999999999 0.014219999999999997 0.019919999999999997 0.020199999999999996 0.005729999999999999 0.0007999999999999998 0.008139999999999998 0.018979999999999997 0.018849999999999995 0.025259999999999994 0.030829999999999993 0.024139999999999995 0.011409999999999998 0.018319999999999996 0.03649999999999999 0.022349999999999995 0.03266999999999999 0.009349999999999999 0.005639999999999999 0.017159999999999998 0.0021999999999999997 0.017869999999999997 0.03119999999999999 0.016719999999999995 0.03590999999999999 0.03429999999999999 0.008699999999999998 0.017029999999999997 0.025299999999999993 
0.003219967800321997 0.02634973650263497 0.001909980900190998 0.024629753702462974 0.027639723602763972 0.0023299767002329975 0.025699743002569973 0.018729812701872982 0.016689833101668983 0.011699883001169987 0.032919670803291966 0.007889921100788991 0.021969780302196977 0.003879961200387996 0.023719762802371976 0.011069889301106988 0.019949800501994977 0.0034999650003499964 0.008879911200887991 0.02755972440275597 0.0007199928000719992 0.03019969800301997 0.02839971600283997 0.008229917700822991 0.02775972240277597 0.0030599694003059967 0.03019969800301997 0.01076989230107699 0.033899661003389966 0.02822971770282297 0.011599884001159987 0.03037969620303797 0.004489955100448995 0.010889891101088988 0.00978990210097899 0.007329926700732992 0.009179908200917991 0.022109778902210976 0.030829691703082966 0.02813971860281397 0.025329746702532973 0.030979690203097966 0.03153968460315396 0.005089949100508994 0.002409975900240997 0.025699743002569973 0.005309946900530994 0.003969960300396995 0.0042899571004289955 0.0011499885001149987 0.015569844301556984 0.023829761702382976 0.02961970380296197 0.03375966240337596 0.024689753102468973 0.01931980680193198 0.030999690003099968 
0.016300326006520136 0.0006100122002440051 0.01536030720614413 0.022840456809136194 0.027950559011180237 0.010140202804056085 0.016470329406588137 0.02247044940898819 0.024090481809636206 0.0006900138002760058 0.022060441208824187 0.006260125202504053 0.011990239804796103 0.032070641412828275 0.0004200084001680036 0.014930298605972126 0.02109042180843618 0.025960519210384222 0.011470229404588096 0.023810476209524204 0.01065021300426009 0.02016040320806417 0.020600412008240174 0.00356007120142403 0.0235804716094322 0.02475049500990021 0.0030000600012000255 0.01637032740654814 0.019150383007660164 0.02992059841196825 0.0021000420008400176 0.010400208004160088 0.011960239204784102 0.013900278005560117 0.011280225604512096 0.03210064201284027 0.024070481409628204 0.014530290605812122 0.024060481209624205 0.012830256605132108 0.014330286605732122 0.02992059841196825 0.017190343806876146 0.026600532010640224 0.02604052081041622 0.030840616812336262 0.031020620412408263 0.015570311406228133 0.030110602212044257 0.004450089001780038 0.0007400148002960062 0.023720474409488202 0.018370367407348157 0.02920058401168025 0.0005600112002240047 0.014890297805956127 0.030480609612192257 
0.025800000000000003 0.014560000000000002 0.013430000000000001 0.0026600000000000005 0.004100000000000001 0.004700000000000001 0.014980000000000002 0.025860000000000005 0.014830000000000001 0.028290000000000003 0.024200000000000003 0.029690000000000005 0.029570000000000003 0.019210000000000005 0.023690000000000003 0.019100000000000002 0.015780000000000002 0.027260000000000003 0.018810000000000004 0.016970000000000002 0.027680000000000003 0.020840000000000004 0.018590000000000002 0.023510000000000003 0.023460000000000005 0.014230000000000001 0.015670000000000003 0.014980000000000002 0.027020000000000002 0.026630000000000004 0.013030000000000002 0.007620000000000001 0.017300000000000003 0.006240000000000001 0.0037500000000000003 0.026060000000000003 0.017230000000000002 0.029600000000000005 0.018980000000000004 0.010960000000000001 0.008280000000000001 0.0019600000000000004 0.017120000000000003 0.005110000000000001 0.0017200000000000002 0.015900000000000004 0.027200000000000002 0.0035300000000000006 0.030180000000000002 0.0059900000000000005 0.015020000000000002 0.011000000000000001 0.025040000000000003 0.020100000000000003 0.029680000000000005 0.026600000000000002 0.018700000000000005 
0.02886057721154423 0.025590511810236204 0.03141062821256425 0.01607032140642813 0.02685053701074021 0.006090121802436048 0.03300066001320026 0.005530110602212044 0.02907058141162823 0.018410368207364147 0.003930078601572032 0.01158023160463209 0.021490429808596168 0.029360587211744234 0.014870297405948116 0.0257305146102922 0.031320626412528245 0.003140062801256025 0.006400128002560051 0.010160203204064081 0.00380007600152003 0.012320246404928096 0.007180143602872057 0.018460369207384145 0.016460329206584128 0.034910698213964274 0.020900418008360164 0.021130422608452167 0.01012020240404808 0.026020520410408206 0.016670333406668132 0.00871017420348407 0.014860297205944117 0.005780115602312046 0.02273045460909218 0.019430388607772152 0.017960359207184143 0.0010400208004160082 0.007290145802916057 0.011890237804756093 0.013450269005380107 0.014180283605672112 0.022410448208964175 0.022080441608832175 0.03242064841296825 0.0126802536050721 0.035410708214164276 0.012000240004800095 0.008000160003200063 0.01656033120662413 0.01645032900658013 0.01751035020700414 0.03326066521330426 0.0031900638012760255 0.0252405048100962 0.014240284805696111 0.024380487609752192 
0.005089898202035961 0.027569448611027787 0.015959680806383877 0.013839723205535894 0.004929901401971962 0.019859602807943848 0.01932961340773185 0.0258994820103598 0.022559548809023826 0.018909621807563854 0.02995940081198377 0.02071958560828784 0.016369672606547873 0.020149597008059846 0.016989660206795872 0.013879722405551893 0.0017299654006919867 0.014049719005619892 0.015259694806103882 0.0018999620007599854 0.0005499890002199958 0.020819583608327842 0.033979320413591745 0.03406931861362774 0.01846963060738786 0.017959640807183864 0.004499910001799965 0.0045599088018239645 0.022489550208995828 0.01564968700625988 0.02511949761004781 0.001059978800423992 0.0022899542009159825 0.0014599708005839887 0.0008099838003239937 0.00258994820103598 0.011339773204535912 0.03267934641307175 0.011269774604507914 0.025539489210215805 0.029649407011859773 0.02836943261134778 0.008539829203415936 0.032109357812843756 0.03012939741205177 0.012579748405031902 0.02475950480990381 0.013159736805263899 0.010559788804223919 0.011009779804403916 0.026639467210655795 0.016399672006559875 0.032419351612967745 0.032089358212835754 0.02062958740825184 0.029769404611907774 0.029029419411611777 
0.005469890602187956 0.009999800003999918 0.008969820603587928 0.008279834403311932 0.03471930561388772 0.009379812403751924 0.0004799904001919961 0.029819403611927756 0.006459870802583947 0.03194936101277974 0.00848983020339593 0.0047099058018839615 0.008889822203555928 0.010589788204235914 0.0034099318013639723 0.03493930121397572 0.016639667206655863 0.03550928981420371 0.021589568208635827 0.03490930181396371 0.03281934361312774 0.00982980340393192 0.014279714405711883 0.010279794404111916 0.006769864602707945 0.029019419611607766 0.015099698006039879 0.004829903401931961 0.02553948921021579 0.02350952980940381 0.005419891602167957 0.03443931121377572 0.02914941701165976 0.023909521809563808 0.012469750604987898 0.03737925241495169 0.009069818603627926 0.014989700205995878 0.031779364412711744 0.006609867802643946 0.017759644807103857 0.0076798464030719375 0.006949861002779943 0.009409811803763924 0.012319753604927899 0.02309953800923981 0.03379932401351972 0.02224955500889982 0.004539909201815963 0.0365292694146117 0.020299594008119832 0.035269294614107716 0.017769644607107858 0.018959620807583847 0.0056098878022439545 0.0031599368012639743 0.02219955600887982 

emissions
0 1 1 1 1 1 1 1 1 1 1 1 1 1 1 1 1 1 1 1 1 1 1 1 1 1 1 1 1 1 1 1 1 1 1 1 1 1 1 1 1 1 1 1 1 1 1 1 1 1 1 1 1 1 1 1 1 
1 0 0 0 0 0 0 0 0 0 0 0 0 0 0 0 0 0 0 0 0 0 0 0 0 0 0 0 0 0 0 0 0 0 0 0 0 0 0 0 0 0 0 0 0 0 0 0 0 0 0 0 0 0 0 0 0 
