states
0 1 2 3 4 5 6 7 8 9 10 11 12 13 14 15 16 17 18 19 20 21 22 23 24 25 26 27 28 29 30 31 32 33 34 35 36 37 38 39 40 41 42 43 44 45 46 47 48 49 50 51 52 53 54 55 56 
labels
init empty 
initial
0.0 0.0 0.0 0.0 0.0 0.0 0.0 0.0 0.0 0.0 0.0 0.0 0.0 0.0 0.0 0.0 0.0 0.0 0.0 0.0 0.0 0.0 0.0 0.0 0.0 0.0 0.0 0.0 0.0 0.0 0.0 0.0 0.0 0.0 0.0 0.0 0.0 0.0 0.0 0.0 0.0 0.0 0.0 0.0 0.0 0.0 0.0 0.0 0.0 0.0 0.0 0.0 0.0 0.0 0.0 0.0 1.0
transitions
0.01483679525222552 0.02967359050445104 0.020771513353115726 0.011869436201780416 0.011869436201780416 0.02373887240356083 0.02373887240356083 0.02967359050445104 0.02373887240356083 0.026706231454005934 0.02967359050445104 0.026706231454005934 0.02373887240356083 0.020771513353115726 0.01483679525222552 0.002967359050445104 0.02373887240356083 0.002967359050445104 0.02373887240356083 0.020771513353115726 0.011869436201780416 0.017804154302670624 0.026706231454005934 0.026706231454005934 0.02373887240356083 0.017804154302670624 0.002967359050445104 0.002967359050445104 0.008902077151335312 0.026706231454005934 0.02967359050445104 0.020771513353115726 0.01483679525222552 0.02967359050445104 0.02373887240356083 0.011869436201780416 0.011869436201780416 0.026706231454005934 0.011869436201780416 0.002967359050445104 0.005934718100890208 0.002967359050445104 0.002967359050445104 0.020771513353115726 0.02373887240356083 0.02373887240356083 0.02967359050445104 0.011869436201780416 0.002967359050445104 0.02373887240356083 0.02373887240356083 0.02373887240356083 0.002967359050445104 0.017804154302670624 0.01483679525222552 0.011869436201780416 0.0 
0.006644518272425249 0.013289036544850499 0.006644518272425249 0.013289036544850499 0.016611295681063124 0.013289036544850499 0.006644518272425249 0.03322259136212625 0.019933554817275746 0.03322259136212625 0.006644518272425249 0.009966777408637873 0.013289036544850499 0.009966777408637873 0.009966777408637873 0.019933554817275746 0.026578073089700997 0.013289036544850499 0.0033222591362126247 0.03322259136212625 0.03322259136212625 0.013289036544850499 0.016611295681063124 0.019933554817275746 0.013289036544850499 0.0033222591362126247 0.016611295681063124 0.029900332225913623 0.023255813953488372 0.026578073089700997 0.009966777408637873 0.026578073089700997 0.013289036544850499 0.029900332225913623 0.023255813953488372 0.023255813953488372 0.019933554817275746 0.023255813953488372 0.019933554817275746 0.026578073089700997 0.006644518272425249 0.019933554817275746 0.016611295681063124 0.016611295681063124 0.03322259136212625 0.03322259136212625 0.0033222591362126247 0.023255813953488372 0.009966777408637873 0.023255813953488372 0.029900332225913623 0.009966777408637873 0.016611295681063124 0.006644518272425249 0.023255813953488372 0.006644518272425249 0.0 
0.018404907975460127 0.006134969325153376 0.021472392638036814 0.030674846625766878 0.02760736196319019 0.021472392638036814 0.018404907975460127 0.030674846625766878 0.024539877300613504 0.018404907975460127 0.015337423312883439 0.030674846625766878 0.021472392638036814 0.02760736196319019 0.006134969325153376 0.018404907975460127 0.018404907975460127 0.02760736196319019 0.012269938650306752 0.024539877300613504 0.024539877300613504 0.030674846625766878 0.015337423312883439 0.024539877300613504 0.018404907975460127 0.030674846625766878 0.021472392638036814 0.009202453987730064 0.003067484662576688 0.018404907975460127 0.012269938650306752 0.003067484662576688 0.018404907975460127 0.024539877300613504 0.006134969325153376 0.02760736196319019 0.015337423312883439 0.030674846625766878 0.003067484662576688 0.009202453987730064 0.003067484662576688 0.024539877300613504 0.021472392638036814 0.009202453987730064 0.030674846625766878 0.030674846625766878 0.018404907975460127 0.006134969325153376 0.003067484662576688 0.003067484662576688 0.030674846625766878 0.006134969325153376 0.006134969325153376 0.018404907975460127 0.012269938650306752 0.009202453987730064 0.0 
0.0038022813688212936 0.019011406844106467 0.03422053231939164 0.03041825095057035 0.007604562737642587 0.019011406844106467 0.038022813688212934 0.015209125475285174 0.026615969581749055 0.03041825095057035 0.007604562737642587 0.0038022813688212936 0.01140684410646388 0.03041825095057035 0.0038022813688212936 0.0038022813688212936 0.038022813688212934 0.03422053231939164 0.01140684410646388 0.0038022813688212936 0.02281368821292776 0.02281368821292776 0.0038022813688212936 0.038022813688212934 0.0038022813688212936 0.03422053231939164 0.019011406844106467 0.02281368821292776 0.007604562737642587 0.019011406844106467 0.0038022813688212936 0.03041825095057035 0.01140684410646388 0.0038022813688212936 0.015209125475285174 0.038022813688212934 0.03422053231939164 0.015209125475285174 0.03041825095057035 0.007604562737642587 0.0038022813688212936 0.007604562737642587 0.019011406844106467 0.026615969581749055 0.007604562737642587 0.0038022813688212936 0.007604562737642587 0.0038022813688212936 0.007604562737642587 0.03422053231939164 0.019011406844106467 0.007604562737642587 0.026615969581749055 0.03422053231939164 0.02281368821292776 0.01140684410646388 0.0 
0.01557632398753894 0.024922118380062305 0.01557632398753894 0.006230529595015576 0.009345794392523364 0.028037383177570093 0.018691588785046728 0.009345794392523364 0.03115264797507788 0.021806853582554516 0.009345794392523364 0.018691588785046728 0.024922118380062305 0.024922118380062305 0.018691588785046728 0.018691588785046728 0.021806853582554516 0.003115264797507788 0.021806853582554516 0.01557632398753894 0.021806853582554516 0.009345794392523364 0.021806853582554516 0.028037383177570093 0.024922118380062305 0.003115264797507788 0.018691588785046728 0.028037383177570093 0.03115264797507788 0.024922118380062305 0.024922118380062305 0.021806853582554516 0.009345794392523364 0.018691588785046728 0.021806853582554516 0.006230529595015576 0.03115264797507788 0.012461059190031152 0.01557632398753894 0.003115264797507788 0.012461059190031152 0.018691588785046728 0.021806853582554516 0.01557632398753894 0.003115264797507788 0.01557632398753894 0.006230529595015576 0.018691588785046728 0.009345794392523364 0.01557632398753894 0.028037383177570093 0.024922118380062305 0.018691588785046728 0.024922118380062305 0.018691588785046728 0.012461059190031152 0.0 
0.027303754266211608 0.02389078498293516 0.010238907849829353 0.013651877133105804 0.006825938566552902 0.006825938566552902 0.030716723549488057 0.017064846416382257 0.010238907849829353 0.006825938566552902 0.027303754266211608 0.003412969283276451 0.030716723549488057 0.030716723549488057 0.006825938566552902 0.010238907849829353 0.013651877133105804 0.003412969283276451 0.006825938566552902 0.006825938566552902 0.020477815699658706 0.020477815699658706 0.02389078498293516 0.003412969283276451 0.03412969283276451 0.013651877133105804 0.010238907849829353 0.017064846416382257 0.010238907849829353 0.030716723549488057 0.017064846416382257 0.03412969283276451 0.003412969283276451 0.003412969283276451 0.010238907849829353 0.02389078498293516 0.013651877133105804 0.03412969283276451 0.020477815699658706 0.017064846416382257 0.02389078498293516 0.03412969283276451 0.03412969283276451 0.03412969283276451 0.017064846416382257 0.030716723549488057 0.010238907849829353 0.017064846416382257 0.02389078498293516 0.020477815699658706 0.013651877133105804 0.020477815699658706 0.010238907849829353 0.02389078498293516 0.017064846416382257 0.013651877133105804 0.0 
0.01023890784982935 0.0204778156996587 0.0341296928327645 0.027303754266211597 0.0204778156996587 0.030716723549488047 0.0204778156996587 0.01023890784982935 0.0034129692832764497 0.0341296928327645 0.013651877133105799 0.01023890784982935 0.01023890784982935 0.01706484641638225 0.013651877133105799 0.01706484641638225 0.030716723549488047 0.027303754266211597 0.0034129692832764497 0.01023890784982935 0.027303754266211597 0.030716723549488047 0.030716723549488047 0.01706484641638225 0.0034129692832764497 0.01706484641638225 0.006825938566552899 0.027303754266211597 0.01706484641638225 0.0341296928327645 0.0034129692832764497 0.006825938566552899 0.0034129692832764497 0.023890784982935148 0.01023890784982935 0.0034129692832764497 0.01023890784982935 0.01706484641638225 0.01706484641638225 0.006825938566552899 0.0034129692832764497 0.0034129692832764497 0.01023890784982935 0.013651877133105799 0.027303754266211597 0.023890784982935148 0.0341296928327645 0.013651877133105799 0.0204778156996587 0.023890784982935148 0.030716723549488047 0.023890784982935148 0.027303754266211597 0.013651877133105799 0.030716723549488047 0.0204778156996587 0.0 
0.02272727272727274 0.01623376623376624 0.009740259740259744 0.025974025974025986 0.03246753246753248 0.02272727272727274 0.029220779220779234 0.02272727272727274 0.0064935064935064965 0.0032467532467532483 0.025974025974025986 0.02272727272727274 0.029220779220779234 0.019480519480519487 0.01623376623376624 0.012987012987012993 0.0032467532467532483 0.025974025974025986 0.01623376623376624 0.0032467532467532483 0.029220779220779234 0.019480519480519487 0.0032467532467532483 0.025974025974025986 0.019480519480519487 0.0064935064935064965 0.019480519480519487 0.03246753246753248 0.01623376623376624 0.0064935064935064965 0.03246753246753248 0.02272727272727274 0.019480519480519487 0.02272727272727274 0.029220779220779234 0.019480519480519487 0.03246753246753248 0.01623376623376624 0.02272727272727274 0.0032467532467532483 0.02272727272727274 0.009740259740259744 0.012987012987012993 0.0064935064935064965 0.02272727272727274 0.025974025974025986 0.0032467532467532483 0.0032467532467532483 0.01623376623376624 0.025974025974025986 0.0032467532467532483 0.009740259740259744 0.03246753246753248 0.02272727272727274 0.0064935064935064965 0.009740259740259744 0.0 
0.008746355685131196 0.026239067055393587 0.029154518950437316 0.023323615160349854 0.008746355685131196 0.014577259475218658 0.023323615160349854 0.023323615160349854 0.029154518950437316 0.0058309037900874635 0.0029154518950437317 0.0058309037900874635 0.026239067055393587 0.023323615160349854 0.014577259475218658 0.02040816326530612 0.0058309037900874635 0.014577259475218658 0.026239067055393587 0.023323615160349854 0.011661807580174927 0.011661807580174927 0.02040816326530612 0.014577259475218658 0.029154518950437316 0.01749271137026239 0.023323615160349854 0.029154518950437316 0.029154518950437316 0.023323615160349854 0.02040816326530612 0.029154518950437316 0.026239067055393587 0.026239067055393587 0.02040816326530612 0.008746355685131196 0.008746355685131196 0.008746355685131196 0.01749271137026239 0.0058309037900874635 0.014577259475218658 0.0058309037900874635 0.014577259475218658 0.029154518950437316 0.01749271137026239 0.011661807580174927 0.01749271137026239 0.026239067055393587 0.023323615160349854 0.0029154518950437317 0.026239067055393587 0.01749271137026239 0.014577259475218658 0.0029154518950437317 0.014577259475218658 0.023323615160349854 0.0 
0.0033333333333333335 0.023333333333333334 0.006666666666666667 0.0033333333333333335 0.02666666666666667 0.023333333333333334 0.0033333333333333335 0.013333333333333334 0.023333333333333334 0.02666666666666667 0.016666666666666666 0.03 0.02666666666666667 0.03333333333333333 0.023333333333333334 0.013333333333333334 0.03333333333333333 0.01 0.02 0.016666666666666666 0.006666666666666667 0.006666666666666667 0.02 0.006666666666666667 0.01 0.006666666666666667 0.02666666666666667 0.006666666666666667 0.01 0.03 0.023333333333333334 0.02 0.023333333333333334 0.03 0.013333333333333334 0.01 0.006666666666666667 0.02 0.0033333333333333335 0.016666666666666666 0.013333333333333334 0.02666666666666667 0.016666666666666666 0.016666666666666666 0.0033333333333333335 0.02 0.01 0.02 0.023333333333333334 0.03333333333333333 0.023333333333333334 0.02666666666666667 0.02 0.02666666666666667 0.016666666666666666 0.03 0.0 
0.025641025641025647 0.025641025641025647 0.028846153846153855 0.012820512820512824 0.012820512820512824 0.025641025641025647 0.003205128205128206 0.003205128205128206 0.02243589743589744 0.025641025641025647 0.003205128205128206 0.009615384615384618 0.025641025641025647 0.016025641025641028 0.009615384615384618 0.019230769230769235 0.028846153846153855 0.003205128205128206 0.019230769230769235 0.012820512820512824 0.016025641025641028 0.019230769230769235 0.028846153846153855 0.003205128205128206 0.019230769230769235 0.032051282051282055 0.012820512820512824 0.019230769230769235 0.003205128205128206 0.006410256410256412 0.025641025641025647 0.025641025641025647 0.025641025641025647 0.009615384615384618 0.012820512820512824 0.02243589743589744 0.016025641025641028 0.028846153846153855 0.009615384615384618 0.025641025641025647 0.019230769230769235 0.025641025641025647 0.009615384615384618 0.032051282051282055 0.012820512820512824 0.003205128205128206 0.009615384615384618 0.032051282051282055 0.032051282051282055 0.016025641025641028 0.012820512820512824 0.019230769230769235 0.02243589743589744 0.012820512820512824 0.028846153846153855 0.016025641025641028 0.0 
0.03114186851211071 0.0069204152249134916 0.01730103806228373 0.010380622837370236 0.03114186851211071 0.020761245674740473 0.0034602076124567458 0.03460207612456746 0.03114186851211071 0.0069204152249134916 0.0069204152249134916 0.01730103806228373 0.0069204152249134916 0.03460207612456746 0.010380622837370236 0.03460207612456746 0.02422145328719722 0.03460207612456746 0.03460207612456746 0.0069204152249134916 0.010380622837370236 0.0069204152249134916 0.020761245674740473 0.02422145328719722 0.010380622837370236 0.02422145328719722 0.03114186851211071 0.0069204152249134916 0.02422145328719722 0.0034602076124567458 0.0034602076124567458 0.020761245674740473 0.0069204152249134916 0.027681660899653966 0.01730103806228373 0.010380622837370236 0.02422145328719722 0.01730103806228373 0.0069204152249134916 0.027681660899653966 0.013840830449826983 0.0034602076124567458 0.03114186851211071 0.0069204152249134916 0.02422145328719722 0.0034602076124567458 0.03460207612456746 0.0034602076124567458 0.027681660899653966 0.013840830449826983 0.013840830449826983 0.010380622837370236 0.010380622837370236 0.03460207612456746 0.0034602076124567458 0.03460207612456746 0.0 
0.02205882352941177 0.003676470588235295 0.011029411764705885 0.01470588235294118 0.02205882352941177 0.03676470588235295 0.003676470588235295 0.033088235294117654 0.003676470588235295 0.02941176470588236 0.003676470588235295 0.02205882352941177 0.02941176470588236 0.01470588235294118 0.00735294117647059 0.003676470588235295 0.011029411764705885 0.025735294117647065 0.00735294117647059 0.033088235294117654 0.00735294117647059 0.011029411764705885 0.011029411764705885 0.03676470588235295 0.02941176470588236 0.003676470588235295 0.018382352941176475 0.018382352941176475 0.003676470588235295 0.02205882352941177 0.018382352941176475 0.02941176470588236 0.00735294117647059 0.003676470588235295 0.02941176470588236 0.00735294117647059 0.02205882352941177 0.025735294117647065 0.033088235294117654 0.018382352941176475 0.003676470588235295 0.025735294117647065 0.03676470588235295 0.01470588235294118 0.011029411764705885 0.003676470588235295 0.00735294117647059 0.003676470588235295 0.033088235294117654 0.011029411764705885 0.02941176470588236 0.00735294117647059 0.03676470588235295 0.025735294117647065 0.03676470588235295 0.018382352941176475 0.0 
0.02447552447552446 0.03146853146853145 0.006993006993006989 0.027972027972027955 0.03496503496503495 0.020979020979020966 0.03146853146853145 0.02447552447552446 0.006993006993006989 0.0034965034965034943 0.027972027972027955 0.0034965034965034943 0.027972027972027955 0.0034965034965034943 0.013986013986013977 0.0034965034965034943 0.017482517482517473 0.0034965034965034943 0.03146853146853145 0.02447552447552446 0.010489510489510483 0.02447552447552446 0.010489510489510483 0.0034965034965034943 0.006993006993006989 0.02447552447552446 0.017482517482517473 0.03496503496503495 0.017482517482517473 0.006993006993006989 0.027972027972027955 0.02447552447552446 0.010489510489510483 0.027972027972027955 0.0034965034965034943 0.006993006993006989 0.027972027972027955 0.027972027972027955 0.010489510489510483 0.013986013986013977 0.0034965034965034943 0.0034965034965034943 0.020979020979020966 0.03496503496503495 0.03496503496503495 0.03146853146853145 0.0034965034965034943 0.03496503496503495 0.006993006993006989 0.017482517482517473 0.0034965034965034943 0.03496503496503495 0.013986013986013977 0.010489510489510483 0.013986013986013977 0.020979020979020966 0.0 
0.010033444816053517 0.003344481605351172 0.03010033444816055 0.023411371237458203 0.023411371237458203 0.003344481605351172 0.020066889632107034 0.006688963210702344 0.010033444816053517 0.026755852842809374 0.013377926421404687 0.010033444816053517 0.006688963210702344 0.023411371237458203 0.03344481605351172 0.020066889632107034 0.026755852842809374 0.03010033444816055 0.03010033444816055 0.03010033444816055 0.03010033444816055 0.03344481605351172 0.03344481605351172 0.03010033444816055 0.03344481605351172 0.013377926421404687 0.006688963210702344 0.003344481605351172 0.006688963210702344 0.03010033444816055 0.003344481605351172 0.03344481605351172 0.03010033444816055 0.026755852842809374 0.01672240802675586 0.01672240802675586 0.003344481605351172 0.020066889632107034 0.013377926421404687 0.013377926421404687 0.023411371237458203 0.006688963210702344 0.006688963210702344 0.020066889632107034 0.010033444816053517 0.003344481605351172 0.020066889632107034 0.003344481605351172 0.013377926421404687 0.01672240802675586 0.006688963210702344 0.013377926421404687 0.03010033444816055 0.020066889632107034 0.01672240802675586 0.010033444816053517 0.0 
0.006042296072507553 0.012084592145015106 0.012084592145015106 0.006042296072507553 0.021148036253776436 0.021148036253776436 0.02416918429003021 0.021148036253776436 0.02416918429003021 0.006042296072507553 0.01812688821752266 0.012084592145015106 0.021148036253776436 0.015105740181268883 0.030211480362537766 0.0030211480362537764 0.015105740181268883 0.012084592145015106 0.027190332326283987 0.00906344410876133 0.027190332326283987 0.012084592145015106 0.030211480362537766 0.00906344410876133 0.006042296072507553 0.030211480362537766 0.021148036253776436 0.030211480362537766 0.015105740181268883 0.030211480362537766 0.021148036253776436 0.02416918429003021 0.027190332326283987 0.030211480362537766 0.021148036253776436 0.015105740181268883 0.021148036253776436 0.015105740181268883 0.01812688821752266 0.02416918429003021 0.015105740181268883 0.0030211480362537764 0.01812688821752266 0.00906344410876133 0.01812688821752266 0.015105740181268883 0.01812688821752266 0.006042296072507553 0.02416918429003021 0.015105740181268883 0.015105740181268883 0.015105740181268883 0.00906344410876133 0.027190332326283987 0.02416918429003021 0.021148036253776436 0.0 
0.021604938271604934 0.02777777777777777 0.0030864197530864187 0.021604938271604934 0.009259259259259257 0.021604938271604934 0.02777777777777777 0.015432098765432094 0.02469135802469135 0.02777777777777777 0.012345679012345675 0.012345679012345675 0.015432098765432094 0.0030864197530864187 0.009259259259259257 0.02777777777777777 0.02777777777777777 0.009259259259259257 0.018518518518518514 0.021604938271604934 0.02777777777777777 0.0030864197530864187 0.02469135802469135 0.012345679012345675 0.02469135802469135 0.02777777777777777 0.018518518518518514 0.018518518518518514 0.0030864197530864187 0.021604938271604934 0.015432098765432094 0.006172839506172837 0.02777777777777777 0.012345679012345675 0.03086419753086419 0.018518518518518514 0.015432098765432094 0.02469135802469135 0.012345679012345675 0.03086419753086419 0.021604938271604934 0.021604938271604934 0.018518518518518514 0.03086419753086419 0.009259259259259257 0.02469135802469135 0.02469135802469135 0.021604938271604934 0.012345679012345675 0.009259259259259257 0.0030864197530864187 0.015432098765432094 0.03086419753086419 0.012345679012345675 0.0030864197530864187 0.006172839506172837 0.0 
0.0029498525073746312 0.011799410029498525 0.008849557522123894 0.0029498525073746312 0.017699115044247787 0.02654867256637168 0.011799410029498525 0.029498525073746312 0.008849557522123894 0.014749262536873156 0.029498525073746312 0.017699115044247787 0.0058997050147492625 0.02359882005899705 0.02064896755162242 0.02064896755162242 0.011799410029498525 0.029498525073746312 0.029498525073746312 0.029498525073746312 0.02654867256637168 0.02654867256637168 0.02064896755162242 0.014749262536873156 0.02359882005899705 0.014749262536873156 0.02654867256637168 0.0029498525073746312 0.0029498525073746312 0.029498525073746312 0.011799410029498525 0.017699115044247787 0.017699115044247787 0.02359882005899705 0.0058997050147492625 0.02654867256637168 0.02654867256637168 0.0029498525073746312 0.02359882005899705 0.0029498525073746312 0.02064896755162242 0.0058997050147492625 0.029498525073746312 0.02654867256637168 0.02654867256637168 0.0058997050147492625 0.017699115044247787 0.029498525073746312 0.0058997050147492625 0.0058997050147492625 0.029498525073746312 0.02064896755162242 0.011799410029498525 0.02064896755162242 0.029498525073746312 0.011799410029498525 0.0 
0.02681992337164751 0.007662835249042145 0.0038314176245210726 0.02681992337164751 0.02681992337164751 0.0038314176245210726 0.02681992337164751 0.038314176245210725 0.0038314176245210726 0.034482758620689655 0.007662835249042145 0.007662835249042145 0.011494252873563218 0.007662835249042145 0.01532567049808429 0.0038314176245210726 0.01532567049808429 0.022988505747126436 0.019157088122605363 0.01532567049808429 0.034482758620689655 0.007662835249042145 0.022988505747126436 0.007662835249042145 0.038314176245210725 0.038314176245210725 0.007662835249042145 0.011494252873563218 0.038314176245210725 0.02681992337164751 0.0038314176245210726 0.0038314176245210726 0.034482758620689655 0.02681992337164751 0.0038314176245210726 0.0038314176245210726 0.007662835249042145 0.022988505747126436 0.007662835249042145 0.03065134099616858 0.019157088122605363 0.022988505747126436 0.022988505747126436 0.007662835249042145 0.019157088122605363 0.007662835249042145 0.022988505747126436 0.034482758620689655 0.0038314176245210726 0.03065134099616858 0.0038314176245210726 0.0038314176245210726 0.034482758620689655 0.02681992337164751 0.01532567049808429 0.019157088122605363 0.0 
0.016181229773462785 0.0226537216828479 0.01941747572815534 0.016181229773462785 0.0226537216828479 0.025889967637540458 0.0226537216828479 0.01941747572815534 0.016181229773462785 0.0064724919093851144 0.029126213592233014 0.0032362459546925572 0.01941747572815534 0.0064724919093851144 0.025889967637540458 0.0064724919093851144 0.03236245954692557 0.016181229773462785 0.012944983818770229 0.0032362459546925572 0.0226537216828479 0.029126213592233014 0.0032362459546925572 0.01941747572815534 0.025889967637540458 0.0032362459546925572 0.01941747572815534 0.025889967637540458 0.0032362459546925572 0.0032362459546925572 0.00970873786407767 0.03236245954692557 0.03236245954692557 0.00970873786407767 0.0064724919093851144 0.016181229773462785 0.00970873786407767 0.029126213592233014 0.01941747572815534 0.00970873786407767 0.0064724919093851144 0.029126213592233014 0.00970873786407767 0.029126213592233014 0.029126213592233014 0.0064724919093851144 0.0226537216828479 0.016181229773462785 0.03236245954692557 0.025889967637540458 0.025889967637540458 0.012944983818770229 0.00970873786407767 0.03236245954692557 0.01941747572815534 0.01941747572815534 0.0 
0.01857585139318886 0.02786377708978329 0.00928792569659443 0.01857585139318886 0.02786377708978329 0.012383900928792574 0.021671826625387004 0.021671826625387004 0.030959752321981435 0.012383900928792574 0.030959752321981435 0.02786377708978329 0.021671826625387004 0.024767801857585148 0.021671826625387004 0.01857585139318886 0.024767801857585148 0.0030959752321981435 0.015479876160990717 0.0030959752321981435 0.00928792569659443 0.01857585139318886 0.024767801857585148 0.021671826625387004 0.02786377708978329 0.015479876160990717 0.015479876160990717 0.0030959752321981435 0.00928792569659443 0.006191950464396287 0.02786377708978329 0.01857585139318886 0.030959752321981435 0.0030959752321981435 0.015479876160990717 0.015479876160990717 0.0030959752321981435 0.0030959752321981435 0.006191950464396287 0.00928792569659443 0.015479876160990717 0.024767801857585148 0.024767801857585148 0.02786377708978329 0.024767801857585148 0.006191950464396287 0.02786377708978329 0.01857585139318886 0.021671826625387004 0.02786377708978329 0.012383900928792574 0.030959752321981435 0.024767801857585148 0.00928792569659443 0.021671826625387004 0.0030959752321981435 0.0 
0.0066889632107023445 0.020066889632107034 0.023411371237458206 0.016722408026755863 0.020066889632107034 0.0066889632107023445 0.026755852842809378 0.020066889632107034 0.013377926421404689 0.030100334448160553 0.010033444816053517 0.020066889632107034 0.023411371237458206 0.023411371237458206 0.0066889632107023445 0.016722408026755863 0.013377926421404689 0.030100334448160553 0.016722408026755863 0.023411371237458206 0.026755852842809378 0.0033444816053511722 0.016722408026755863 0.026755852842809378 0.023411371237458206 0.023411371237458206 0.020066889632107034 0.0033444816053511722 0.030100334448160553 0.013377926421404689 0.010033444816053517 0.016722408026755863 0.0066889632107023445 0.016722408026755863 0.023411371237458206 0.033444816053511725 0.030100334448160553 0.023411371237458206 0.0033444816053511722 0.0033444816053511722 0.010033444816053517 0.0033444816053511722 0.013377926421404689 0.010033444816053517 0.016722408026755863 0.020066889632107034 0.033444816053511725 0.013377926421404689 0.023411371237458206 0.030100334448160553 0.0066889632107023445 0.033444816053511725 0.016722408026755863 0.013377926421404689 0.030100334448160553 0.0033444816053511722 0.0 
0.016181229773462782 0.032362459546925564 0.006472491909385114 0.025889967637540454 0.032362459546925564 0.009708737864077669 0.016181229773462782 0.012944983818770227 0.016181229773462782 0.019417475728155338 0.032362459546925564 0.02912621359223301 0.032362459546925564 0.006472491909385114 0.012944983818770227 0.032362459546925564 0.003236245954692557 0.006472491909385114 0.009708737864077669 0.012944983818770227 0.003236245954692557 0.02912621359223301 0.019417475728155338 0.012944983818770227 0.006472491909385114 0.003236245954692557 0.032362459546925564 0.02912621359223301 0.02912621359223301 0.009708737864077669 0.025889967637540454 0.009708737864077669 0.016181229773462782 0.025889967637540454 0.016181229773462782 0.012944983818770227 0.003236245954692557 0.006472491909385114 0.003236245954692557 0.006472491909385114 0.022653721682847898 0.006472491909385114 0.019417475728155338 0.032362459546925564 0.016181229773462782 0.02912621359223301 0.012944983818770227 0.012944983818770227 0.032362459546925564 0.025889967637540454 0.025889967637540454 0.006472491909385114 0.025889967637540454 0.025889967637540454 0.02912621359223301 0.009708737864077669 0.0 
0.03114186851211071 0.01730103806228373 0.013840830449826983 0.01730103806228373 0.03114186851211071 0.027681660899653966 0.02422145328719722 0.0034602076124567458 0.020761245674740473 0.027681660899653966 0.02422145328719722 0.027681660899653966 0.03114186851211071 0.0034602076124567458 0.0069204152249134916 0.020761245674740473 0.010380622837370236 0.027681660899653966 0.02422145328719722 0.020761245674740473 0.03460207612456746 0.03114186851211071 0.02422145328719722 0.0069204152249134916 0.013840830449826983 0.020761245674740473 0.01730103806228373 0.010380622837370236 0.0034602076124567458 0.010380622837370236 0.03460207612456746 0.01730103806228373 0.0034602076124567458 0.03460207612456746 0.010380622837370236 0.027681660899653966 0.03460207612456746 0.0034602076124567458 0.0069204152249134916 0.010380622837370236 0.020761245674740473 0.020761245674740473 0.02422145328719722 0.013840830449826983 0.0069204152249134916 0.03114186851211071 0.01730103806228373 0.0069204152249134916 0.010380622837370236 0.01730103806228373 0.0069204152249134916 0.02422145328719722 0.0069204152249134916 0.0034602076124567458 0.013840830449826983 0.0069204152249134916 0.0 
0.015772870662460567 0.0031545741324921135 0.028391167192429023 0.031545741324921134 0.015772870662460567 0.015772870662460567 0.01892744479495268 0.01892744479495268 0.01892744479495268 0.031545741324921134 0.022082018927444796 0.01892744479495268 0.01892744479495268 0.0031545741324921135 0.006309148264984227 0.006309148264984227 0.01892744479495268 0.028391167192429023 0.031545741324921134 0.00946372239747634 0.012618296529968454 0.031545741324921134 0.028391167192429023 0.0031545741324921135 0.01892744479495268 0.015772870662460567 0.0031545741324921135 0.00946372239747634 0.00946372239747634 0.028391167192429023 0.031545741324921134 0.012618296529968454 0.031545741324921134 0.022082018927444796 0.0031545741324921135 0.0031545741324921135 0.031545741324921134 0.031545741324921134 0.0031545741324921135 0.01892744479495268 0.022082018927444796 0.012618296529968454 0.01892744479495268 0.00946372239747634 0.031545741324921134 0.012618296529968454 0.015772870662460567 0.01892744479495268 0.0031545741324921135 0.01892744479495268 0.025236593059936908 0.01892744479495268 0.022082018927444796 0.025236593059936908 0.01892744479495268 0.012618296529968454 0.0 
0.014084507042253532 0.03521126760563383 0.02464788732394368 0.03521126760563383 0.017605633802816916 0.028169014084507064 0.01056338028169015 0.028169014084507064 0.03169014084507045 0.003521126760563383 0.01056338028169015 0.03169014084507045 0.01056338028169015 0.01056338028169015 0.003521126760563383 0.028169014084507064 0.028169014084507064 0.014084507042253532 0.0211267605633803 0.007042253521126766 0.01056338028169015 0.007042253521126766 0.007042253521126766 0.017605633802816916 0.03521126760563383 0.03521126760563383 0.0211267605633803 0.014084507042253532 0.014084507042253532 0.003521126760563383 0.01056338028169015 0.028169014084507064 0.01056338028169015 0.014084507042253532 0.017605633802816916 0.028169014084507064 0.03521126760563383 0.03169014084507045 0.003521126760563383 0.03521126760563383 0.01056338028169015 0.007042253521126766 0.007042253521126766 0.03521126760563383 0.01056338028169015 0.028169014084507064 0.01056338028169015 0.003521126760563383 0.02464788732394368 0.01056338028169015 0.003521126760563383 0.02464788732394368 0.003521126760563383 0.03169014084507045 0.01056338028169015 0.003521126760563383 0.0 
0.0032154340836012853 0.022508038585209 0.03215434083601285 0.0032154340836012853 0.012861736334405141 0.019292604501607715 0.025723472668810282 0.022508038585209 0.022508038585209 0.03215434083601285 0.012861736334405141 0.022508038585209 0.0064308681672025705 0.012861736334405141 0.03215434083601285 0.022508038585209 0.022508038585209 0.022508038585209 0.022508038585209 0.0032154340836012853 0.022508038585209 0.0032154340836012853 0.022508038585209 0.019292604501607715 0.022508038585209 0.012861736334405141 0.0064308681672025705 0.016077170418006426 0.019292604501607715 0.03215434083601285 0.016077170418006426 0.009646302250803858 0.028938906752411567 0.03215434083601285 0.03215434083601285 0.0032154340836012853 0.03215434083601285 0.012861736334405141 0.0064308681672025705 0.0064308681672025705 0.019292604501607715 0.0064308681672025705 0.0032154340836012853 0.028938906752411567 0.012861736334405141 0.0064308681672025705 0.022508038585209 0.009646302250803858 0.03215434083601285 0.028938906752411567 0.019292604501607715 0.009646302250803858 0.009646302250803858 0.012861736334405141 0.016077170418006426 0.028938906752411567 0.0 
0.028985507246376812 0.0036231884057971015 0.021739130434782608 0.025362318840579712 0.010869565217391304 0.021739130434782608 0.03260869565217391 0.03260869565217391 0.018115942028985508 0.014492753623188406 0.014492753623188406 0.021739130434782608 0.007246376811594203 0.007246376811594203 0.018115942028985508 0.0036231884057971015 0.025362318840579712 0.036231884057971016 0.025362318840579712 0.007246376811594203 0.010869565217391304 0.007246376811594203 0.03260869565217391 0.007246376811594203 0.014492753623188406 0.021739130434782608 0.018115942028985508 0.014492753623188406 0.014492753623188406 0.018115942028985508 0.03260869565217391 0.007246376811594203 0.010869565217391304 0.028985507246376812 0.036231884057971016 0.025362318840579712 0.036231884057971016 0.010869565217391304 0.018115942028985508 0.0036231884057971015 0.010869565217391304 0.010869565217391304 0.0036231884057971015 0.018115942028985508 0.018115942028985508 0.028985507246376812 0.007246376811594203 0.010869565217391304 0.014492753623188406 0.018115942028985508 0.03260869565217391 0.014492753623188406 0.007246376811594203 0.014492753623188406 0.018115942028985508 0.025362318840579712 0.0 
0.022727272727272728 0.028409090909090908 0.005681818181818182 0.02556818181818182 0.019886363636363636 0.02556818181818182 0.014204545454545454 0.011363636363636364 0.017045454545454544 0.028409090909090908 0.017045454545454544 0.019886363636363636 0.011363636363636364 0.02556818181818182 0.008522727272727272 0.022727272727272728 0.022727272727272728 0.022727272727272728 0.028409090909090908 0.008522727272727272 0.008522727272727272 0.019886363636363636 0.02556818181818182 0.002840909090909091 0.019886363636363636 0.02556818181818182 0.017045454545454544 0.005681818181818182 0.02556818181818182 0.02556818181818182 0.019886363636363636 0.028409090909090908 0.017045454545454544 0.002840909090909091 0.02556818181818182 0.017045454545454544 0.002840909090909091 0.008522727272727272 0.019886363636363636 0.028409090909090908 0.011363636363636364 0.022727272727272728 0.019886363636363636 0.002840909090909091 0.022727272727272728 0.02556818181818182 0.014204545454545454 0.022727272727272728 0.008522727272727272 0.02556818181818182 0.005681818181818182 0.008522727272727272 0.002840909090909091 0.017045454545454544 0.028409090909090908 0.028409090909090908 0.0 
0.017301038062283735 0.013840830449826987 0.006920415224913493 0.017301038062283735 0.0034602076124567466 0.013840830449826987 0.03460207612456747 0.031141868512110718 0.006920415224913493 0.01038062283737024 0.0034602076124567466 0.02076124567474048 0.027681660899653973 0.02076124567474048 0.01038062283737024 0.03460207612456747 0.006920415224913493 0.027681660899653973 0.024221453287197225 0.017301038062283735 0.024221453287197225 0.013840830449826987 0.027681660899653973 0.01038062283737024 0.024221453287197225 0.01038062283737024 0.024221453287197225 0.02076124567474048 0.01038062283737024 0.017301038062283735 0.027681660899653973 0.013840830449826987 0.013840830449826987 0.027681660899653973 0.024221453287197225 0.0034602076124567466 0.0034602076124567466 0.027681660899653973 0.01038062283737024 0.024221453287197225 0.0034602076124567466 0.0034602076124567466 0.03460207612456747 0.017301038062283735 0.03460207612456747 0.027681660899653973 0.031141868512110718 0.0034602076124567466 0.01038062283737024 0.006920415224913493 0.017301038062283735 0.02076124567474048 0.03460207612456747 0.03460207612456747 0.006920415224913493 0.0034602076124567466 0.0 
0.018072289156626502 0.0030120481927710836 0.021084337349397585 0.021084337349397585 0.018072289156626502 0.021084337349397585 0.006024096385542167 0.027108433734939753 0.030120481927710836 0.018072289156626502 0.030120481927710836 0.02409638554216867 0.012048192771084335 0.018072289156626502 0.027108433734939753 0.02409638554216867 0.0030120481927710836 0.018072289156626502 0.0030120481927710836 0.030120481927710836 0.030120481927710836 0.015060240963855418 0.021084337349397585 0.027108433734939753 0.006024096385542167 0.027108433734939753 0.018072289156626502 0.027108433734939753 0.006024096385542167 0.009036144578313251 0.006024096385542167 0.012048192771084335 0.02409638554216867 0.030120481927710836 0.030120481927710836 0.012048192771084335 0.030120481927710836 0.015060240963855418 0.027108433734939753 0.027108433734939753 0.018072289156626502 0.009036144578313251 0.012048192771084335 0.009036144578313251 0.0030120481927710836 0.02409638554216867 0.012048192771084335 0.015060240963855418 0.012048192771084335 0.021084337349397585 0.02409638554216867 0.0030120481927710836 0.0030120481927710836 0.021084337349397585 0.030120481927710836 0.009036144578313251 0.0 
0.009345794392523364 0.006230529595015576 0.012461059190031152 0.012461059190031152 0.006230529595015576 0.006230529595015576 0.03115264797507788 0.009345794392523364 0.03115264797507788 0.009345794392523364 0.006230529595015576 0.021806853582554516 0.009345794392523364 0.018691588785046728 0.028037383177570093 0.009345794392523364 0.006230529595015576 0.003115264797507788 0.028037383177570093 0.006230529595015576 0.021806853582554516 0.006230529595015576 0.003115264797507788 0.018691588785046728 0.03115264797507788 0.021806853582554516 0.009345794392523364 0.009345794392523364 0.021806853582554516 0.024922118380062305 0.03115264797507788 0.024922118380062305 0.018691588785046728 0.024922118380062305 0.03115264797507788 0.009345794392523364 0.028037383177570093 0.028037383177570093 0.009345794392523364 0.012461059190031152 0.01557632398753894 0.03115264797507788 0.03115264797507788 0.006230529595015576 0.024922118380062305 0.01557632398753894 0.018691588785046728 0.03115264797507788 0.028037383177570093 0.024922118380062305 0.028037383177570093 0.03115264797507788 0.003115264797507788 0.021806853582554516 0.003115264797507788 0.028037383177570093 0.0 
0.03021148036253776 0.01510574018126888 0.021148036253776432 0.01510574018126888 0.03021148036253776 0.006042296072507551 0.02719033232628398 0.012084592145015102 0.006042296072507551 0.02719033232628398 0.03021148036253776 0.024169184290030205 0.009063444108761328 0.02719033232628398 0.02719033232628398 0.021148036253776432 0.021148036253776432 0.018126888217522657 0.03021148036253776 0.009063444108761328 0.009063444108761328 0.01510574018126888 0.024169184290030205 0.02719033232628398 0.018126888217522657 0.021148036253776432 0.009063444108761328 0.012084592145015102 0.02719033232628398 0.009063444108761328 0.012084592145015102 0.012084592145015102 0.021148036253776432 0.01510574018126888 0.006042296072507551 0.0030211480362537756 0.024169184290030205 0.024169184290030205 0.03021148036253776 0.021148036253776432 0.021148036253776432 0.012084592145015102 0.02719033232628398 0.012084592145015102 0.009063444108761328 0.009063444108761328 0.024169184290030205 0.009063444108761328 0.021148036253776432 0.01510574018126888 0.03021148036253776 0.006042296072507551 0.0030211480362537756 0.012084592145015102 0.01510574018126888 0.024169184290030205 0.0 
0.015290519877675844 0.03058103975535169 0.012232415902140676 0.012232415902140676 0.024464831804281353 0.003058103975535169 0.003058103975535169 0.02140672782874618 0.015290519877675844 0.012232415902140676 0.015290519877675844 0.027522935779816522 0.012232415902140676 0.027522935779816522 0.012232415902140676 0.009174311926605507 0.006116207951070338 0.02140672782874618 0.03058103975535169 0.024464831804281353 0.02140672782874618 0.009174311926605507 0.015290519877675844 0.006116207951070338 0.018348623853211014 0.027522935779816522 0.027522935779816522 0.018348623853211014 0.027522935779816522 0.03058103975535169 0.009174311926605507 0.012232415902140676 0.015290519877675844 0.024464831804281353 0.015290519877675844 0.02140672782874618 0.018348623853211014 0.015290519877675844 0.015290519877675844 0.015290519877675844 0.03058103975535169 0.015290519877675844 0.012232415902140676 0.018348623853211014 0.02140672782874618 0.02140672782874618 0.027522935779816522 0.012232415902140676 0.02140672782874618 0.024464831804281353 0.024464831804281353 0.006116207951070338 0.015290519877675844 0.009174311926605507 0.03058103975535169 0.009174311926605507 0.0 
0.0034482758620689655 0.006896551724137931 0.034482758620689655 0.017241379310344827 0.034482758620689655 0.034482758620689655 0.020689655172413793 0.0034482758620689655 0.020689655172413793 0.017241379310344827 0.006896551724137931 0.006896551724137931 0.010344827586206896 0.013793103448275862 0.020689655172413793 0.0034482758620689655 0.020689655172413793 0.034482758620689655 0.034482758620689655 0.013793103448275862 0.03103448275862069 0.020689655172413793 0.02413793103448276 0.013793103448275862 0.034482758620689655 0.010344827586206896 0.0034482758620689655 0.0034482758620689655 0.0034482758620689655 0.017241379310344827 0.006896551724137931 0.013793103448275862 0.02413793103448276 0.006896551724137931 0.03103448275862069 0.006896551724137931 0.013793103448275862 0.006896551724137931 0.017241379310344827 0.027586206896551724 0.013793103448275862 0.013793103448275862 0.0034482758620689655 0.03103448275862069 0.03103448275862069 0.034482758620689655 0.034482758620689655 0.03103448275862069 0.020689655172413793 0.02413793103448276 0.02413793103448276 0.006896551724137931 0.006896551724137931 0.010344827586206896 0.017241379310344827 0.020689655172413793 0.0 
0.016891891891891896 0.030405405405405414 0.03378378378378379 0.023648648648648657 0.006756756756756759 0.013513513513513518 0.006756756756756759 0.030405405405405414 0.006756756756756759 0.023648648648648657 0.010135135135135137 0.0033783783783783794 0.016891891891891896 0.006756756756756759 0.010135135135135137 0.0033783783783783794 0.013513513513513518 0.013513513513513518 0.027027027027027035 0.03378378378378379 0.0033783783783783794 0.03378378378378379 0.020270270270270275 0.030405405405405414 0.0033783783783783794 0.016891891891891896 0.006756756756756759 0.027027027027027035 0.013513513513513518 0.023648648648648657 0.03378378378378379 0.03378378378378379 0.013513513513513518 0.030405405405405414 0.0033783783783783794 0.016891891891891896 0.020270270270270275 0.016891891891891896 0.03378378378378379 0.027027027027027035 0.010135135135135137 0.0033783783783783794 0.006756756756756759 0.020270270270270275 0.027027027027027035 0.023648648648648657 0.0033783783783783794 0.010135135135135137 0.0033783783783783794 0.027027027027027035 0.010135135135135137 0.013513513513513518 0.030405405405405414 0.030405405405405414 0.013513513513513518 0.027027027027027035 0.0 
0.03125 0.013888888888888888 0.010416666666666666 0.003472222222222222 0.020833333333333332 0.034722222222222224 0.003472222222222222 0.013888888888888888 0.006944444444444444 0.017361111111111112 0.024305555555555556 0.013888888888888888 0.006944444444444444 0.003472222222222222 0.020833333333333332 0.017361111111111112 0.006944444444444444 0.010416666666666666 0.013888888888888888 0.03125 0.027777777777777776 0.020833333333333332 0.027777777777777776 0.034722222222222224 0.017361111111111112 0.003472222222222222 0.006944444444444444 0.013888888888888888 0.03125 0.024305555555555556 0.003472222222222222 0.010416666666666666 0.020833333333333332 0.017361111111111112 0.017361111111111112 0.027777777777777776 0.017361111111111112 0.006944444444444444 0.010416666666666666 0.027777777777777776 0.03125 0.024305555555555556 0.020833333333333332 0.013888888888888888 0.024305555555555556 0.003472222222222222 0.024305555555555556 0.003472222222222222 0.034722222222222224 0.024305555555555556 0.020833333333333332 0.034722222222222224 0.034722222222222224 0.006944444444444444 0.006944444444444444 0.017361111111111112 0.0 
0.03048780487804876 0.018292682926829253 0.018292682926829253 0.003048780487804876 0.027439024390243885 0.018292682926829253 0.027439024390243885 0.012195121951219504 0.006097560975609752 0.03048780487804876 0.021341463414634134 0.03048780487804876 0.024390243902439008 0.03048780487804876 0.024390243902439008 0.024390243902439008 0.027439024390243885 0.027439024390243885 0.006097560975609752 0.006097560975609752 0.003048780487804876 0.006097560975609752 0.021341463414634134 0.024390243902439008 0.003048780487804876 0.021341463414634134 0.006097560975609752 0.006097560975609752 0.003048780487804876 0.03048780487804876 0.003048780487804876 0.012195121951219504 0.01524390243902438 0.024390243902439008 0.024390243902439008 0.024390243902439008 0.006097560975609752 0.03048780487804876 0.003048780487804876 0.012195121951219504 0.018292682926829253 0.024390243902439008 0.027439024390243885 0.027439024390243885 0.021341463414634134 0.003048780487804876 0.027439024390243885 0.018292682926829253 0.012195121951219504 0.006097560975609752 0.006097560975609752 0.024390243902439008 0.01524390243902438 0.01524390243902438 0.03048780487804876 0.027439024390243885 0.0 
0.012658227848101262 0.009493670886075948 0.0031645569620253155 0.03164556962025316 0.0031645569620253155 0.018987341772151896 0.0031645569620253155 0.009493670886075948 0.025316455696202524 0.03164556962025316 0.01582278481012658 0.018987341772151896 0.025316455696202524 0.02848101265822784 0.012658227848101262 0.009493670886075948 0.022151898734177212 0.009493670886075948 0.0031645569620253155 0.006329113924050631 0.03164556962025316 0.009493670886075948 0.012658227848101262 0.012658227848101262 0.0031645569620253155 0.025316455696202524 0.03164556962025316 0.0031645569620253155 0.022151898734177212 0.025316455696202524 0.009493670886075948 0.018987341772151896 0.025316455696202524 0.01582278481012658 0.01582278481012658 0.006329113924050631 0.018987341772151896 0.02848101265822784 0.01582278481012658 0.009493670886075948 0.022151898734177212 0.01582278481012658 0.03164556962025316 0.02848101265822784 0.018987341772151896 0.01582278481012658 0.0031645569620253155 0.03164556962025316 0.025316455696202524 0.018987341772151896 0.03164556962025316 0.03164556962025316 0.012658227848101262 0.025316455696202524 0.025316455696202524 0.018987341772151896 0.0 
0.019230769230769232 0.003205128205128205 0.028846153846153848 0.003205128205128205 0.01282051282051282 0.003205128205128205 0.016025641025641024 0.009615384615384616 0.003205128205128205 0.022435897435897436 0.019230769230769232 0.00641025641025641 0.022435897435897436 0.016025641025641024 0.02564102564102564 0.01282051282051282 0.016025641025641024 0.022435897435897436 0.028846153846153848 0.022435897435897436 0.028846153846153848 0.00641025641025641 0.01282051282051282 0.03205128205128205 0.02564102564102564 0.009615384615384616 0.028846153846153848 0.022435897435897436 0.009615384615384616 0.03205128205128205 0.00641025641025641 0.01282051282051282 0.003205128205128205 0.019230769230769232 0.003205128205128205 0.016025641025641024 0.019230769230769232 0.003205128205128205 0.02564102564102564 0.03205128205128205 0.03205128205128205 0.028846153846153848 0.03205128205128205 0.01282051282051282 0.022435897435897436 0.016025641025641024 0.02564102564102564 0.016025641025641024 0.019230769230769232 0.03205128205128205 0.01282051282051282 0.009615384615384616 0.022435897435897436 0.022435897435897436 0.009615384615384616 0.022435897435897436 0.0 
0.006410256410256408 0.012820512820512817 0.01602564102564102 0.022435897435897433 0.02884615384615384 0.01923076923076923 0.009615384615384614 0.025641025641025633 0.03205128205128204 0.03205128205128204 0.006410256410256408 0.025641025641025633 0.003205128205128204 0.012820512820512817 0.025641025641025633 0.009615384615384614 0.01923076923076923 0.02884615384615384 0.02884615384615384 0.03205128205128204 0.012820512820512817 0.003205128205128204 0.012820512820512817 0.009615384615384614 0.01602564102564102 0.03205128205128204 0.022435897435897433 0.022435897435897433 0.02884615384615384 0.025641025641025633 0.03205128205128204 0.003205128205128204 0.01602564102564102 0.01602564102564102 0.012820512820512817 0.01923076923076923 0.003205128205128204 0.012820512820512817 0.01923076923076923 0.012820512820512817 0.01602564102564102 0.03205128205128204 0.01923076923076923 0.006410256410256408 0.01923076923076923 0.01923076923076923 0.003205128205128204 0.022435897435897433 0.01602564102564102 0.022435897435897433 0.006410256410256408 0.025641025641025633 0.03205128205128204 0.006410256410256408 0.003205128205128204 0.01923076923076923 0.0 
0.03112840466926071 0.007782101167315178 0.003891050583657589 0.011673151750972766 0.027237354085603124 0.03112840466926071 0.011673151750972766 0.007782101167315178 0.027237354085603124 0.023346303501945533 0.007782101167315178 0.03112840466926071 0.003891050583657589 0.023346303501945533 0.019455252918287945 0.003891050583657589 0.027237354085603124 0.007782101167315178 0.007782101167315178 0.015564202334630356 0.0350194552529183 0.027237354085603124 0.03112840466926071 0.019455252918287945 0.023346303501945533 0.027237354085603124 0.015564202334630356 0.015564202334630356 0.019455252918287945 0.003891050583657589 0.019455252918287945 0.007782101167315178 0.03112840466926071 0.03891050583657589 0.007782101167315178 0.003891050583657589 0.007782101167315178 0.011673151750972766 0.03891050583657589 0.027237354085603124 0.015564202334630356 0.019455252918287945 0.007782101167315178 0.007782101167315178 0.007782101167315178 0.03112840466926071 0.023346303501945533 0.011673151750972766 0.003891050583657589 0.015564202334630356 0.011673151750972766 0.007782101167315178 0.0350194552529183 0.023346303501945533 0.003891050583657589 0.03112840466926071 0.0 
0.0028985507246376816 0.02028985507246377 0.02898550724637682 0.008695652173913045 0.011594202898550727 0.02898550724637682 0.0028985507246376816 0.0028985507246376816 0.02028985507246377 0.01739130434782609 0.01739130434782609 0.02028985507246377 0.026086956521739136 0.02028985507246377 0.0028985507246376816 0.023188405797101453 0.01449275362318841 0.023188405797101453 0.01449275362318841 0.011594202898550727 0.008695652173913045 0.01739130434782609 0.01739130434782609 0.026086956521739136 0.011594202898550727 0.023188405797101453 0.0028985507246376816 0.02028985507246377 0.02898550724637682 0.02028985507246377 0.01739130434782609 0.02898550724637682 0.02028985507246377 0.023188405797101453 0.01739130434782609 0.026086956521739136 0.011594202898550727 0.02028985507246377 0.02898550724637682 0.02028985507246377 0.026086956521739136 0.023188405797101453 0.0028985507246376816 0.02028985507246377 0.026086956521739136 0.01739130434782609 0.023188405797101453 0.0028985507246376816 0.02898550724637682 0.02898550724637682 0.01739130434782609 0.008695652173913045 0.01739130434782609 0.011594202898550727 0.026086956521739136 0.008695652173913045 0.0 
0.023255813953488386 0.016611295681063135 0.009966777408637878 0.006644518272425253 0.02657807308970101 0.006644518272425253 0.02990033222591364 0.03322259136212627 0.02990033222591364 0.02990033222591364 0.023255813953488386 0.009966777408637878 0.02657807308970101 0.009966777408637878 0.013289036544850506 0.013289036544850506 0.006644518272425253 0.016611295681063135 0.006644518272425253 0.02657807308970101 0.02657807308970101 0.023255813953488386 0.02990033222591364 0.02990033222591364 0.019933554817275757 0.013289036544850506 0.013289036544850506 0.006644518272425253 0.009966777408637878 0.013289036544850506 0.02657807308970101 0.016611295681063135 0.016611295681063135 0.013289036544850506 0.02657807308970101 0.02657807308970101 0.009966777408637878 0.0033222591362126264 0.0033222591362126264 0.0033222591362126264 0.019933554817275757 0.02990033222591364 0.009966777408637878 0.016611295681063135 0.009966777408637878 0.023255813953488386 0.013289036544850506 0.02657807308970101 0.013289036544850506 0.02657807308970101 0.019933554817275757 0.02990033222591364 0.019933554817275757 0.009966777408637878 0.019933554817275757 0.013289036544850506 0.0 
0.01886792452830189 0.028301886792452834 0.00628930817610063 0.028301886792452834 0.003144654088050315 0.009433962264150945 0.02515723270440252 0.015723270440251576 0.03144654088050315 0.01886792452830189 0.022012578616352203 0.00628930817610063 0.022012578616352203 0.03144654088050315 0.028301886792452834 0.03144654088050315 0.01886792452830189 0.015723270440251576 0.022012578616352203 0.02515723270440252 0.03144654088050315 0.02515723270440252 0.01886792452830189 0.02515723270440252 0.00628930817610063 0.00628930817610063 0.028301886792452834 0.02515723270440252 0.03144654088050315 0.022012578616352203 0.015723270440251576 0.015723270440251576 0.015723270440251576 0.00628930817610063 0.00628930817610063 0.022012578616352203 0.009433962264150945 0.003144654088050315 0.01886792452830189 0.028301886792452834 0.00628930817610063 0.009433962264150945 0.01886792452830189 0.02515723270440252 0.00628930817610063 0.003144654088050315 0.01886792452830189 0.02515723270440252 0.03144654088050315 0.003144654088050315 0.01257861635220126 0.01886792452830189 0.01257861635220126 0.02515723270440252 0.003144654088050315 0.009433962264150945 0.0 
0.017910447761194034 0.005970149253731344 0.01492537313432836 0.026865671641791048 0.005970149253731344 0.005970149253731344 0.023880597014925377 0.023880597014925377 0.011940298507462688 0.01492537313432836 0.005970149253731344 0.011940298507462688 0.026865671641791048 0.017910447761194034 0.008955223880597017 0.023880597014925377 0.002985074626865672 0.02985074626865672 0.005970149253731344 0.011940298507462688 0.023880597014925377 0.017910447761194034 0.008955223880597017 0.008955223880597017 0.008955223880597017 0.020895522388059706 0.026865671641791048 0.005970149253731344 0.017910447761194034 0.017910447761194034 0.011940298507462688 0.01492537313432836 0.011940298507462688 0.011940298507462688 0.01492537313432836 0.008955223880597017 0.026865671641791048 0.02985074626865672 0.01492537313432836 0.02985074626865672 0.02985074626865672 0.008955223880597017 0.01492537313432836 0.005970149253731344 0.02985074626865672 0.020895522388059706 0.02985074626865672 0.01492537313432836 0.02985074626865672 0.02985074626865672 0.02985074626865672 0.02985074626865672 0.017910447761194034 0.02985074626865672 0.023880597014925377 0.020895522388059706 0.0 
0.010033444816053517 0.013377926421404687 0.020066889632107034 0.026755852842809374 0.03344481605351172 0.026755852842809374 0.023411371237458203 0.026755852842809374 0.020066889632107034 0.020066889632107034 0.013377926421404687 0.013377926421404687 0.03344481605351172 0.013377926421404687 0.01672240802675586 0.013377926421404687 0.01672240802675586 0.023411371237458203 0.006688963210702344 0.023411371237458203 0.026755852842809374 0.01672240802675586 0.020066889632107034 0.03010033444816055 0.023411371237458203 0.01672240802675586 0.01672240802675586 0.013377926421404687 0.006688963210702344 0.010033444816053517 0.01672240802675586 0.020066889632107034 0.013377926421404687 0.010033444816053517 0.003344481605351172 0.006688963210702344 0.023411371237458203 0.003344481605351172 0.013377926421404687 0.003344481605351172 0.03010033444816055 0.03344481605351172 0.023411371237458203 0.03010033444816055 0.013377926421404687 0.03010033444816055 0.003344481605351172 0.020066889632107034 0.003344481605351172 0.003344481605351172 0.006688963210702344 0.026755852842809374 0.026755852842809374 0.01672240802675586 0.01672240802675586 0.026755852842809374 0.0 
0.0221518987341772 0.018987341772151885 0.012658227848101257 0.012658227848101257 0.02848101265822783 0.012658227848101257 0.018987341772151885 0.02848101265822783 0.018987341772151885 0.015822784810126573 0.018987341772151885 0.009493670886075943 0.0063291139240506285 0.025316455696202514 0.02848101265822783 0.02848101265822783 0.025316455696202514 0.009493670886075943 0.02848101265822783 0.018987341772151885 0.02848101265822783 0.02848101265822783 0.0221518987341772 0.0221518987341772 0.025316455696202514 0.0221518987341772 0.0031645569620253142 0.018987341772151885 0.025316455696202514 0.025316455696202514 0.02848101265822783 0.009493670886075943 0.025316455696202514 0.009493670886075943 0.012658227848101257 0.0063291139240506285 0.025316455696202514 0.009493670886075943 0.025316455696202514 0.009493670886075943 0.0063291139240506285 0.009493670886075943 0.0221518987341772 0.0031645569620253142 0.0031645569620253142 0.012658227848101257 0.0221518987341772 0.018987341772151885 0.009493670886075943 0.02848101265822783 0.025316455696202514 0.025316455696202514 0.0221518987341772 0.0063291139240506285 0.0031645569620253142 0.009493670886075943 0.0 
0.006389776357827476 0.02875399361022364 0.03194888178913738 0.012779552715654952 0.025559105431309903 0.012779552715654952 0.03194888178913738 0.01597444089456869 0.006389776357827476 0.03194888178913738 0.02875399361022364 0.025559105431309903 0.006389776357827476 0.02875399361022364 0.019169329073482427 0.01597444089456869 0.01597444089456869 0.012779552715654952 0.01597444089456869 0.019169329073482427 0.019169329073482427 0.009584664536741214 0.022364217252396165 0.022364217252396165 0.019169329073482427 0.003194888178913738 0.01597444089456869 0.025559105431309903 0.025559105431309903 0.006389776357827476 0.003194888178913738 0.003194888178913738 0.01597444089456869 0.022364217252396165 0.022364217252396165 0.019169329073482427 0.012779552715654952 0.01597444089456869 0.009584664536741214 0.025559105431309903 0.01597444089456869 0.02875399361022364 0.019169329073482427 0.01597444089456869 0.012779552715654952 0.02875399361022364 0.012779552715654952 0.003194888178913738 0.03194888178913738 0.009584664536741214 0.012779552715654952 0.003194888178913738 0.03194888178913738 0.009584664536741214 0.022364217252396165 0.02875399361022364 0.0 
0.009009009009009007 0.012012012012012008 0.006006006006006004 0.02102102102102102 0.024024024024024017 0.030030030030030023 0.024024024024024017 0.018018018018018014 0.015015015015015011 0.009009009009009007 0.030030030030030023 0.030030030030030023 0.012012012012012008 0.02702702702702702 0.018018018018018014 0.018018018018018014 0.02702702702702702 0.006006006006006004 0.006006006006006004 0.02102102102102102 0.02102102102102102 0.006006006006006004 0.024024024024024017 0.018018018018018014 0.024024024024024017 0.024024024024024017 0.024024024024024017 0.024024024024024017 0.006006006006006004 0.015015015015015011 0.024024024024024017 0.012012012012012008 0.024024024024024017 0.018018018018018014 0.003003003003003002 0.018018018018018014 0.024024024024024017 0.024024024024024017 0.024024024024024017 0.015015015015015011 0.003003003003003002 0.018018018018018014 0.012012012012012008 0.02702702702702702 0.02102102102102102 0.006006006006006004 0.006006006006006004 0.009009009009009007 0.018018018018018014 0.02102102102102102 0.02702702702702702 0.015015015015015011 0.003003003003003002 0.030030030030030023 0.030030030030030023 0.018018018018018014 0.0 
0.030100334448160553 0.026755852842809378 0.0033444816053511722 0.033444816053511725 0.030100334448160553 0.010033444816053517 0.030100334448160553 0.023411371237458206 0.020066889632107034 0.020066889632107034 0.016722408026755863 0.010033444816053517 0.033444816053511725 0.013377926421404689 0.013377926421404689 0.026755852842809378 0.0033444816053511722 0.033444816053511725 0.016722408026755863 0.0033444816053511722 0.013377926421404689 0.010033444816053517 0.0033444816053511722 0.010033444816053517 0.0066889632107023445 0.016722408026755863 0.013377926421404689 0.030100334448160553 0.0066889632107023445 0.010033444816053517 0.013377926421404689 0.020066889632107034 0.033444816053511725 0.026755852842809378 0.023411371237458206 0.020066889632107034 0.013377926421404689 0.026755852842809378 0.026755852842809378 0.020066889632107034 0.023411371237458206 0.0033444816053511722 0.033444816053511725 0.010033444816053517 0.030100334448160553 0.013377926421404689 0.0066889632107023445 0.016722408026755863 0.030100334448160553 0.010033444816053517 0.013377926421404689 0.0066889632107023445 0.0033444816053511722 0.023411371237458206 0.030100334448160553 0.0033444816053511722 0.0 
0.0035335689045936387 0.010600706713780918 0.021201413427561835 0.007067137809187277 0.014134275618374555 0.0035335689045936387 0.010600706713780918 0.021201413427561835 0.010600706713780918 0.010600706713780918 0.02473498233215547 0.014134275618374555 0.0035335689045936387 0.0035335689045936387 0.021201413427561835 0.0035335689045936387 0.03533568904593639 0.031802120141342746 0.014134275618374555 0.02473498233215547 0.021201413427561835 0.017667844522968195 0.02826855123674911 0.031802120141342746 0.031802120141342746 0.014134275618374555 0.02473498233215547 0.03533568904593639 0.007067137809187277 0.02473498233215547 0.03533568904593639 0.010600706713780918 0.017667844522968195 0.017667844522968195 0.014134275618374555 0.021201413427561835 0.007067137809187277 0.0035335689045936387 0.031802120141342746 0.021201413427561835 0.0035335689045936387 0.014134275618374555 0.0035335689045936387 0.02826855123674911 0.021201413427561835 0.03533568904593639 0.03533568904593639 0.010600706713780918 0.021201413427561835 0.0035335689045936387 0.0035335689045936387 0.02826855123674911 0.021201413427561835 0.017667844522968195 0.02826855123674911 0.017667844522968195 0.0 
0.020761245674740483 0.006920415224913495 0.02422145328719723 0.031141868512110725 0.006920415224913495 0.0034602076124567475 0.020761245674740483 0.02768166089965398 0.010380622837370242 0.02768166089965398 0.006920415224913495 0.01730103806228374 0.0034602076124567475 0.010380622837370242 0.031141868512110725 0.0034602076124567475 0.01384083044982699 0.03460207612456748 0.0034602076124567475 0.0034602076124567475 0.01384083044982699 0.01384083044982699 0.006920415224913495 0.02422145328719723 0.031141868512110725 0.006920415224913495 0.031141868512110725 0.020761245674740483 0.01384083044982699 0.02768166089965398 0.03460207612456748 0.03460207612456748 0.01384083044982699 0.006920415224913495 0.01384083044982699 0.02768166089965398 0.01730103806228374 0.010380622837370242 0.02768166089965398 0.010380622837370242 0.01384083044982699 0.0034602076124567475 0.010380622837370242 0.031141868512110725 0.01384083044982699 0.01730103806228374 0.03460207612456748 0.02768166089965398 0.020761245674740483 0.006920415224913495 0.02768166089965398 0.0034602076124567475 0.031141868512110725 0.02768166089965398 0.02768166089965398 0.006920415224913495 0.0 
0.015772870662460567 0.01892744479495268 0.006309148264984227 0.028391167192429023 0.012618296529968454 0.022082018927444796 0.006309148264984227 0.028391167192429023 0.028391167192429023 0.015772870662460567 0.015772870662460567 0.028391167192429023 0.006309148264984227 0.01892744479495268 0.015772870662460567 0.022082018927444796 0.006309148264984227 0.012618296529968454 0.022082018927444796 0.0031545741324921135 0.012618296529968454 0.025236593059936908 0.0031545741324921135 0.012618296529968454 0.006309148264984227 0.01892744479495268 0.022082018927444796 0.012618296529968454 0.028391167192429023 0.015772870662460567 0.012618296529968454 0.00946372239747634 0.015772870662460567 0.00946372239747634 0.015772870662460567 0.01892744479495268 0.006309148264984227 0.012618296529968454 0.0031545741324921135 0.031545741324921134 0.031545741324921134 0.031545741324921134 0.022082018927444796 0.031545741324921134 0.031545741324921134 0.0031545741324921135 0.025236593059936908 0.0031545741324921135 0.012618296529968454 0.031545741324921134 0.031545741324921134 0.031545741324921134 0.025236593059936908 0.012618296529968454 0.022082018927444796 0.025236593059936908 0.0 
0.03061224489795917 0.01700680272108843 0.010204081632653055 0.013605442176870743 0.01700680272108843 0.0034013605442176856 0.01700680272108843 0.02040816326530611 0.010204081632653055 0.02040816326530611 0.027210884353741485 0.01700680272108843 0.013605442176870743 0.027210884353741485 0.0034013605442176856 0.01700680272108843 0.023809523809523798 0.03061224489795917 0.03401360544217686 0.023809523809523798 0.010204081632653055 0.027210884353741485 0.01700680272108843 0.02040816326530611 0.006802721088435371 0.01700680272108843 0.010204081632653055 0.0034013605442176856 0.027210884353741485 0.023809523809523798 0.02040816326530611 0.023809523809523798 0.02040816326530611 0.027210884353741485 0.010204081632653055 0.0034013605442176856 0.01700680272108843 0.02040816326530611 0.01700680272108843 0.03401360544217686 0.0034013605442176856 0.010204081632653055 0.010204081632653055 0.03061224489795917 0.03401360544217686 0.023809523809523798 0.03061224489795917 0.0034013605442176856 0.010204081632653055 0.027210884353741485 0.010204081632653055 0.010204081632653055 0.013605442176870743 0.03061224489795917 0.013605442176870743 0.0034013605442176856 0.0 
0.0136986301369863 0.023972602739726026 0.0273972602739726 0.0273972602739726 0.03424657534246575 0.030821917808219176 0.023972602739726026 0.00684931506849315 0.0273972602739726 0.00684931506849315 0.003424657534246575 0.017123287671232876 0.03424657534246575 0.023972602739726026 0.02054794520547945 0.017123287671232876 0.010273972602739725 0.010273972602739725 0.00684931506849315 0.0273972602739726 0.010273972602739725 0.010273972602739725 0.030821917808219176 0.00684931506849315 0.02054794520547945 0.02054794520547945 0.003424657534246575 0.010273972602739725 0.017123287671232876 0.0136986301369863 0.003424657534246575 0.003424657534246575 0.010273972602739725 0.00684931506849315 0.0136986301369863 0.010273972602739725 0.003424657534246575 0.030821917808219176 0.030821917808219176 0.030821917808219176 0.02054794520547945 0.010273972602739725 0.03424657534246575 0.03424657534246575 0.00684931506849315 0.030821917808219176 0.003424657534246575 0.017123287671232876 0.023972602739726026 0.03424657534246575 0.010273972602739725 0.0136986301369863 0.003424657534246575 0.03424657534246575 0.010273972602739725 0.030821917808219176 0.0 
1.0 0.0 0.0 0.0 0.0 0.0 0.0 0.0 0.0 0.0 0.0 0.0 0.0 0.0 0.0 0.0 0.0 0.0 0.0 0.0 0.0 0.0 0.0 0.0 0.0 0.0 0.0 0.0 0.0 0.0 0.0 0.0 0.0 0.0 0.0 0.0 0.0 0.0 0.0 0.0 0.0 0.0 0.0 0.0 0.0 0.0 0.0 0.0 0.0 0.0 0.0 0.0 0.0 0.0 0.0 0.0 0.0 

emissions
0 0 0 0 0 0 0 0 0 0 0 0 0 0 0 0 0 0 0 0 0 0 0 0 0 0 0 0 0 0 0 0 0 0 0 0 0 0 0 0 0 0 0 0 0 0 0 0 0 0 0 0 0 0 0 0 1 
1 1 1 1 1 1 1 1 1 1 1 1 1 1 1 1 1 1 1 1 1 1 1 1 1 1 1 1 1 1 1 1 1 1 1 1 1 1 1 1 1 1 1 1 1 1 1 1 1 1 1 1 1 1 1 1 0 
