states
0 1 2 3 4 5 6 7 8 9 10 11 12 13 14 15 16 17 18 19 20 21 22 23 24 25 26 27 28 29 30 31 32 33 34 35 36 37 38 39 40 41 42 43 44 45 46 47 48 49 50 51 52 53 54 55 56 
labels
empty init 
initial
1.0 0.0 0.0 0.0 0.0 0.0 0.0 0.0 0.0 0.0 0.0 0.0 0.0 0.0 0.0 0.0 0.0 0.0 0.0 0.0 0.0 0.0 0.0 0.0 0.0 0.0 0.0 0.0 0.0 0.0 0.0 0.0 0.0 0.0 0.0 0.0 0.0 0.0 0.0 0.0 0.0 0.0 0.0 0.0 0.0 0.0 0.0 0.0 0.0 0.0 0.0 0.0 0.0 0.0 0.0 0.0 0.0
transitions
0.032179034628961135 0.017259482215533535 0.023029309120726378 0.03299901002969911 0.02444926652200434 0.034408967730968076 0.0017999460016199513 0.024329270121896344 0.027679169624911255 0.03233902982910513 0.022329330120096396 0.0004999850004499865 0.017599472015839526 0.012029639110826676 0.03239902802915912 0.008999730008099756 0.005789826305210844 0.014359569212923612 0.01377958661240163 0.012679619611411659 0.001149965501034969 0.030289091327260185 0.004529864104076878 0.0053698389048328545 0.009509714708558744 0.02513924582262532 0.013459596212113636 0.03499895003149906 0.0028299151025469238 0.0052798416047518575 0.032879013629591114 0.02715918522444327 0.0027699169024929253 0.0019199424017279482 0.012379628611141667 0.004769856904292871 0.019829405117846467 0.034118976430707076 0.013249602511924643 0.0333789986300411 0.0009399718008459747 0.029559113226603203 0.020269391918242452 0.005579832605021849 0.008329750107496776 0.03146905592832215 0.029659110226693198 0.02173934781956541 0.002339929802105937 0.024539263822085336 0.017659470215893522 0.018269451916442508 0.03457896263112107 0.0036198914032579024 0.026959191224263275 0.01371958841234763 0.004819855404337869 
0.016480164801648017 0.02023020230202302 0.0006300063000630006 0.02095020950209502 0.022020220202202023 0.005230052300523006 0.007730077300773007 0.028080280802808028 0.009610096100961009 0.013140131401314013 0.021960219602196022 0.027710277102771026 0.02086020860208602 0.02299022990229902 0.03070030700307003 0.028010280102801027 0.024200242002420023 0.016250162501625014 0.005160051600516005 0.012200122001220013 0.014000140001400013 0.02849028490284903 0.027880278802788025 0.034270342703427034 0.028520285202852026 0.015860158601586013 0.02079020790207902 0.011270112701127011 0.003290032900329003 0.02122021220212202 0.026500265002650025 0.027750277502775027 0.0018500185001850019 0.004030040300403003 0.00897008970089701 0.02653026530265303 0.02934029340293403 0.005960059600596005 0.01061010610106101 0.03211032110321103 0.022370223702237024 0.03096030960309603 0.017110171101711015 0.0027900279002790024 0.015040150401504014 0.015850158501585016 0.02232022320223202 0.014040140401404014 0.006200062000620006 0.003250032500325003 0.011320113201132012 0.019760197601976018 0.0008600086000860009 0.017770177701777017 0.02927029270292703 0.004010040100401004 0.03369033690336903 
0.015560155601556016 0.00987009870098701 0.011750117501175012 0.018780187801878023 0.00023000230002300024 0.023110231102311023 0.01996019960199602 0.024650246502465025 0.030300303003030032 0.0004900049000490005 0.0040700407004070046 0.022990229902299025 0.021730217302173022 0.02829028290282903 0.022630226302263023 0.029250292502925032 0.02714027140271403 0.026660266602666027 0.02104021040210402 0.024220242202422023 0.015850158501585016 0.016200162001620017 0.025890258902589027 0.005110051100511006 0.0033000330003300033 0.02912029120291203 0.028110281102811028 0.02157021570215702 0.014100141001410015 0.0031600316003160033 0.011110111101111013 0.027260272602726027 0.007560075600756008 0.0035300353003530037 0.020770207702077024 0.030050300503005032 0.02724027240272403 0.022420224202242024 0.021280212802128023 0.03195031950319503 0.022010220102201022 0.0041300413004130045 0.02716027160271603 0.017050170501705018 0.0030300303003030033 0.01016010160101601 0.022150221502215024 0.011600116001160012 0.00856008560085601 0.01759017590175902 0.03237032370323704 0.007430074300743008 0.019910199101991023 0.005410054100541005 0.020400204002040023 0.01946019460194602 0.0032700327003270034 
0.01641049231476945 0.022390671720151613 0.017020510615318465 0.022580677420322617 0.0063901917057511744 0.00403012090362711 0.0025800774023220703 0.02298068942068263 0.010080302409072275 0.017730531915957484 0.03989119673590209 0.003510105303159096 0.006360190805724174 0.030900927027810846 0.005320159604788145 0.026450793523805725 0.005340160204806146 0.03246097382921489 0.03966118983569508 0.007940238207146216 0.03240097202916088 0.02417072512175366 0.005510165304959151 0.020600618018540563 0.01785053551606549 0.011630348910467317 0.03351100533015991 0.02782083462503876 0.0015700471014130429 0.012060361810854328 0.028380851425542773 0.009260277808334253 0.0006900207006210188 0.02826084782543477 0.02382071462143865 0.022720681620448623 0.015100453013590413 0.02859085772573178 0.024680740422212674 0.03548106443193297 0.007130213906417195 0.017960538816164492 0.010830324909747295 0.006910207306219189 0.01919057571727152 0.0293008790263708 0.016340490214706446 0.016990509715291466 0.018080542416272494 0.029820894626838814 0.011290338710161309 0.0007000210006300191 0.006550196505895179 0.0012700381011430347 0.00953028590857726 0.03535106053181596 0.01861055831674951 
0.003829999999999999 0.013049999999999997 0.03201999999999999 0.018479999999999996 0.024689999999999993 0.010529999999999998 0.016279999999999996 0.010009999999999998 0.03169999999999999 0.018369999999999997 0.011349999999999999 0.006049999999999998 0.027479999999999994 0.0017799999999999995 0.025009999999999994 0.014699999999999996 0.014459999999999997 0.028089999999999993 0.0024199999999999994 0.012559999999999997 0.0006699999999999999 0.019359999999999995 0.021039999999999996 0.0002799999999999999 0.023419999999999996 0.029219999999999993 0.028889999999999992 0.025619999999999993 0.027679999999999993 0.027279999999999992 0.024009999999999993 0.021299999999999996 0.026739999999999993 0.009599999999999997 0.02344999999999999 0.028589999999999994 0.034129999999999994 0.00023999999999999995 0.015629999999999998 0.0031799999999999992 0.020069999999999998 0.020629999999999996 0.03284999999999999 0.004829999999999999 0.029149999999999992 0.0011399999999999997 0.0026199999999999995 0.015679999999999996 0.029539999999999993 0.013829999999999997 0.024679999999999994 0.008559999999999998 0.021609999999999997 0.010389999999999998 0.018349999999999998 0.030709999999999994 0.0021699999999999996 
0.028989710102898972 0.006659933400665994 0.0026299737002629976 0.021619783802161983 0.03131968680313198 0.015449845501544986 0.015939840601593987 0.011979880201197989 0.01195988040119599 0.032499675003249975 0.019409805901940982 0.02339976600233998 0.005689943100568995 0.02085979140208598 0.009629903700962991 0.0035699643003569968 0.0074399256007439945 0.01279987200127999 0.017629823701762984 0.03784962150378497 0.0029999700002999977 0.03659963400365997 0.027449725502744975 0.014019859801401987 0.019749802501974983 0.032429675703242976 0.017549824501754983 3.999960000399997e-05 0.008469915300846993 0.026929730702692976 0.0008399916000839993 0.02665973340266598 0.024819751802481978 0.01596984030159699 0.005119948800511996 0.030359696403035975 0.03757962420375797 0.01113988860111399 0.0072799272007279935 0.016019839801601987 0.025829741702582978 0.01868981310186898 0.034869651303486966 0.015499845001549988 0.028989710102898972 0.009049909500904993 0.006109938900610995 0.0050099499005009955 0.009359906400935992 0.028109718902810978 0.020119798802011982 0.01183988160118399 0.03784962150378497 0.026689733102668974 0.013439865601343989 0.003829961700382997 0.005359946400535996 
0.02911970880291197 0.02683973160268397 0.028639713602863968 0.027309726902730973 0.005659943400565994 0.01996980030199698 0.02744972550274497 0.0013099869001309986 4.999950000499995e-05 0.023689763102368974 0.008509914900850991 0.02744972550274497 0.022289777102228975 0.008809911900880991 0.02168978310216898 0.00965990340096599 0.024889751102488974 0.029159708402915967 0.021679783202167978 0.008549914500854992 0.01940980590194098 0.01923980760192398 0.007479925200747992 0.009849901500984989 0.022519774802251976 0.006079939200607994 0.011589884101158987 0.02899971000289997 0.007569924300756993 0.022999770002299975 0.02067979320206798 0.00935990640093599 0.01625983740162598 0.004769952300476995 0.017019829801701983 0.025809741902580972 0.01827981720182798 0.02005979940200598 0.029819701802981966 0.0064199358006419936 0.020099799002009977 0.026969730302696972 0.023989760102398977 0.011579884201157988 0.021319786802131976 0.021659783402165976 0.01925980740192598 0.004489955100448995 0.012839871601283987 0.013179868201317987 0.030509694903050968 0.013519864801351986 0.02801971980280197 0.01729982700172998 0.01762982370176298 0.001839981600183998 0.01884981150188498 
0.0247004940098802 0.011540230804616095 0.007230144602892059 0.004000080001600032 0.015320306406128125 0.005090101802036041 0.016340326806536132 0.02543050861017221 0.017960359207184147 0.006390127802556052 0.0009700194003880079 0.026510530210604216 0.01938038760775216 0.008450169003380067 0.002730054601092022 0.00979019580391608 0.03416068321366428 0.0033200664013280272 0.0367907358147163 0.030400608012160248 0.008960179203584072 0.02717054341086822 0.008580171603432071 0.024570491409828202 0.0006900138002760056 0.008580171603432071 0.02304046080921619 0.027370547410948222 0.012240244804896099 0.017200344006880138 0.018320366407328148 0.027900558011160228 0.005810116202324047 0.03491069821396428 0.011150223004460091 0.005810116202324047 0.02106042120842417 0.015700314006280126 0.03093061861237225 0.027670553411068225 0.006590131802636054 0.002840056801136023 0.019040380807616157 0.014610292205844118 0.005660113202264046 0.030120602412048246 0.01754035080701614 0.0363607272145443 0.016320326406528134 0.011580231604632094 0.015400308006160126 0.011820236404728096 0.035700714014280294 0.0367907358147163 0.033300666013320275 0.012910258205164105 0.029240584811696238 
0.01129977400451991 0.03195936081278375 0.03545929081418372 0.0005499890002199956 0.015709685806283874 0.005789884202315954 0.03213935721285575 0.005139897202055959 0.018199636007279855 0.025719485610287796 0.034489310213795726 0.02025959480810384 0.009749805003899922 0.024699506009879805 0.01141977160456791 0.0074898502029959405 0.031619367612647754 0.005299894002119958 0.00039999200015999685 0.010699786004279914 0.020549589008219835 0.017079658406831868 0.00251994960100798 0.024979500409991803 0.005269894602107959 0.006389872202555949 0.004239915201695967 0.02289954200915982 0.0010499790004199917 0.009279814403711926 0.005679886402271956 0.021159576808463833 0.01007979840403192 0.018069638607227857 0.02415951680966381 0.027799444011119778 0.0008099838003239935 0.025019499610007802 0.007239855202895943 0.03064938701225976 0.018329633407331854 0.03225935481290374 0.025839483210335794 0.030999380012399755 0.010069798604027921 0.030859382812343756 0.02933941321173577 0.027249455010899783 0.002129957400851983 0.0125697486050279 0.03007939841203176 0.021979560408791825 0.024789504209915804 0.014739705205895882 0.031689366212675756 0.025339493210135802 0.008719825603487932 
0.022010000000000002 0.03458000000000001 0.027570000000000008 0.021850000000000005 0.019860000000000003 0.025020000000000008 0.00023000000000000006 0.017550000000000003 0.030260000000000006 0.030550000000000008 0.005930000000000002 0.0031000000000000008 0.0007400000000000002 0.028220000000000005 0.015670000000000003 0.007530000000000002 0.019750000000000004 0.030140000000000007 0.005360000000000001 0.011750000000000003 0.019800000000000005 0.0037600000000000008 0.0018900000000000004 0.021610000000000004 0.017480000000000002 0.014460000000000004 0.030210000000000008 0.031580000000000004 0.0005300000000000001 2.0000000000000005e-05 0.030330000000000006 0.026810000000000007 0.025310000000000006 0.022060000000000003 0.014420000000000004 0.005450000000000001 0.03472000000000001 0.007620000000000002 0.0024200000000000003 0.013830000000000004 0.019990000000000004 0.031450000000000006 0.014350000000000003 0.010260000000000002 0.032830000000000005 0.02985000000000001 0.0025100000000000005 0.010970000000000002 0.00038000000000000013 0.03386000000000001 0.03475000000000001 0.021180000000000004 0.019060000000000004 0.003640000000000001 8.000000000000002e-05 0.033850000000000005 0.019010000000000003 
0.0028000840025200753 0.010550316509495283 0.03271098132943988 0.03486104583137494 0.003010090302709081 0.0334510035301059 0.00633018990569717 0.0053401602048061434 0.025230756922707678 0.002850085502565077 0.020220606618198543 0.024440733221996656 0.02784083522505675 0.026550796523895713 0.02727081812454373 0.02000060001800054 0.003520105603168095 0.015210456313689408 0.015460463813914416 0.02097062911887356 0.01937058111743352 0.017070512115363458 0.021120633619008566 0.011950358510755321 0.034411032330969926 0.02414072422172665 0.006270188105643169 0.007700231006930207 0.001190035701071032 0.030960928827864834 0.02527075812274368 0.022190665719971598 0.036131083932517974 0.015870476114283424 0.0021100633018990567 0.030080902427072807 0.01080032400972029 0.025430762922887686 0.02420072602178065 0.006910207306219186 0.01671050131503945 0.029710891326739798 0.035021050631518946 0.01678050341510245 0.017680530415912478 0.03556106683200495 0.004070122103663109 0.023420702621078628 0.02160064801944058 0.018460553816614496 0.013550406512195363 0.004680140404212126 0.0002500075002250067 8.000240007200215e-05 0.008320249607488223 0.009810294308829263 0.012490374711241335 
0.006489870202595947 0.03326933461330773 0.012179756404871902 0.015259694806103875 0.03067938641227175 0.028619427611447767 0.01119977600447991 0.007839843203135936 0.021209575808483826 0.02944941101177976 0.026109477810443787 0.03133937321253574 0.00012999740005199893 0.024249515009699803 0.027519449611007777 0.021429571408571827 0.029079418411631766 0.006369872602547948 0.0121097578048439 0.005179896402071958 0.02959940801183976 0.013049739005219895 0.03208935821283574 0.008379832403351932 0.005219895602087957 0.004259914801703965 0.031159376812463748 0.0035799284014319706 0.030149397012059754 0.0056098878022439545 0.009269814603707925 0.004669906601867961 0.002889942201155977 0.030359392812143754 0.00850982980340393 0.0065998680026399465 0.03434931301373972 0.02795944081118377 0.023369532609347807 0.0014099718005639885 0.014079718405631885 0.027739445211095774 0.008259834803303933 0.03393932121357572 0.012749745005099896 0.03133937321253574 0.01596968060638787 0.020539589208215834 0.032359352812943734 0.01705965880682386 0.03259934801303973 0.0014399712005759883 0.023029539409211812 0.022679546409071813 0.008829823403531927 0.00025999480010399786 0.0049299014019719605 
0.01135988640113599 0.004539954600453996 0.004819951800481995 0.0015699843001569986 0.02628973710262898 0.004639953600463996 0.02281977180228198 0.039409605903940964 0.0058699413005869954 0.029979700202997974 0.03246967530324697 0.025409745902540977 0.032559674403255974 0.008299917000829993 0.03357966420335797 0.04117958820411797 0.006699933000669994 0.028219717802821974 0.007879921200787994 0.015309846901530987 0.006529934700652995 0.008079919200807993 0.006599934000659995 0.030349696503034974 0.03482965170348297 0.001259987400125999 0.0035599644003559967 0.008489915100848991 0.008559914400855993 0.008619913800861991 0.0006899931000689994 0.004289957100428997 0.019929800701992982 0.021769782302176983 0.01364986350136499 0.002349976500234998 0.02797972020279798 0.009539904600953992 0.02493975060249398 0.02200977990220098 0.038239617603823974 0.01596984030159699 0.03283967160328397 0.019459805401945984 0.041209587904120965 0.02305976940230598 0.004359956400435997 0.03591964080359197 0.03525964740352597 0.022779772202277983 0.005669943300566995 0.006359936400635995 0.002449975500244998 0.007879921200787994 0.032659673403265976 0.02513974860251398 0.003809961900380997 
0.0019199232030718775 0.009639614415423384 0.03936842526298949 0.003199872005119796 0.011529538818447264 0.0005999760009599616 0.006079756809727613 0.02962881484740611 0.014979400823967044 0.00047998080076796937 0.0073997040118395285 0.023889044438222477 0.021029158833646658 0.00658973641054358 0.014479420823167076 0.03352865885364586 0.038488460461581546 0.01160953561857526 0.02062917483300668 0.03783848646054158 0.0001599936002559898 0.02393904243830247 0.013259469621215153 0.009099636014559419 0.015449382024719014 0.03148874045038199 0.02470901163953442 0.000909963601455942 0.0343986240550378 0.020479180832766695 0.04061837526498941 0.020929162833486666 0.03525858965641375 0.01782928682852686 0.035248590056397744 0.03782848686052559 0.001489940402383905 0.03651853925842967 0.0011799528018879247 0.018549258029678817 0.027188912443502265 0.027658893644254237 0.004459821607135716 0.03741850325986961 0.01346946122155114 0.01941922323107076 0.014819407223711055 0.0058697652093916254 0.031118755249790013 0.0030298788048478066 0.0013999440022399107 0.0034398624055037804 0.009469621215151394 0.005889764409423625 0.02566897324107036 0.016539338426462942 0.0008899644014239432 
0.018279817201827985 0.023539764602353977 0.022449775502244983 0.0013599864001359989 0.0032099679003209976 0.013709862901370988 0.009169908300916992 0.028469715302846976 0.03380966190338097 0.020059799402005984 0.028399716002839977 0.003449965500344997 0.01261987380126199 0.02171978280217198 0.03156968430315697 0.02375976240237598 0.0003299967000329997 0.029159708402915974 0.027659723402765977 0.007189928100718994 0.0026399736002639977 0.01137988620113799 0.021289787102128983 0.018579814201857985 0.009059909400905992 0.001099989000109999 0.005609943900560996 0.0007399926000739994 0.004049959500404997 0.01124988750112499 0.007229927700722994 0.025999740002599976 0.03310966890331097 0.02721972780272198 0.03598964010359897 0.03524964750352497 0.002699973000269998 0.014949850501494987 0.01159988400115999 0.008479915200847992 0.016879831201687984 0.024969750302496978 0.013809861901380987 0.03557964420355797 0.028399716002839977 0.002109978900210998 0.005369946300536995 0.029399706002939976 0.02385976140238598 0.021589784102158983 0.033999660003399976 0.021339786602133985 0.028739712602873977 0.004279957200427996 0.019749802501974983 0.02781972180278198 0.013959860401395989 
0.026360263602636023 0.023790237902379018 0.02488024880248802 0.029420294202942027 0.02504025040250402 0.01119011190111901 0.02486024860248602 0.018870188701887017 0.0009100091000910007 0.015170151701517013 0.0015000150001500013 0.0006900069000690005 0.02154021540215402 0.016620166201662012 0.016130161301613013 0.005600056000560004 0.019670196701967017 0.014630146301463013 0.015540155401554014 0.03440034400344003 0.03529035290352903 0.00031000310003100024 0.020330203302033018 0.007740077400774007 0.03262032620326203 0.005000050000500004 0.0022600226002260017 0.03161031610316103 0.001020010200102001 0.024700247002470022 0.03577035770357703 0.0065800658006580056 0.025780257802578022 0.01059010590105901 0.034170341703417026 0.005560055600556005 0.02533025330253302 0.01275012750127501 0.030510305103051024 0.005270052700527005 0.012450124501245009 0.007210072100721007 0.023970239702397023 0.0016400164001640013 0.0007800078000780007 0.0006300063000630006 0.013980139801398011 0.004950049500495005 0.029940299402994027 0.01159011590115901 0.02108021080210802 0.02339023390233902 0.028790287902879023 0.028200282002820022 0.030150301503015026 0.03393033930339303 0.027310273102731025 
0.028319716802831973 0.028059719402805973 0.013249867501324985 0.01852981470185298 0.0034299657003429964 0.016139838601613984 0.023749762502374976 0.029839701602983968 0.023089769102308973 0.03153968460315396 0.0013799862001379986 0.008409915900840993 0.03502964970350296 0.024759752402475976 0.021579784202157976 0.025579744202557972 0.013959860401395985 0.0009999900000999989 0.006019939800601994 0.006379936200637993 0.004889951100488995 0.03391966080339196 0.010219897801021989 0.02838971610283897 0.017719822801771982 0.023729762702372977 0.022069779302206976 0.015399846001539983 0.01654983450165498 0.01722982770172298 0.007449925500744992 0.009999900000999989 0.020299797002029978 0.02675973240267597 0.025609743902560975 0.0049899501004989945 0.012359876401235986 0.011429885701142986 0.024539754602453973 0.011899881001189988 0.011739882601173987 0.03338966610333897 0.024219757802421974 0.025529744702552974 0.012149878501214986 0.004569954300456995 0.020539794602053976 0.008319916800831991 0.012409875901240985 0.03549964500354996 0.01970980290197098 0.0003599964000359996 0.004379956200437995 0.006889931100688993 0.024649753502464972 0.025529744702552974 0.024609753902460972 
0.015200456013680412 0.010820324609738292 0.02289068672060162 0.024630738922167668 0.029750892526775805 0.016200486014580438 0.03027090812724382 0.0007900237007110214 0.00957028710861326 0.0009100273008190246 0.002620078602358071 0.01894056821704651 0.025260757822734684 0.02148064441933258 0.017840535216056486 0.029470884126523798 0.027100813024390734 0.008350250507515226 0.022500675020250608 0.025500765022950688 0.018700561016830507 0.00957028710861326 0.005480164404932148 0.016710501315039452 0.008710261307839237 0.014860445813374402 0.029840895226856807 0.02095062851885557 0.022840685220556618 0.026110783323499708 0.003970119103573107 0.008890266708001242 0.005790173705211157 0.00774023220696621 0.014590437713131395 0.0033100993029790897 0.02093062791883757 0.030290908727261822 0.018270548116443495 0.029500885026550797 0.015350460513815417 0.008180245407362221 0.013820414612438376 0.02702081062431873 0.016160484814544438 0.012520375611268338 0.0022800684020520615 0.024500735022050666 0.02473074192225767 0.016780503415102455 0.02724081722451674 0.014980449413482406 0.03169095072852186 0.025950778523355703 0.013550406512195367 0.02288068642059262 0.02520075602268068 
0.0248095038099238 0.03081938361232775 0.013939721205575887 0.022599548009039815 0.024449511009779802 0.019109617807643843 0.00738985220295594 0.00490990180196396 0.030189396212075757 0.02078958420831583 0.019859602807943837 0.0026099478010439786 0.019129617407651844 0.017289654206915857 0.012729745405091896 0.003219935601287974 0.0010099798004039918 0.0072798544029119405 0.011779764404711904 0.024959500809983798 0.027769444611107773 0.0007899842003159936 0.012759744805103897 0.01730965380692386 0.02849943001139977 0.027659446811063776 0.013399732005359892 0.005539889202215955 0.0004699906001879962 0.026819463610727783 0.027759444811103776 0.02803943921121577 0.011089778204435909 0.00883982320353593 0.019259614807703843 0.015339693206135875 0.011989760204795903 0.033749325013499726 0.020929581408371832 0.03321933561328773 0.02084958300833983 0.026429471410571784 0.02226955460890782 0.012949741005179894 0.021549569008619825 0.012589748205035898 0.012949741005179894 0.02976940461190776 0.02324953500929981 0.008699826003479929 0.00991980160396792 0.009039819203615925 0.016339673206535867 0.03195936081278374 0.032549349013019736 0.013489730205395891 0.0052898942021159575 
0.029200584011680235 0.015710314206284125 0.032260645212904254 0.029200584011680235 0.02983059661193224 0.016400328006560133 0.006530130602612053 0.014640292805856117 0.013500270005400107 0.026550531010620215 0.00496009920198404 0.028860577211544232 0.015170303406068121 0.010470209404188083 0.026530530610612214 0.004220084401688033 0.027200544010880217 0.0046400928018560375 0.027470549410988223 0.007620152403048061 0.01357027140542811 0.021470429408588173 0.022930458609172182 0.030770615412308244 0.020900418008360167 0.027820556411128225 0.021790435808716174 0.029110582211644233 0.0004500090001800036 0.0007300146002920058 0.02091041820836417 0.007060141202824057 0.024560491209824196 0.03233064661293226 0.005040100802016041 9.000180003600073e-05 0.003000060001200024 0.01105022100442009 0.002130042600852017 0.033930678613572275 0.0008800176003520071 0.03132062641252825 0.0015900318006360128 0.03233064661293226 0.0005400108002160043 0.010530210604212083 0.03395067901358027 0.0248404968099362 0.030660613212264244 0.032930658613172265 0.0058701174023480475 0.017770355407108144 0.006960139202784056 0.032510650213004255 0.02868057361147223 0.007860157203144064 0.0001600032000640013 
0.02411 0.01604 0.00874 0.02786 0.0288 0.00203 0.03703 0.00361 0.00276 0.03674 0.01694 0.02189 0.00785 0.00388 0.01885 0.01065 0.02724 0.00684 0.00237 0.02664 0.01418 0.03216 0.00101 0.00207 0.03198 0.02075 0.02214 0.00565 0.01187 0.02892 0.0319 0.0034 0.02144 0.00304 0.0055 0.03265 0.02001 0.03492 0.01987 0.00528 0.00577 0.01351 0.03111 0.03475 0.0183 0.01073 0.00737 0.01119 0.01029 0.02566 0.01148 0.02742 0.03605 0.03464 0.00707 0.00459 0.03046 
0.00018999999999999996 0.009179999999999999 0.016229999999999998 0.022949999999999998 0.0002599999999999999 0.010549999999999999 0.031439999999999996 0.022509999999999995 0.015329999999999996 0.008049999999999998 0.027379999999999995 0.0023199999999999996 0.027189999999999992 0.014849999999999997 0.013929999999999996 0.0026199999999999995 0.020619999999999996 0.00010999999999999998 0.009499999999999998 0.016189999999999996 0.0015799999999999996 0.015459999999999996 0.030709999999999994 0.010669999999999999 0.025309999999999992 0.022229999999999996 0.0005899999999999999 0.007639999999999998 0.0007899999999999998 0.008269999999999998 0.030049999999999993 0.02770999999999999 0.004699999999999999 0.023669999999999993 0.013709999999999996 0.013139999999999997 0.033769999999999994 0.018749999999999996 0.023109999999999995 0.010339999999999998 0.024259999999999993 0.010759999999999999 0.026409999999999993 0.021309999999999996 0.03187999999999999 0.02651999999999999 0.03445999999999999 0.009459999999999998 0.025349999999999994 0.004329999999999999 0.019919999999999997 0.025799999999999993 0.030069999999999993 0.028429999999999993 0.03350999999999999 0.03414999999999999 0.019779999999999996 
0.025860258602586023 0.011760117601176009 0.018520185201852012 0.009400094000940008 0.02366023660236602 0.0032800328003280027 0.026980269802698024 0.007030070300703006 0.02367023670236702 0.004310043100431003 0.019220192201922018 0.008090080900809007 0.030770307703077024 0.016310163101631015 0.018030180301803016 0.029410294102941024 0.0056900569005690045 0.02707027070270702 0.020770207702077017 0.031090310903109025 0.005550055500555005 0.029250292502925025 0.018070180701807013 0.027260272602726024 0.022760227602276018 0.008530085300853007 0.002730027300273002 0.01324013240132401 0.01175011750117501 0.005340053400534004 0.014390143901439011 0.025550255502555023 0.02727027270272702 0.031290312903129024 0.0002200022000220002 0.019340193401934016 0.01063010630106301 0.009970099700997008 0.026100261002610023 0.01141011410114101 0.006060060600606005 0.026130261302613023 0.01236012360123601 0.015360153601536013 0.030390303903039026 0.02169021690216902 0.00016000160001600016 0.020130201302013016 0.0067100671006710055 0.029210292102921025 0.027110271102711022 0.0035600356003560028 0.007310073100731005 0.030790307903079028 0.02677026770267702 0.028900289002890024 0.025780257802578022 
0.017820356407128143 0.007290145802916058 0.012740254805096102 0.028480569611392226 0.012010240204804096 0.004080081601632033 0.025460509210184203 0.025390507810156202 0.02850057001140023 0.0253305066101322 0.02738054761095222 0.018770375407508148 0.029260585211704236 0.016320326406528134 0.021350427008540174 0.021830436608732174 0.02113042260845217 0.003260065201304026 0.001600032000640013 0.02876057521150423 0.011370227404548091 0.004330086601732034 0.01701034020680414 0.003200064001280026 0.012270245404908097 0.03143062861257225 0.026100522010440212 0.02124042480849617 0.02736054721094422 0.0245004900098002 0.022630452609052183 0.007460149202984059 0.02975059501190024 0.025910518210364206 0.01892037840756815 0.008350167003340066 0.010860217204344087 0.025520510410208207 0.02882057641152823 0.01509030180603612 0.006150123002460049 0.007730154603092062 0.011800236004720095 0.02841056821136423 0.008330166603332067 0.01863037260745215 0.025010500210004203 0.029400588011760233 0.020730414608292166 0.003060061201224024 0.026550531010620215 0.0040900818016360325 0.003920078401568031 0.010710214204284087 0.006590131802636053 0.02204044080881618 0.017950359007180144 
0.025710257102571032 0.013100131001310016 0.022140221402214028 0.003480034800348004 0.03208032080320804 0.013610136101361017 0.03348033480334804 0.030170301703017034 0.02523025230252303 0.0028700287002870035 0.030780307803078034 0.002370023700237003 0.027230272302723034 0.028510285102851033 0.03193031930319304 0.027750277502775034 0.012980129801298016 0.03137031370313704 0.004700047000470006 0.00031000310003100035 0.00011000110001100014 0.021660216602166025 0.0018300183001830022 0.030410304103041037 0.01824018240182402 0.01633016330163302 0.021720217202172026 0.023350233502335026 0.019910199101991023 0.0057100571005710065 0.020930209302093026 0.009790097900979011 0.030500305003050034 0.023090230902309026 0.021580215802158024 0.03539035390353904 0.013290132901329015 0.020990209902099027 0.002490024900249003 0.021130211302113025 0.02464024640246403 0.00869008690086901 0.012030120301203016 0.030300303003030035 0.022380223802238027 0.01759017590175902 0.013920139201392016 0.01625016250162502 0.0032900329003290037 0.02641026410264103 0.003970039700397004 0.006000060000600007 0.022990229902299028 0.0051700517005170065 0.011170111701117013 0.01635016350163502 0.0005900059000590007 
0.022719772802271977 0.022649773502264974 0.00939990600093999 0.024589754102458974 0.030339696603033966 0.014599854001459984 0.015539844601553984 0.02876971230287697 0.00873991260087399 0.03377966220337796 0.03459965400345996 0.01595984040159598 0.012859871401285985 0.00797992020079799 0.005649943500564993 0.007769922300776992 0.0022499775002249975 0.017079829201707985 0.026199738002619974 0.029649703502964968 0.012619873801261986 0.03019969800301997 0.031579684203157966 0.022169778302216975 0.01638983610163898 0.02759972400275997 0.014209857901420986 0.016899831001689982 0.00898991010089899 0.03159968400315997 0.01586984130158698 0.029159708402915967 0.01940980590194098 0.015229847701522985 0.012289877101228988 0.008139918600813992 0.019509804901950978 0.02463975360246397 0.020889791102088977 0.00030999690003099964 0.0006299937000629993 0.02656973430265697 0.0010499895001049987 0.01837981620183798 0.02991970080299197 0.015239847601523984 0.002679973200267997 0.009519904800951991 0.032679673203267964 0.010949890501094989 0.024329756702432974 0.0018499815001849981 0.03262967370326297 0.004119958800411996 0.031869681303186966 0.005659943400565994 0.0030899691003089965 
0.00753 0.00727 0.00609 0.01998 0.0279 0.00277 0.03038 0.02226 0.00601 0.02058 0.03449 0.02962 0.01841 0.02313 0.0118 0.01855 0.03358 0.00925 0.02939 0.03244 0.01049 0.00299 0.02797 0.00785 0.00572 0.03523 0.02328 0.0231 0.00504 0.02862 0.01535 0.03202 0.02822 0.0117 0.02555 0.00636 0.01925 0.01359 0.02737 0.00652 0.01924 0.00264 0.01979 0.01542 0.0074 0.0117 0.00816 0.01346 0.03391 0.03304 0.00501 0.03217 0.00825 0.01129 0.00342 0.00714 0.02031 
0.029499410011799766 0.027259454810903784 0.017019659606807867 0.01778964420711586 0.018799624007519854 0.008659826803463931 0.023419531609367814 0.0033799324013519733 0.03223935521289574 0.011859762804743906 0.0256994860102798 0.022369552608947824 0.010169796604067919 0.009159816803663927 0.0064998700025999485 0.01994960100797984 0.00893982120357593 0.019659606807863845 0.010339793204135918 0.01023979520409592 0.013259734805303895 0.00892982140357193 0.026069478610427792 0.021909561808763824 0.006759864802703947 0.029729405411891764 0.014959700805983881 0.02922941541169177 0.028859422811543772 0.007319853602927942 0.0037399252014959704 0.022609547809043822 0.02788944221115578 0.005219895602087959 0.01611967760644787 0.0125297494050119 0.010819783604327914 0.018309633807323856 0.02025959480810384 0.026109477810443794 0.0061398772024559515 0.017659646807063858 0.012549749005019902 0.03042939141217176 0.01378972420551589 0.009029819403611928 0.005319893602127958 0.007839843203135938 0.011769764604707906 0.029319413611727768 0.027239455210895786 0.004449911001779965 0.03173936521269575 0.03240935181296375 0.022619547609047823 0.0248995020099598 0.029209415811683768 
0.01043010430104301 0.031020310203102027 0.03270032700327003 0.014090140901409014 0.009740097400974009 0.02225022250222502 0.028340283402834027 0.012210122101221013 0.009070090700907009 0.031990319903199026 0.02327023270232702 0.016920169201692016 0.007070070700707007 0.028220282202822026 0.0035000350003500033 0.016530165301653015 0.01245012450124501 0.02199021990219902 0.024520245202452023 0.0037800378003780034 0.029750297502975028 0.021850218502185024 0.004040040400404004 0.0004900049000490004 0.003030030300303003 0.028050280502805024 0.009490094900949009 0.026560265602656025 0.012390123901239012 0.025280252802528023 0.016230162301623018 0.024140241402414025 0.01955019550195502 0.027570275702757028 0.021140211402114018 0.01029010290102901 0.011940119401194011 0.03193031930319303 0.012360123601236011 0.023850238502385022 0.0023600236002360026 0.03178031780317803 0.018820188201882016 0.006890068900689007 0.021070210702107017 0.014670146701467015 0.02218022180221802 0.006700067000670006 0.02268022680226802 0.026680266802668023 0.009350093500935009 0.02063020630206302 0.018170181701817015 0.01990019900199002 0.015200152001520015 0.017550175501755017 0.005340053400534005 
0.02183956320873582 0.03148937021259574 0.03238935221295574 0.0009999800003999918 0.009689806203875922 0.0005899882002359953 0.026779464410711783 0.025139497210055796 0.032429351412971735 0.0031299374012519745 0.0125097498050039 0.030239395212095753 0.026319473610527784 0.03515929681406371 0.011649767004659906 0.0007199856002879941 0.003829923401531969 0.014259714805703884 0.022469550608987816 0.023889522209555807 0.02843943121137577 0.029179416411671762 0.008199836003279934 0.00484990300193996 0.027659446811063776 0.017929641407171855 0.015899682006359873 0.01082978340433191 0.025419491610167794 0.008469830603387931 0.024049519009619803 0.007639847203055938 0.03291934161316773 0.0008899822003559927 0.034829303413931714 0.00489990200195996 0.01625967480650387 0.0018199636007279851 0.013749725005499888 0.010519789604207914 0.00868982620347593 0.008299834003319932 0.03380932381352372 0.007869842603147936 0.008879822403551929 0.004609907801843963 0.024229515409691805 0.0037899242015159693 0.03143937121257575 0.007159856802863941 0.008949821003579926 0.03358932821343573 0.03463930721385572 0.023029539409211812 0.025349493010139796 0.018679626407471846 0.02700945981080378 
0.031659999999999994 0.026809999999999994 0.012919999999999996 0.0010999999999999998 0.019159999999999996 0.03400999999999999 0.021759999999999998 0.022319999999999996 0.02515999999999999 0.018959999999999998 0.017059999999999995 0.007939999999999997 0.012229999999999996 0.010539999999999999 0.03284999999999999 0.013169999999999996 0.03391999999999999 0.026409999999999993 0.015109999999999997 0.008749999999999999 0.015659999999999997 0.014959999999999996 0.0011399999999999997 0.03142999999999999 0.029219999999999993 0.013709999999999996 0.006049999999999998 0.028759999999999994 0.005709999999999999 0.021939999999999998 0.003289999999999999 0.011049999999999999 0.012679999999999997 0.014069999999999996 0.032279999999999996 0.0016899999999999997 0.022119999999999997 0.018659999999999996 0.010269999999999998 0.011589999999999998 8.999999999999999e-05 0.033479999999999996 0.025899999999999992 0.009209999999999998 0.018589999999999995 0.030019999999999995 0.027399999999999994 0.0019899999999999996 0.013019999999999997 0.025599999999999994 0.017269999999999997 0.027069999999999993 0.029529999999999994 0.004809999999999999 0.015299999999999996 0.009519999999999999 0.013079999999999996 
0.010049899501004989 0.030089699103008967 0.01821981780182198 0.02985970140298597 0.002759972400275997 0.019889801101988982 0.028719712802871968 0.023909760902390977 0.015019849801501985 0.026869731302686974 0.021399786002139976 0.016099839001609984 0.02784972150278497 0.02615973840261597 0.00847991520084799 0.02844971550284497 0.030879691203087967 0.004389956100438995 0.006189938100618994 0.00041999580004199955 0.005499945000549994 0.007659923400765992 0.013699863001369985 0.024489755102448975 0.026309736902630974 0.004619953800461995 0.019839801601983977 0.024889751102488974 0.012729872701272986 9.99990000099999e-05 0.008229917700822991 0.029829701702982967 0.008599914000859991 0.025369746302536973 0.020709792902070978 0.02882971170288297 0.01610983890161098 0.023139768602313975 0.005069949300506994 0.01765982340176598 0.013029869701302986 0.01951980480195198 0.02838971610283897 0.014869851301486983 0.002589974100258997 0.00830991690083099 0.022109778902210976 0.019789802101978976 0.01982980170198298 0.014569854301456985 0.013429865701342985 0.02634973650263497 0.004509954900450995 0.020799792002079976 0.022719772802271977 0.025779742202577973 0.024309756902430972 
0.011340113401134009 0.03208032080320802 0.027040270402704025 0.038300383003830034 0.019100191001910016 0.01231012310123101 0.010480104801048008 0.038980389803898036 0.008950089500895007 0.020510205102051017 0.0018900189001890015 0.016010160101601015 0.017250172501725017 0.0076700767007670066 0.008660086600866007 0.02399023990239902 0.005270052700527005 0.019620196201962016 0.011370113701137009 0.011110111101111009 0.005860058600586005 0.04010040100401003 0.0017800178001780014 0.0054200542005420045 0.001120011200112001 0.0019000190001900016 0.002000020000200002 0.01162011620116201 0.024160241602416022 0.014930149301493013 0.02187021870218702 0.017020170201702014 0.02219022190221902 0.04105041050410504 0.026630266302663023 0.0028400284002840026 0.030230302303023024 0.004210042100421004 0.02334023340233402 0.001090010900109001 0.03557035570355703 0.00039000390003900035 0.02546025460254602 0.02564025640256402 0.02642026420264202 0.03202032020320203 0.028330283302833024 0.004750047500475004 0.002000020000200002 0.02677026770267702 0.029250292502925025 0.014830148301483012 0.024900249002490018 0.03088030880308803 0.03623036230362303 0.0013500135001350013 0.013910139101391012 
0.029840298402984033 0.030390303903039036 0.032540325403254036 0.01591015910159102 0.006320063200632007 0.011750117501175014 0.020550205502055024 0.011420114201142013 0.029640296402964034 0.026880268802688033 0.01636016360163602 0.031420314203142036 0.003200032000320004 0.018790187901879023 0.01864018640186402 0.023360233602336026 0.004300043000430005 0.011590115901159014 0.0019300193001930024 0.02443024430244303 0.020760207602076024 0.005870058700587007 0.01714017140171402 0.009390093900939011 0.009360093600936011 0.024470244702447026 0.0019000190001900023 0.010940109401094012 0.022970229702297028 0.023810238102381028 0.024200242002420026 0.023340233402334026 0.03180031800318004 0.02606026060260603 0.019750197501975025 0.03300033000330004 0.012650126501265015 0.011800118001180013 0.014770147701477018 0.017110171101711022 0.027550275502755035 0.022400224002240027 0.00015000150001500016 0.011690116901169015 0.029120291202912034 0.020990209902099027 0.014910149101491018 0.005130051300513006 0.019720197201972024 0.005660056600566007 0.002220022200222003 0.011180111801118013 0.01772017720177202 0.01685016850168502 0.03194031940319404 0.02485024850248503 0.007560075600756009 
0.02009060271808154 0.006880206406192185 0.011730351910557315 0.02497074912247367 0.02909087272618178 0.029260877826334786 0.006940208206246187 0.0334810044301329 0.029910897326919803 0.0006900207006210185 0.028500855025650768 0.019120573617208515 0.02790083702511075 0.01734052021560647 0.026600798023940712 0.009050271508145243 0.005100153004590138 0.016260487814634437 0.0032600978029340873 0.010610318309549284 0.011470344110323308 0.006360190805724171 0.007510225306759202 0.03392101763052891 0.0008500255007650228 0.0013000390011700348 0.019880596417892533 0.0019400582017460523 0.002640079202376071 0.00633018990569717 0.011430342910287307 0.02815084452533576 0.025400762022860682 0.018890566717001508 0.03434103023090693 0.0003700111003330099 0.032120963628908865 0.009750292508775262 0.005730171905157154 0.029900897026910803 0.004980149404482134 0.013960418812564376 0.02455073652209566 0.0335210056301689 0.009590287708631257 0.03092092762782883 0.0018800564016920505 0.018580557416722498 0.0060901827054811635 0.005590167705031151 0.034781043431302935 0.03428102843085292 0.027220816624498732 0.008730261907857235 0.03310099302979089 0.03433102993089792 0.03281098432952988 
0.016599999999999997 0.008259999999999998 0.03699999999999999 0.03371999999999999 0.0005399999999999999 0.017029999999999997 0.012519999999999996 0.010679999999999999 0.013429999999999996 0.023359999999999995 0.029949999999999994 0.03348999999999999 0.025339999999999994 0.004809999999999999 0.02481999999999999 0.003589999999999999 0.013789999999999997 0.026749999999999993 0.03513999999999999 0.008969999999999999 0.008329999999999999 0.010569999999999998 0.0019699999999999995 5.999999999999999e-05 0.004769999999999999 0.035519999999999996 0.015029999999999996 0.03280999999999999 0.017629999999999996 0.025629999999999993 0.0023999999999999994 0.021079999999999998 0.02549999999999999 0.011109999999999998 0.037239999999999995 0.012819999999999996 0.006169999999999998 0.030659999999999993 0.028889999999999992 0.0008299999999999998 0.02438999999999999 0.012449999999999996 0.014229999999999996 0.03289999999999999 0.029819999999999992 0.012479999999999996 0.005989999999999998 0.006879999999999998 0.0012899999999999997 0.0015499999999999995 0.006589999999999999 0.02421999999999999 0.014589999999999997 0.027929999999999993 0.020209999999999995 0.02745999999999999 0.028209999999999992 
0.013339333033348333 0.023498825058747064 0.011029448527573623 0.023708814559272037 0.008669566521673918 0.019189040547972602 0.03252837358132094 0.01641917904104795 0.018719064046797664 0.015319234038298088 0.004459777011149443 0.002729863506824659 0.008929553522323885 0.01384930753462327 0.0032298385080745964 0.032098395080245985 0.014059297035148244 0.0035198240087995604 0.00019999000049997502 0.01649917504124794 0.03326833658317085 0.002389880505974702 0.008499575021248939 0.012849357532123396 0.022078896055197243 0.027598620068996552 0.008899555022248888 0.010239488025598723 0.027078646067696617 0.013989300534973253 0.03585820708964552 0.03051847407629619 0.017159142042897858 0.028788560571971405 0.01976901154942253 0.004339783010849458 0.019749012549372533 0.004639768011599421 0.007459627018649068 0.029258537073146348 0.01712914354282286 0.034528273586320685 0.01047947602619869 0.011199440027998601 0.02514874256287186 0.01409929503524824 0.021848907554622272 0.021168941552922357 0.026968651567421634 0.03540822958852057 0.03557822108894556 0.005879706014699265 0.030158492075396233 0.03187840607969602 0.011169441527923605 0.005049747512624369 0.015879206039698016 
0.024729752702472976 0.026339736602633976 0.018349816501834985 0.02139978600213998 0.018629813701862986 0.02714972850271498 0.026229737702622977 0.013209867901320988 0.02419975800241998 0.020759792402075983 0.0031699683003169974 0.0018399816001839985 0.027029729702702975 0.02476975230247698 0.026829731702682977 0.02250977490225098 0.015229847701522988 0.010019899801001991 0.024449755502444978 0.015129848701512986 0.02576974230257698 0.027809721902780977 0.013379866201337989 0.017319826801731983 0.014559854401455987 0.01994980050199498 0.007739922600773994 0.0044699553004469966 0.004369956300436996 0.002279977200227998 0.02251977480225198 0.014449855501444987 0.005209947900520996 0.027549724502754978 0.029249707502924976 0.01091989080109199 0.015789842101578987 0.025639743602563977 0.02673973260267398 0.02326976730232698 0.029029709702902976 0.0037499625003749966 0.009229907700922992 0.0025799742002579978 0.008369916300836994 0.008089919100808992 0.02559974400255998 0.017209827901720987 0.02377976220237798 0.017299827001729984 0.026539734602653978 0.019829801701982983 0.023149768502314982 0.013739862601373989 0.008329916700832994 0.026579734202657978 0.005929940700592995 
0.005790173705211155 0.028930867926037773 0.029130873926217778 0.01913057391721751 0.01269038071142134 0.017290518715561462 0.019670590117703526 0.02500075002250067 0.020370611118333545 0.01009030270908127 0.022600678020340603 0.011120333610008297 0.027840835225056745 0.01800054001620048 0.0036201086032580966 0.02121063631908957 0.012450373511205332 0.015100453013590405 0.0031300939028170837 0.028960868826064773 0.025630768923067686 0.009940298208946265 0.023840715221456636 0.007890236707101211 0.005250157504725141 0.030600918027540818 0.020730621918657554 0.020080602418072538 0.022100663019890592 0.028960868826064773 0.01566046981409442 0.01790053701611048 0.01275038251147534 0.010300309009270276 0.019650589517685526 0.0224006720201606 0.019220576617298514 0.030410912327369814 0.027450823524705733 0.012320369611088329 0.02500075002250067 0.011870356110683319 0.016190485714571434 0.007030210906327188 0.02086062581877456 0.012600378011340337 0.025430762922887682 0.0260707821234637 0.02669080072402171 0.010570317109513283 0.01306039181175435 0.023580707421222633 0.010880326409792291 0.00784023520705621 0.004780143404302128 0.0014900447013410398 0.02083062491874756 
0.02937000000000001 0.033160000000000016 0.03228000000000002 0.020700000000000007 0.006550000000000003 0.015760000000000007 0.02631000000000001 0.004740000000000002 0.002980000000000001 0.007160000000000002 0.015040000000000005 0.033750000000000016 0.015740000000000007 0.002510000000000001 0.0012100000000000004 0.024670000000000008 0.03195000000000001 0.03179000000000001 0.007860000000000004 0.013430000000000004 0.004480000000000001 0.02921000000000001 0.017130000000000006 0.025620000000000007 0.020800000000000006 0.019510000000000007 0.014490000000000005 0.014150000000000005 0.007680000000000003 0.009580000000000003 0.02698000000000001 0.02631000000000001 0.0015200000000000005 0.021040000000000007 0.018590000000000006 0.010860000000000003 0.013400000000000006 0.002650000000000001 0.03437000000000001 0.021860000000000008 0.014380000000000006 0.013690000000000006 0.013980000000000005 0.0070700000000000025 0.02040000000000001 0.007460000000000002 0.03314000000000002 0.002300000000000001 0.014430000000000005 0.021990000000000006 0.022550000000000008 0.034110000000000015 0.009860000000000004 0.025810000000000007 0.01853000000000001 0.02743000000000001 0.015680000000000006 
0.018319267229310827 0.01637934482620695 0.006619735210591576 0.01574937002519899 0.003549858005679773 0.003839846406143754 0.030018799248030078 0.009269629214831408 0.03333866645334187 0.027198912043518257 0.018599256029758808 0.006359745610175593 0.02710891564337426 0.02328906843726251 0.027048918043278268 0.028358865645374185 0.021049158033678652 0.01171953121875125 0.029278828846846124 0.028808847646094152 0.03376864925402984 0.009469621215151392 0.021169153233870645 0.006759729610815567 0.03541858325666973 0.014879404823807047 0.030888764449422023 0.01609935602575897 0.011619535218591256 0.002219911203551858 0.009029638814447422 0.015959361625534976 0.01512939482420703 0.02042918283268669 0.019449222031118752 0.018509259629614812 0.012459501619935203 0.00010999560017599296 0.027238910443582256 0.007139714411423542 0.018499260029598813 0.017879284828606856 0.001059957601695932 0.0038198472061117556 0.015289388424463021 0.005269789208431663 0.03091876324947002 0.002429902803887844 0.004979800807967681 0.007259709611615535 0.010029598816047359 0.034058637654493816 0.02950881964721411 0.009629614815407384 0.03240870365185393 0.03570857165713371 0.02759889604415823 
0.018230364607292146 0.02371047420948419 0.014290285805716115 0.004490089801796036 0.02979059581191624 0.01900038000760015 0.006580131602632053 0.014040280805616112 0.01990039800796016 0.009200184003680074 0.009280185603712075 0.0023000460009200184 0.008820176403528071 0.027590551811036222 0.0372507450149003 0.01972039440788816 0.011530230604612092 0.022700454009080183 0.004290085801716035 0.0009400188003760075 0.01500030000600012 0.008100162003240064 0.03565071301426029 0.0373007460149203 0.007970159403188064 0.020870417408348167 0.003960079201584032 0.030500610012200245 0.011940238804776095 0.026780535610712218 0.03367067341346827 0.002200044000880018 0.02371047420948419 0.031110622212444247 0.016600332006640132 0.03284065681313626 0.0368807376147523 0.0018900378007560151 0.027460549210984217 0.005350107002140042 0.007930158603172062 0.024070481409628194 0.025080501610032203 0.0031100622012440247 0.026740534810696215 0.03228064561291226 0.0015800316006320126 0.010140202804056081 0.011040220804416087 0.0017200344006880136 0.01774035480709614 0.0036900738014760295 0.03356067121342427 0.028250565011300226 0.02342046840936819 0.026810536210724215 0.009390187803756077 
0.008759824803503931 0.002409951800963981 0.002109957800843983 0.03337933241335174 0.00127997440051199 0.020699586008279838 0.017819643607127858 0.030519389612207758 0.01397972040559189 0.021349573008539832 0.029659406811863763 0.023429531409371814 0.01762964740705186 0.014079718405631889 0.03202935941281175 0.0018199636007279855 0.028389432211355772 0.01009979800403992 0.026119477610447795 9.999800003999921e-05 0.03039939201215976 0.024519509609807807 0.006549869002619948 0.022629547409051824 0.03203935921281575 0.032849343013139735 0.02775944481110378 0.00769984600307994 0.007829843403131939 0.009329813403731926 0.0034299314013719728 0.019519609607807846 0.0007799844003119938 0.0025899482010359794 0.025559488810223796 0.015919681606367874 0.02888942221155577 0.015639687206255876 0.0005799884002319954 0.009519809603807926 0.019409611807763846 0.008259834803303934 0.001999960000799984 0.0252794944101118 0.026149477010459794 0.031299374012519754 0.01378972420551589 0.028199436011279777 0.007759844803103939 0.018289634207315855 0.027649447011059782 0.027419451610967784 0.028619427611447774 0.027339453210935782 0.025949481010379794 0.012439751204975901 0.010449791004179917 
0.027390273902739026 0.013050130501305011 0.012500125001250011 0.02219022190221902 0.02272022720227202 0.02462024620246202 0.03146031460314603 0.004930049300493004 0.010420104201042009 0.032320323203232026 0.013550135501355011 0.005410054100541004 0.03186031860318603 0.02471024710247102 0.0025200252002520024 0.0071900719007190065 0.019140191401914017 0.02437024370243702 0.013480134801348012 0.019340193401934016 0.003660036600366003 0.030890308903089025 0.02116021160211602 0.027250272502725024 0.030180301803018023 0.013060130601306012 0.020840208402084018 0.017120171201712015 0.005790057900579005 0.032300323003230026 0.0046000460004600036 0.01162011620116201 0.029910299102991023 0.031100311003110025 0.01258012580125801 0.009770097700977007 0.004580045800458003 0.026660266602666023 0.027170271702717023 0.02422024220242202 0.016310163101631015 0.008740087400874006 0.0005300053000530004 0.026300263002630022 0.031030310303103024 0.009890098900989007 0.009080090800908007 0.004750047500475004 0.02395023950239502 0.013780137801378012 0.03185031850318503 0.008870088700887006 0.01570015700157001 0.018210182101821015 0.028750287502875026 0.002150021500215002 0.0024700247002470022 
0.00029000290002900025 0.019960199601996017 0.015420154201542014 0.03410034100341003 0.018400184001840018 0.03187031870318703 0.018330183301833017 0.017470174701747016 0.011870118701187012 0.016960169601696017 0.01082010820108201 0.03386033860338603 0.02298022980229802 0.000970009700097001 0.00022000220002200022 0.006740067400674007 0.03403034030340303 0.017470174701747016 0.013650136501365014 0.005220052200522005 0.0011700117001170011 0.005400054000540005 0.02072020720207202 0.011410114101141011 0.003150031500315003 0.011800118001180011 0.007720077200772008 0.008770087700877009 0.015210152101521015 0.0018100181001810018 0.026580265802658026 0.03041030410304103 0.01113011130111301 0.025190251902519025 0.032340323403234034 7.000070000700006e-05 0.001140011400114001 0.00977009770097701 0.033980339803398034 0.015150151501515014 0.021400214002140018 0.023090230902309022 0.03279032790327903 0.03058030580305803 0.031720317203172026 0.03277032770327703 0.016980169801698013 0.019220192201922018 0.03322033220332203 0.03039030390303903 0.013900139001390012 0.006090060900609005 0.02949029490294903 0.010880108801088011 0.023050230502305022 0.009170091700917008 0.03170031700317003 
0.019280964048202405 0.008390419520976048 0.02017100855042752 0.0012300615030751535 0.022151107555377764 0.025491274563728183 0.01745087254362718 0.0152207610380519 0.012200610030501524 0.029831491574578723 0.036931846592329606 0.00064003200160008 0.011490574528726436 0.03380169008450422 0.02435121756087804 0.01648082404120206 0.009500475023751186 0.004880244012200609 0.03575178758937946 0.03596179808990449 0.02313115655782789 0.006780339016950846 0.02954147707385369 0.014760738036901843 0.022811140557027848 0.00497024851242562 0.010770538526926346 0.0014600730036501823 0.02234111705585279 0.008520426021301064 0.016540827041352065 0.01610080504025201 0.006060303015150757 0.028611430571528575 0.02786139306965348 0.003620181009050452 0.037591879593979693 0.012600630031501574 0.015640782039101953 0.006760338016900845 0.029181459072953646 0.007160358017900894 0.03462173108655432 0.009120456022801138 0.001650082504125206 0.02036101805090254 0.01753087654382719 0.03167158357917895 0.03058152907645382 0.021861093054652732 0.011650582529126456 0.027761388069403467 0.00866043302165108 0.00696034801740087 0.01456072803640182 0.0016200810040502022 0.027361368068403415 
0.016890168901689012 0.02728027280272802 0.015290152901529012 0.015070150701507013 0.011070110701107009 0.017320173201732014 0.02196021960219602 0.02211022110221102 0.020100201002010015 0.017400174001740012 0.030560305603056025 0.0027900279002790024 0.01158011580115801 0.017790177901779017 0.030430304303043023 0.023040230402304022 0.024160241602416022 0.02281022810228102 0.02238022380223802 0.007880078800788006 0.014670146701467013 0.03410034100341003 0.02569025690256902 0.014160141601416012 0.030910309103091026 0.020180201802018016 0.0009900099000990008 0.013180131801318011 0.02289022890228902 0.015520155201552014 0.008000080000800007 0.0068400684006840054 0.01291012910129101 0.0008500085000850007 0.021560215602156017 0.007000070000700006 0.017780177801778017 0.008480084800848007 0.029170291702917028 0.007040070400704006 0.030310303103031025 0.016790167901679014 0.014200142001420012 0.025800258002580023 0.005970059700597005 0.021480214802148016 0.02271022710227102 0.019130191301913017 0.003340033400334003 0.018100181001810017 0.014220142201422013 0.025740257402574022 0.003020030200302003 0.020590205902059018 0.026460264602646024 0.013300133001330011 0.029000290002900025 
0.00585 0.00067 0.01804 0.02721 0.02016 0.01371 0.00898 0.00921 0.0033 0.01933 0.0214 0.00215 0.00285 0.02605 0.03045 0.02975 0.00434 0.01465 0.01606 0.01883 0.01535 0.02659 0.00783 0.02742 0.02148 0.02526 0.02907 0.01162 0.01022 0.01617 0.024 0.01347 0.01035 0.01224 0.00514 0.02739 0.0333 0.02476 0.01588 0.03506 0.02154 0.02021 0.03085 0.03044 0.0316 0.02173 0.03146 0.00803 0.01667 0.00811 0.02137 2e-05 0.01107 0.02926 0.01514 0.00019 0.01672 
0.00862 0.02434 0.0091 0.03113 0.02135 0.02058 0.01392 0.0318 0.00604 0.01448 0.03087 0.00817 3e-05 0.01512 0.01928 0.03083 0.02385 0.00688 0.02642 0.00992 0.00402 0.02699 0.01669 0.03241 0.02717 0.02314 0.03116 0.0211 0.01155 0.02568 0.01186 0.02537 0.0323 0.01619 0.0305 0.01074 0.029 0.00653 0.01449 0.00464 0.00246 0.00199 0.01592 0.01412 0.02155 0.00694 0.03333 0.0023 0.00866 0.02604 0.03058 0.02481 0.01005 0.00718 0.02193 0.00204 0.01584 
0.031029379412411753 0.005749885002299954 0.001129977400451991 0.006019879602407952 0.005659886802263955 0.02390952180956381 0.0013499730005399895 0.03058938821223576 0.028429431411371775 0.020719585608287835 0.020829583408331836 0.0253594928101438 0.013369732605347894 0.0036099278014439713 0.03133937321253575 0.0006599868002639948 0.016099678006439872 0.0017199656006879863 0.0030599388012239755 0.027059458810823788 0.004919901601967961 0.007389852202955942 0.015759684806303874 0.02400951980960381 0.026269474610507795 0.033119337613247736 0.024429511409771808 0.019929601407971842 0.010919781604367913 0.029939401211975764 0.01906961860762785 0.022189556208875826 0.019899602007959843 0.0076698466030679395 0.02139957200855983 0.010849783004339914 0.01375972480550389 0.0024299514009719805 0.013829723405531891 0.02666946661066779 2.9999400011999763e-05 0.028109437811243778 0.03254934901301974 0.03562928741425172 0.014689706205875884 0.029889402211955764 0.011179776404471911 0.025579488410231797 0.009649807003859924 0.03424931501369973 0.029809403811923763 0.024589508209835808 0.001999960000799984 0.0053298934021319576 0.010319793604127919 0.03734925301493971 0.016899662006759866 
0.0061 0.0092 0.02279 0.01034 0.0307 0.0104 0.03234 0.00571 0.00189 0.02648 0.0237 0.03091 0.02139 0.00907 0.01817 0.00097 0.02132 0.01921 0.02092 0.00711 0.03134 0.02603 0.02568 0.02594 0.01391 0.0191 0.0139 0.02272 0.01323 0.00735 0.01171 0.02015 0.01153 0.00307 0.02609 0.03113 0.00673 0.01218 0.0254 0.00902 0.03253 0.02568 0.02232 0.02295 0.02766 0.02375 0.00162 0.00634 0.02655 0.01968 0.00569 0.01564 0.02277 0.00976 0.00783 0.02248 0.02182 
0.0029899402011959765 0.016599668006639867 0.02769944601107978 0.011019779604407913 0.0027999440011199778 0.011759764804703907 0.027209455810883788 0.014759704805903884 0.02677946441071179 0.03290934181316374 0.01040979180416392 0.03242935141297174 0.007479850402991941 0.005399892002159958 0.0011999760004799903 0.031069378612427756 0.018419631607367853 0.015289694206115879 0.014559708805823884 0.004909901801963962 0.02417951640967181 0.01516969660606788 0.017309653806923862 0.029749405011899762 0.006419871602567949 0.013309733805323895 0.006489870202595949 0.0013199736005279896 0.022319553608927824 0.02122957540849183 0.02657946841063179 0.008569828603427932 0.01637967240655187 0.014219715605687888 0.02632947341053179 0.014089718205635888 0.014499710005799886 0.015289694206115879 0.028479430411391775 0.013999720005599889 0.009269814603707927 0.009159816803663927 0.031249375012499754 0.03170936581268375 0.004219915601687966 0.029449411011779766 0.028739425211495775 0.018289634207315855 0.004869902601947962 0.022039559208815826 0.024969500609987802 0.015859682806343874 0.018389632207355854 0.02621947561048779 0.012239755204895902 0.03283934321313574 0.028859422811543772 
0.03575964240357596 0.01790982090179098 0.00852991470085299 0.01793982060179398 0.007869921300786991 0.012239877601223987 0.022929770702292976 0.022139778602213975 0.0065499345006549935 0.030469695303046967 0.011139888601113989 0.03337966620333797 0.024329756702432974 0.03613963860361396 0.030509694903050968 0.011979880201197987 0.01684983150168498 0.02605973940260597 0.010179898201017988 0.012789872101278986 0.03086969130308697 0.01718982810171898 0.005049949500504995 0.029819701802981966 0.011519884801151988 0.004789952100478995 0.023519764802351975 0.01829981700182998 0.016379836201637982 0.0044299557004429954 0.02589974100258997 0.0020799792002079978 0.035439645603543964 0.0009999900000999989 0.001959980400195998 0.0009099909000909991 0.021469785302146976 0.00865991340086599 0.0009999900000999989 0.012409875901240985 0.0065399346006539925 0.012479875201247987 0.02860971390286097 0.03621963780362197 0.03285967140328597 0.02616973830261697 0.010789892101078988 0.025029749702502973 0.00821991780082199 0.01894981050189498 0.00957990420095799 0.020809791902080977 0.03145968540314597 0.012009879901200986 0.014529854701452984 0.024989750102498973 0.012359876401235986 
0.025310253102531027 0.020440204402044023 0.016030160301603015 0.030030300303003032 0.01995019950199502 0.022840228402284023 0.02787027870278703 0.022670226702267024 0.025110251102511028 0.011030110301103012 0.03137031370313704 0.019980199801998024 0.033290332903329035 0.011060110601106012 0.02276022760227602 0.02072020720207202 0.010320103201032011 0.02578025780257803 0.0024700247002470027 0.032250322503225036 0.0060400604006040064 0.03029030290302903 0.026590265902659026 0.000960009600096001 0.02998029980299803 0.01014010140101401 0.02905029050290503 0.006940069400694008 0.03321033210332104 0.005930059300593007 0.0054400544005440065 0.021790217902179023 0.005120051200512006 0.01853018530185302 0.00816008160081601 0.011530115301153013 0.0013600136001360016 0.02983029830298303 3.0000300003000033e-05 0.0033500335003350036 0.014490144901449014 0.0027300273002730025 0.001970019700197002 0.026330263302633026 0.014200142001420016 0.00915009150091501 0.033540335403354035 0.005930059300593007 0.006760067600676008 0.0013800138001380015 0.012910129101291013 0.02890028900289003 0.03287032870328704 0.03208032080320803 0.030300303003030032 0.013320133201332015 0.017580175801758018 
0.009860295808874266 0.015330459913797414 0.006560196805904177 0.027890836725101755 0.007200216006480194 0.01554046621398642 0.03029090872726182 0.018060541816254487 0.025430762922887686 0.03316099482984489 0.022290668720061604 0.011210336310089301 0.01997059911797354 0.022360670820124606 0.03071092132763983 0.02849085472564177 0.013160394811844355 0.017570527115813472 0.003600108003240097 0.03132093962818885 0.01887056611698351 0.004430132903987119 0.010070302109063272 0.01968059041771253 0.024160724821744653 0.001920057601728052 0.01183035491064732 0.009090272708181246 0.008310249307479223 0.009040271208136243 0.0005500165004950149 0.007660229806894207 0.004830144904347131 0.0015100453013590408 0.01776053281598448 0.026100783023490705 0.021020630618918568 0.02675080252407572 0.025060751822554676 0.01186035581067432 0.007460223806714201 0.015760472814184426 0.004470134104023121 0.028430852925587766 0.022300669020070604 0.026100783023490705 7.000210006300188e-05 0.027280818424552735 0.03108093242797284 0.015850475514265428 0.012110363310899326 0.032380971429142875 0.02671080132403972 0.023260697820934626 0.026850805524165723 0.03383101493044791 0.01553046591397742 
0.0020499590008199835 0.013329733405331891 0.02826943461130777 0.0031099378012439745 0.002369952600947981 0.021599568008639825 0.033249335013299734 0.012249755004899901 0.027849443011139775 0.02350952980940381 0.022589548209035814 0.03441931161376772 0.0125397492050159 0.0030299394012119757 0.028639427211455765 0.01341973160536789 0.03187936241275174 0.015379692406151875 0.015159696806063877 0.015989680206395872 0.005189896202075958 0.03233935321293574 0.00737985240295194 0.0005499890002199955 0.01834963300733985 0.0052498950020999574 0.0010599788004239912 0.01596968060638787 0.024509509809803803 1.999960000799984e-05 0.012159756804863902 0.029349413011739763 0.014329713405731885 0.024039519209615803 0.03385932281354372 0.030189396212075757 0.0026299474010519786 0.005089898202035958 0.01838963220735585 0.034149317013659725 0.02748945021099578 0.01591968160636787 0.024989500209995796 0.02738945221095578 0.0006699866002679946 0.03338933221335573 0.022579548409031817 0.02285954280914381 0.02235955280894382 0.014309713805723883 0.013329733405331891 0.00487990240195196 0.011919761604767903 0.0246095078098438 0.009309813803723924 0.02587948241035179 0.022679546409071813 
0.028540570811416224 0.01008020160403208 0.02063041260825216 0.006960139202784055 0.01142022840456809 0.03355067101342027 0.015130302606052118 0.02668053361067221 0.02277045540910818 0.03666073321466429 0.03382067641352827 0.01727034540690814 0.0031300626012520246 0.008210164203284066 0.028100562011240223 0.0038400768015360307 0.02017040340806816 0.027020540410808213 0.024580491609832195 0.001760035200704014 0.005230104602092041 0.01890037800756015 0.008740174803496068 0.0008700174003480069 0.017970359407188143 0.034310686213724274 0.025220504410088197 0.013050261005220104 0.024020480409608188 0.008830176603532068 0.010370207404148082 0.037050741014820296 0.0011100222004440088 0.028610572211444227 0.0073401468029360584 0.01769035380707614 0.03573071461429228 0.01926038520770415 0.031710634212684254 0.006940138802776055 0.01997039940798816 0.007400148002960059 0.02045040900818016 0.01773035460709214 0.030140602812056237 0.003930078601572032 0.03244064881297625 0.0038400768015360307 0.003270065401308026 0.008650173003460068 0.01752035040700814 0.030430608612172238 0.028070561411228222 0.0033900678013560268 0.02219044380887618 0.008500170003400068 0.008790175803516069 

emissions
0 1 1 1 1 1 1 1 1 1 1 1 1 1 1 1 1 1 1 1 1 1 1 1 1 1 1 1 1 1 1 1 1 1 1 1 1 1 1 1 1 1 1 1 1 1 1 1 1 1 1 1 1 1 1 1 1 
1 0 0 0 0 0 0 0 0 0 0 0 0 0 0 0 0 0 0 0 0 0 0 0 0 0 0 0 0 0 0 0 0 0 0 0 0 0 0 0 0 0 0 0 0 0 0 0 0 0 0 0 0 0 0 0 0 
