states
0 1 2 3 4 5 6 7 8 9 10 11 12 13 14 15 16 17 18 19 20 21 22 23 24 25 26 27 28 29 30 31 32 33 34 35 36 37 38 39 40 41 42 43 44 45 46 47 48 49 50 51 52 53 54 55 56 
labels
init empty 
initial
0.0 0.0 0.0 0.0 0.0 0.0 0.0 0.0 0.0 0.0 0.0 0.0 0.0 0.0 0.0 0.0 0.0 0.0 0.0 0.0 0.0 0.0 0.0 0.0 0.0 0.0 0.0 0.0 0.0 0.0 0.0 0.0 0.0 0.0 0.0 0.0 0.0 0.0 0.0 0.0 0.0 0.0 0.0 0.0 0.0 0.0 0.0 0.0 0.0 0.0 0.0 0.0 0.0 0.0 0.0 0.0 1.0
transitions
0.019736842105263157 0.003289473684210526 0.013157894736842105 0.013157894736842105 0.02631578947368421 0.03289473684210526 0.013157894736842105 0.019736842105263157 0.009868421052631578 0.01644736842105263 0.02631578947368421 0.023026315789473683 0.029605263157894735 0.029605263157894735 0.006578947368421052 0.023026315789473683 0.02631578947368421 0.02631578947368421 0.029605263157894735 0.006578947368421052 0.019736842105263157 0.03289473684210526 0.029605263157894735 0.03289473684210526 0.01644736842105263 0.013157894736842105 0.003289473684210526 0.013157894736842105 0.019736842105263157 0.003289473684210526 0.009868421052631578 0.013157894736842105 0.029605263157894735 0.006578947368421052 0.013157894736842105 0.013157894736842105 0.013157894736842105 0.02631578947368421 0.003289473684210526 0.006578947368421052 0.03289473684210526 0.03289473684210526 0.003289473684210526 0.01644736842105263 0.02631578947368421 0.013157894736842105 0.009868421052631578 0.02631578947368421 0.009868421052631578 0.003289473684210526 0.003289473684210526 0.01644736842105263 0.019736842105263157 0.019736842105263157 0.023026315789473683 0.029605263157894735 0.0 
0.017421602787456438 0.006968641114982575 0.017421602787456438 0.034843205574912876 0.03135888501742159 0.006968641114982575 0.006968641114982575 0.0278745644599303 0.034843205574912876 0.034843205574912876 0.01393728222996515 0.024390243902439015 0.0278745644599303 0.010452961672473863 0.0034843205574912875 0.01393728222996515 0.020905923344947726 0.034843205574912876 0.017421602787456438 0.017421602787456438 0.024390243902439015 0.017421602787456438 0.017421602787456438 0.01393728222996515 0.017421602787456438 0.017421602787456438 0.03135888501742159 0.017421602787456438 0.01393728222996515 0.0278745644599303 0.020905923344947726 0.020905923344947726 0.0034843205574912875 0.006968641114982575 0.020905923344947726 0.034843205574912876 0.01393728222996515 0.0034843205574912875 0.020905923344947726 0.0034843205574912875 0.006968641114982575 0.010452961672473863 0.017421602787456438 0.010452961672473863 0.0034843205574912875 0.01393728222996515 0.010452961672473863 0.0034843205574912875 0.0278745644599303 0.020905923344947726 0.034843205574912876 0.0034843205574912875 0.010452961672473863 0.0278745644599303 0.010452961672473863 0.034843205574912876 0.0 
0.010344827586206895 0.013793103448275858 0.013793103448275858 0.010344827586206895 0.013793103448275858 0.017241379310344824 0.006896551724137929 0.010344827586206895 0.03448275862068965 0.006896551724137929 0.017241379310344824 0.02413793103448275 0.031034482758620682 0.010344827586206895 0.013793103448275858 0.0034482758620689646 0.0034482758620689646 0.02413793103448275 0.0034482758620689646 0.02413793103448275 0.013793103448275858 0.013793103448275858 0.031034482758620682 0.031034482758620682 0.031034482758620682 0.010344827586206895 0.013793103448275858 0.010344827586206895 0.0034482758620689646 0.031034482758620682 0.031034482758620682 0.013793103448275858 0.031034482758620682 0.010344827586206895 0.031034482758620682 0.017241379310344824 0.013793103448275858 0.0034482758620689646 0.017241379310344824 0.013793103448275858 0.02413793103448275 0.03448275862068965 0.031034482758620682 0.0034482758620689646 0.031034482758620682 0.02068965517241379 0.03448275862068965 0.0034482758620689646 0.03448275862068965 0.02413793103448275 0.02068965517241379 0.013793103448275858 0.006896551724137929 0.031034482758620682 0.0034482758620689646 0.017241379310344824 0.0 
0.027624309392265196 0.019337016574585638 0.01657458563535912 0.022099447513812157 0.024861878453038676 0.024861878453038676 0.027624309392265196 0.00828729281767956 0.024861878453038676 0.019337016574585638 0.019337016574585638 0.027624309392265196 0.005524861878453039 0.019337016574585638 0.024861878453038676 0.024861878453038676 0.011049723756906079 0.00828729281767956 0.011049723756906079 0.019337016574585638 0.011049723756906079 0.019337016574585638 0.01657458563535912 0.022099447513812157 0.0027624309392265197 0.024861878453038676 0.013812154696132598 0.019337016574585638 0.01657458563535912 0.024861878453038676 0.00828729281767956 0.011049723756906079 0.027624309392265196 0.022099447513812157 0.01657458563535912 0.011049723756906079 0.013812154696132598 0.01657458563535912 0.011049723756906079 0.011049723756906079 0.022099447513812157 0.027624309392265196 0.027624309392265196 0.027624309392265196 0.022099447513812157 0.011049723756906079 0.00828729281767956 0.011049723756906079 0.027624309392265196 0.022099447513812157 0.022099447513812157 0.01657458563535912 0.005524861878453039 0.00828729281767956 0.00828729281767956 0.024861878453038676 0.0 
0.007168458781362005 0.02150537634408602 0.032258064516129024 0.017921146953405014 0.0035842293906810027 0.01075268817204301 0.02150537634408602 0.02150537634408602 0.0035842293906810027 0.032258064516129024 0.007168458781362005 0.007168458781362005 0.0035842293906810027 0.01433691756272401 0.032258064516129024 0.032258064516129024 0.017921146953405014 0.017921146953405014 0.0035842293906810027 0.03584229390681003 0.01433691756272401 0.02867383512544802 0.01433691756272401 0.01075268817204301 0.007168458781362005 0.007168458781362005 0.01075268817204301 0.007168458781362005 0.017921146953405014 0.01075268817204301 0.02150537634408602 0.02150537634408602 0.02150537634408602 0.01075268817204301 0.02150537634408602 0.02867383512544802 0.02867383512544802 0.02508960573476702 0.007168458781362005 0.02508960573476702 0.02867383512544802 0.01075268817204301 0.01433691756272401 0.007168458781362005 0.03584229390681003 0.02150537634408602 0.03584229390681003 0.03584229390681003 0.01075268817204301 0.0035842293906810027 0.03584229390681003 0.007168458781362005 0.03584229390681003 0.0035842293906810027 0.02508960573476702 0.0035842293906810027 0.0 
0.016666666666666666 0.03 0.016666666666666666 0.013333333333333334 0.013333333333333334 0.03 0.03 0.02666666666666667 0.0033333333333333335 0.013333333333333334 0.03 0.02666666666666667 0.02666666666666667 0.006666666666666667 0.03 0.016666666666666666 0.02666666666666667 0.0033333333333333335 0.016666666666666666 0.03333333333333333 0.0033333333333333335 0.023333333333333334 0.016666666666666666 0.01 0.016666666666666666 0.023333333333333334 0.013333333333333334 0.013333333333333334 0.02666666666666667 0.03 0.02 0.0033333333333333335 0.03 0.02 0.016666666666666666 0.02666666666666667 0.016666666666666666 0.006666666666666667 0.013333333333333334 0.013333333333333334 0.03333333333333333 0.01 0.02 0.01 0.013333333333333334 0.02 0.02666666666666667 0.01 0.02666666666666667 0.006666666666666667 0.023333333333333334 0.02 0.0033333333333333335 0.0033333333333333335 0.013333333333333334 0.006666666666666667 0.0 
0.028011204481792718 0.028011204481792718 0.0196078431372549 0.0196078431372549 0.022408963585434174 0.025210084033613446 0.025210084033613446 0.022408963585434174 0.0028011204481792717 0.025210084033613446 0.0196078431372549 0.025210084033613446 0.028011204481792718 0.025210084033613446 0.011204481792717087 0.0196078431372549 0.0056022408963585435 0.022408963585434174 0.014005602240896359 0.028011204481792718 0.008403361344537815 0.0028011204481792717 0.025210084033613446 0.008403361344537815 0.022408963585434174 0.025210084033613446 0.014005602240896359 0.014005602240896359 0.0056022408963585435 0.022408963585434174 0.0196078431372549 0.028011204481792718 0.014005602240896359 0.0056022408963585435 0.01680672268907563 0.028011204481792718 0.022408963585434174 0.0056022408963585435 0.011204481792717087 0.01680672268907563 0.022408963585434174 0.011204481792717087 0.0196078431372549 0.0196078431372549 0.022408963585434174 0.028011204481792718 0.0056022408963585435 0.028011204481792718 0.0196078431372549 0.0028011204481792717 0.011204481792717087 0.025210084033613446 0.014005602240896359 0.0056022408963585435 0.014005602240896359 0.01680672268907563 0.0 
0.0035842293906810036 0.014336917562724014 0.007168458781362007 0.017921146953405017 0.017921146953405017 0.017921146953405017 0.0035842293906810036 0.0035842293906810036 0.03225806451612903 0.017921146953405017 0.025089605734767026 0.035842293906810034 0.014336917562724014 0.014336917562724014 0.010752688172043012 0.007168458781362007 0.010752688172043012 0.007168458781362007 0.014336917562724014 0.017921146953405017 0.007168458781362007 0.007168458781362007 0.0035842293906810036 0.02867383512544803 0.03225806451612903 0.017921146953405017 0.014336917562724014 0.021505376344086023 0.025089605734767026 0.014336917562724014 0.010752688172043012 0.035842293906810034 0.03225806451612903 0.007168458781362007 0.017921146953405017 0.0035842293906810036 0.03225806451612903 0.014336917562724014 0.035842293906810034 0.021505376344086023 0.021505376344086023 0.007168458781362007 0.02867383512544803 0.03225806451612903 0.025089605734767026 0.017921146953405017 0.02867383512544803 0.014336917562724014 0.021505376344086023 0.014336917562724014 0.025089605734767026 0.017921146953405017 0.02867383512544803 0.014336917562724014 0.0035842293906810036 0.021505376344086023 0.0 
0.03105590062111802 0.012422360248447208 0.024844720496894415 0.01863354037267081 0.01863354037267081 0.02795031055900622 0.003105590062111802 0.02795031055900622 0.012422360248447208 0.02173913043478261 0.03105590062111802 0.012422360248447208 0.009316770186335406 0.024844720496894415 0.003105590062111802 0.012422360248447208 0.003105590062111802 0.012422360248447208 0.02173913043478261 0.006211180124223604 0.03105590062111802 0.009316770186335406 0.03105590062111802 0.01552795031055901 0.03105590062111802 0.006211180124223604 0.012422360248447208 0.009316770186335406 0.01552795031055901 0.03105590062111802 0.024844720496894415 0.01552795031055901 0.03105590062111802 0.01552795031055901 0.006211180124223604 0.009316770186335406 0.024844720496894415 0.009316770186335406 0.012422360248447208 0.03105590062111802 0.024844720496894415 0.02173913043478261 0.02173913043478261 0.009316770186335406 0.012422360248447208 0.02173913043478261 0.003105590062111802 0.02795031055900622 0.003105590062111802 0.024844720496894415 0.02173913043478261 0.01863354037267081 0.03105590062111802 0.02173913043478261 0.01863354037267081 0.009316770186335406 0.0 
0.02631578947368421 0.006578947368421052 0.03289473684210526 0.009868421052631578 0.009868421052631578 0.019736842105263157 0.023026315789473683 0.01644736842105263 0.009868421052631578 0.009868421052631578 0.006578947368421052 0.003289473684210526 0.03289473684210526 0.003289473684210526 0.009868421052631578 0.029605263157894735 0.013157894736842105 0.003289473684210526 0.029605263157894735 0.029605263157894735 0.006578947368421052 0.003289473684210526 0.019736842105263157 0.029605263157894735 0.009868421052631578 0.013157894736842105 0.019736842105263157 0.013157894736842105 0.029605263157894735 0.023026315789473683 0.01644736842105263 0.023026315789473683 0.013157894736842105 0.023026315789473683 0.009868421052631578 0.023026315789473683 0.019736842105263157 0.019736842105263157 0.03289473684210526 0.01644736842105263 0.023026315789473683 0.019736842105263157 0.006578947368421052 0.013157894736842105 0.013157894736842105 0.029605263157894735 0.03289473684210526 0.019736842105263157 0.019736842105263157 0.023026315789473683 0.003289473684210526 0.03289473684210526 0.02631578947368421 0.019736842105263157 0.006578947368421052 0.019736842105263157 0.0 
0.024054982817869424 0.024054982817869424 0.0309278350515464 0.02749140893470791 0.02061855670103093 0.013745704467353955 0.010309278350515465 0.03436426116838489 0.03436426116838489 0.013745704467353955 0.010309278350515465 0.02061855670103093 0.017182130584192445 0.0068728522336769775 0.02061855670103093 0.0309278350515464 0.013745704467353955 0.02061855670103093 0.0309278350515464 0.017182130584192445 0.0068728522336769775 0.02749140893470791 0.0309278350515464 0.0068728522336769775 0.010309278350515465 0.0068728522336769775 0.0068728522336769775 0.02749140893470791 0.02061855670103093 0.0034364261168384888 0.017182130584192445 0.0068728522336769775 0.0068728522336769775 0.024054982817869424 0.024054982817869424 0.0034364261168384888 0.010309278350515465 0.013745704467353955 0.02749140893470791 0.03436426116838489 0.010309278350515465 0.017182130584192445 0.03436426116838489 0.0034364261168384888 0.024054982817869424 0.03436426116838489 0.010309278350515465 0.017182130584192445 0.02749140893470791 0.013745704467353955 0.0034364261168384888 0.02061855670103093 0.017182130584192445 0.0034364261168384888 0.010309278350515465 0.013745704467353955 0.0 
0.006622516556291388 0.026490066225165552 0.006622516556291388 0.013245033112582776 0.01655629139072847 0.006622516556291388 0.026490066225165552 0.01655629139072847 0.003311258278145694 0.009933774834437081 0.026490066225165552 0.01655629139072847 0.003311258278145694 0.009933774834437081 0.023178807947019858 0.03311258278145694 0.009933774834437081 0.01655629139072847 0.03311258278145694 0.03311258278145694 0.019867549668874163 0.01655629139072847 0.01655629139072847 0.03311258278145694 0.029801324503311244 0.006622516556291388 0.019867549668874163 0.026490066225165552 0.003311258278145694 0.006622516556291388 0.013245033112582776 0.03311258278145694 0.009933774834437081 0.029801324503311244 0.009933774834437081 0.01655629139072847 0.029801324503311244 0.009933774834437081 0.03311258278145694 0.029801324503311244 0.026490066225165552 0.029801324503311244 0.009933774834437081 0.013245033112582776 0.013245033112582776 0.023178807947019858 0.003311258278145694 0.013245033112582776 0.023178807947019858 0.013245033112582776 0.03311258278145694 0.023178807947019858 0.013245033112582776 0.009933774834437081 0.009933774834437081 0.009933774834437081 0.0 
0.02422145328719722 0.01730103806228373 0.02422145328719722 0.0034602076124567458 0.01730103806228373 0.03460207612456746 0.010380622837370236 0.0069204152249134916 0.02422145328719722 0.0069204152249134916 0.027681660899653966 0.020761245674740473 0.02422145328719722 0.0069204152249134916 0.02422145328719722 0.02422145328719722 0.02422145328719722 0.02422145328719722 0.010380622837370236 0.020761245674740473 0.010380622837370236 0.010380622837370236 0.013840830449826983 0.010380622837370236 0.03460207612456746 0.013840830449826983 0.03114186851211071 0.020761245674740473 0.01730103806228373 0.020761245674740473 0.0069204152249134916 0.020761245674740473 0.03114186851211071 0.010380622837370236 0.03460207612456746 0.03460207612456746 0.020761245674740473 0.02422145328719722 0.01730103806228373 0.0034602076124567458 0.03114186851211071 0.020761245674740473 0.020761245674740473 0.020761245674740473 0.0069204152249134916 0.0034602076124567458 0.0034602076124567458 0.0034602076124567458 0.0034602076124567458 0.0034602076124567458 0.027681660899653966 0.02422145328719722 0.013840830449826983 0.020761245674740473 0.01730103806228373 0.013840830449826983 0.0 
0.01748251748251748 0.020979020979020976 0.006993006993006991 0.013986013986013983 0.02447552447552447 0.027972027972027965 0.01748251748251748 0.0034965034965034956 0.0034965034965034956 0.027972027972027965 0.013986013986013983 0.013986013986013983 0.0034965034965034956 0.0034965034965034956 0.03496503496503496 0.01748251748251748 0.01748251748251748 0.020979020979020976 0.031468531468531465 0.031468531468531465 0.0034965034965034956 0.006993006993006991 0.020979020979020976 0.03496503496503496 0.03496503496503496 0.02447552447552447 0.006993006993006991 0.01748251748251748 0.0034965034965034956 0.01748251748251748 0.027972027972027965 0.027972027972027965 0.027972027972027965 0.02447552447552447 0.010489510489510488 0.02447552447552447 0.0034965034965034956 0.010489510489510488 0.027972027972027965 0.027972027972027965 0.010489510489510488 0.02447552447552447 0.006993006993006991 0.013986013986013983 0.027972027972027965 0.0034965034965034956 0.020979020979020976 0.01748251748251748 0.020979020979020976 0.020979020979020976 0.013986013986013983 0.031468531468531465 0.0034965034965034956 0.006993006993006991 0.020979020979020976 0.01748251748251748 0.0 
0.00628930817610063 0.01886792452830189 0.003144654088050315 0.022012578616352203 0.028301886792452834 0.028301886792452834 0.022012578616352203 0.01257861635220126 0.015723270440251576 0.015723270440251576 0.01257861635220126 0.022012578616352203 0.01886792452830189 0.03144654088050315 0.028301886792452834 0.00628930817610063 0.01257861635220126 0.028301886792452834 0.00628930817610063 0.01886792452830189 0.028301886792452834 0.003144654088050315 0.01257861635220126 0.02515723270440252 0.00628930817610063 0.02515723270440252 0.028301886792452834 0.003144654088050315 0.02515723270440252 0.01886792452830189 0.03144654088050315 0.03144654088050315 0.022012578616352203 0.028301886792452834 0.02515723270440252 0.01886792452830189 0.03144654088050315 0.00628930817610063 0.003144654088050315 0.003144654088050315 0.01886792452830189 0.022012578616352203 0.01257861635220126 0.022012578616352203 0.00628930817610063 0.02515723270440252 0.02515723270440252 0.003144654088050315 0.02515723270440252 0.022012578616352203 0.003144654088050315 0.015723270440251576 0.009433962264150945 0.02515723270440252 0.01886792452830189 0.009433962264150945 0.0 
0.030100334448160553 0.020066889632107034 0.023411371237458206 0.023411371237458206 0.016722408026755863 0.0066889632107023445 0.020066889632107034 0.016722408026755863 0.020066889632107034 0.020066889632107034 0.023411371237458206 0.013377926421404689 0.030100334448160553 0.0066889632107023445 0.016722408026755863 0.010033444816053517 0.033444816053511725 0.026755852842809378 0.016722408026755863 0.0066889632107023445 0.030100334448160553 0.010033444816053517 0.013377926421404689 0.013377926421404689 0.016722408026755863 0.0066889632107023445 0.023411371237458206 0.010033444816053517 0.020066889632107034 0.016722408026755863 0.033444816053511725 0.0066889632107023445 0.020066889632107034 0.033444816053511725 0.016722408026755863 0.020066889632107034 0.026755852842809378 0.016722408026755863 0.016722408026755863 0.010033444816053517 0.010033444816053517 0.0066889632107023445 0.013377926421404689 0.0033444816053511722 0.0066889632107023445 0.033444816053511725 0.0066889632107023445 0.023411371237458206 0.033444816053511725 0.030100334448160553 0.023411371237458206 0.013377926421404689 0.0033444816053511722 0.026755852842809378 0.013377926421404689 0.010033444816053517 0.0 
0.018072289156626502 0.030120481927710836 0.02409638554216867 0.012048192771084335 0.015060240963855418 0.02409638554216867 0.021084337349397585 0.02409638554216867 0.012048192771084335 0.021084337349397585 0.030120481927710836 0.012048192771084335 0.02409638554216867 0.006024096385542167 0.012048192771084335 0.02409638554216867 0.027108433734939753 0.027108433734939753 0.015060240963855418 0.018072289156626502 0.012048192771084335 0.021084337349397585 0.030120481927710836 0.021084337349397585 0.009036144578313251 0.030120481927710836 0.012048192771084335 0.018072289156626502 0.02409638554216867 0.030120481927710836 0.0030120481927710836 0.02409638554216867 0.006024096385542167 0.009036144578313251 0.018072289156626502 0.0030120481927710836 0.018072289156626502 0.027108433734939753 0.030120481927710836 0.027108433734939753 0.009036144578313251 0.018072289156626502 0.012048192771084335 0.006024096385542167 0.02409638554216867 0.012048192771084335 0.027108433734939753 0.018072289156626502 0.018072289156626502 0.006024096385542167 0.030120481927710836 0.02409638554216867 0.009036144578313251 0.006024096385542167 0.0030120481927710836 0.006024096385542167 0.0 
0.003546099290780141 0.007092198581560282 0.007092198581560282 0.024822695035460987 0.03191489361702127 0.03191489361702127 0.014184397163120564 0.010638297872340424 0.003546099290780141 0.028368794326241127 0.017730496453900707 0.024822695035460987 0.003546099290780141 0.021276595744680847 0.014184397163120564 0.014184397163120564 0.035460992907801414 0.017730496453900707 0.035460992907801414 0.003546099290780141 0.024822695035460987 0.021276595744680847 0.014184397163120564 0.003546099290780141 0.003546099290780141 0.007092198581560282 0.010638297872340424 0.003546099290780141 0.010638297872340424 0.010638297872340424 0.035460992907801414 0.024822695035460987 0.028368794326241127 0.03191489361702127 0.035460992907801414 0.03191489361702127 0.010638297872340424 0.017730496453900707 0.028368794326241127 0.028368794326241127 0.021276595744680847 0.028368794326241127 0.010638297872340424 0.017730496453900707 0.007092198581560282 0.007092198581560282 0.007092198581560282 0.028368794326241127 0.035460992907801414 0.003546099290780141 0.035460992907801414 0.003546099290780141 0.010638297872340424 0.007092198581560282 0.017730496453900707 0.024822695035460987 0.0 
0.0034246575342465743 0.02397260273972602 0.02397260273972602 0.010273972602739724 0.03082191780821917 0.02397260273972602 0.02397260273972602 0.020547945205479447 0.010273972602739724 0.020547945205479447 0.0034246575342465743 0.013698630136986297 0.034246575342465745 0.034246575342465745 0.027397260273972594 0.0034246575342465743 0.017123287671232872 0.006849315068493149 0.013698630136986297 0.020547945205479447 0.027397260273972594 0.02397260273972602 0.010273972602739724 0.027397260273972594 0.013698630136986297 0.017123287671232872 0.034246575342465745 0.027397260273972594 0.0034246575342465743 0.0034246575342465743 0.006849315068493149 0.03082191780821917 0.013698630136986297 0.020547945205479447 0.0034246575342465743 0.006849315068493149 0.006849315068493149 0.013698630136986297 0.027397260273972594 0.034246575342465745 0.013698630136986297 0.027397260273972594 0.0034246575342465743 0.010273972602739724 0.017123287671232872 0.017123287671232872 0.02397260273972602 0.0034246575342465743 0.006849315068493149 0.027397260273972594 0.02397260273972602 0.020547945205479447 0.020547945205479447 0.027397260273972594 0.013698630136986297 0.02397260273972602 0.0 
0.03284671532846715 0.03284671532846715 0.01094890510948905 0.007299270072992699 0.0036496350364963494 0.03284671532846715 0.029197080291970795 0.029197080291970795 0.0036496350364963494 0.018248175182481747 0.03284671532846715 0.0036496350364963494 0.018248175182481747 0.0218978102189781 0.029197080291970795 0.01094890510948905 0.018248175182481747 0.036496350364963494 0.029197080291970795 0.0218978102189781 0.0036496350364963494 0.018248175182481747 0.036496350364963494 0.018248175182481747 0.0036496350364963494 0.01094890510948905 0.0218978102189781 0.0218978102189781 0.014598540145985398 0.0036496350364963494 0.0036496350364963494 0.007299270072992699 0.036496350364963494 0.036496350364963494 0.01094890510948905 0.007299270072992699 0.0036496350364963494 0.007299270072992699 0.025547445255474446 0.014598540145985398 0.018248175182481747 0.014598540145985398 0.025547445255474446 0.018248175182481747 0.01094890510948905 0.014598540145985398 0.025547445255474446 0.014598540145985398 0.014598540145985398 0.03284671532846715 0.007299270072992699 0.014598540145985398 0.014598540145985398 0.007299270072992699 0.0218978102189781 0.014598540145985398 0.0 
0.02745098039215687 0.019607843137254905 0.03529411764705883 0.02352941176470589 0.03137254901960785 0.007843137254901962 0.03529411764705883 0.011764705882352944 0.003921568627450981 0.003921568627450981 0.019607843137254905 0.011764705882352944 0.007843137254901962 0.011764705882352944 0.011764705882352944 0.015686274509803925 0.019607843137254905 0.03137254901960785 0.02352941176470589 0.007843137254901962 0.015686274509803925 0.007843137254901962 0.003921568627450981 0.007843137254901962 0.019607843137254905 0.003921568627450981 0.011764705882352944 0.007843137254901962 0.015686274509803925 0.007843137254901962 0.019607843137254905 0.03137254901960785 0.02352941176470589 0.02745098039215687 0.03921568627450981 0.011764705882352944 0.02352941176470589 0.011764705882352944 0.011764705882352944 0.007843137254901962 0.015686274509803925 0.03529411764705883 0.015686274509803925 0.003921568627450981 0.03137254901960785 0.015686274509803925 0.03529411764705883 0.011764705882352944 0.019607843137254905 0.015686274509803925 0.007843137254901962 0.02745098039215687 0.02352941176470589 0.03529411764705883 0.019607843137254905 0.015686274509803925 0.0 
0.02310231023102311 0.019801980198019813 0.013201320132013207 0.026402640264026413 0.029702970297029715 0.029702970297029715 0.013201320132013207 0.026402640264026413 0.029702970297029715 0.019801980198019813 0.026402640264026413 0.009900990099009906 0.026402640264026413 0.029702970297029715 0.0033003300330033017 0.026402640264026413 0.016501650165016507 0.029702970297029715 0.016501650165016507 0.016501650165016507 0.0033003300330033017 0.016501650165016507 0.029702970297029715 0.0033003300330033017 0.0033003300330033017 0.016501650165016507 0.026402640264026413 0.013201320132013207 0.026402640264026413 0.026402640264026413 0.009900990099009906 0.009900990099009906 0.006600660066006603 0.026402640264026413 0.0033003300330033017 0.026402640264026413 0.019801980198019813 0.033003300330033014 0.026402640264026413 0.006600660066006603 0.006600660066006603 0.009900990099009906 0.016501650165016507 0.006600660066006603 0.016501650165016507 0.019801980198019813 0.029702970297029715 0.009900990099009906 0.006600660066006603 0.02310231023102311 0.013201320132013207 0.0033003300330033017 0.013201320132013207 0.033003300330033014 0.019801980198019813 0.006600660066006603 0.0 
0.01593625498007969 0.03187250996015938 0.007968127490039846 0.007968127490039846 0.03187250996015938 0.03984063745019922 0.01992031872509961 0.011952191235059768 0.003984063745019923 0.01593625498007969 0.011952191235059768 0.01992031872509961 0.003984063745019923 0.003984063745019923 0.03984063745019922 0.01593625498007969 0.03585657370517931 0.01593625498007969 0.003984063745019923 0.01992031872509961 0.01992031872509961 0.003984063745019923 0.011952191235059768 0.023904382470119535 0.023904382470119535 0.03585657370517931 0.011952191235059768 0.03187250996015938 0.01593625498007969 0.027888446215139456 0.007968127490039846 0.003984063745019923 0.011952191235059768 0.011952191235059768 0.023904382470119535 0.023904382470119535 0.007968127490039846 0.011952191235059768 0.03585657370517931 0.03187250996015938 0.01593625498007969 0.03187250996015938 0.01593625498007969 0.007968127490039846 0.003984063745019923 0.007968127490039846 0.003984063745019923 0.03585657370517931 0.03585657370517931 0.023904382470119535 0.01593625498007969 0.01593625498007969 0.007968127490039846 0.003984063745019923 0.027888446215139456 0.007968127490039846 0.0 
0.022580645161290325 0.03225806451612904 0.019354838709677424 0.025806451612903233 0.003225806451612904 0.006451612903225808 0.01612903225806452 0.03225806451612904 0.019354838709677424 0.006451612903225808 0.022580645161290325 0.019354838709677424 0.01612903225806452 0.01612903225806452 0.01612903225806452 0.025806451612903233 0.009677419354838712 0.009677419354838712 0.022580645161290325 0.019354838709677424 0.012903225806451616 0.003225806451612904 0.029032258064516137 0.029032258064516137 0.006451612903225808 0.029032258064516137 0.025806451612903233 0.019354838709677424 0.025806451612903233 0.03225806451612904 0.01612903225806452 0.003225806451612904 0.025806451612903233 0.009677419354838712 0.012903225806451616 0.03225806451612904 0.019354838709677424 0.01612903225806452 0.003225806451612904 0.01612903225806452 0.019354838709677424 0.029032258064516137 0.006451612903225808 0.01612903225806452 0.029032258064516137 0.003225806451612904 0.006451612903225808 0.006451612903225808 0.029032258064516137 0.03225806451612904 0.01612903225806452 0.03225806451612904 0.003225806451612904 0.012903225806451616 0.003225806451612904 0.025806451612903233 0.0 
0.003663003663003664 0.032967032967032975 0.007326007326007328 0.010989010989010992 0.032967032967032975 0.021978021978021983 0.032967032967032975 0.010989010989010992 0.007326007326007328 0.014652014652014655 0.021978021978021983 0.003663003663003664 0.010989010989010992 0.021978021978021983 0.032967032967032975 0.025641025641025647 0.010989010989010992 0.02930402930402931 0.02930402930402931 0.007326007326007328 0.032967032967032975 0.01831501831501832 0.03663003663003664 0.014652014652014655 0.014652014652014655 0.010989010989010992 0.03663003663003664 0.003663003663003664 0.01831501831501832 0.025641025641025647 0.01831501831501832 0.014652014652014655 0.010989010989010992 0.014652014652014655 0.007326007326007328 0.007326007326007328 0.010989010989010992 0.02930402930402931 0.010989010989010992 0.02930402930402931 0.003663003663003664 0.007326007326007328 0.032967032967032975 0.003663003663003664 0.021978021978021983 0.010989010989010992 0.032967032967032975 0.003663003663003664 0.01831501831501832 0.003663003663003664 0.014652014652014655 0.032967032967032975 0.007326007326007328 0.025641025641025647 0.01831501831501832 0.025641025641025647 0.0 
0.03144654088050315 0.022012578616352203 0.015723270440251576 0.02515723270440252 0.009433962264150945 0.03144654088050315 0.028301886792452834 0.003144654088050315 0.028301886792452834 0.022012578616352203 0.009433962264150945 0.022012578616352203 0.03144654088050315 0.01886792452830189 0.01257861635220126 0.02515723270440252 0.028301886792452834 0.01257861635220126 0.028301886792452834 0.028301886792452834 0.03144654088050315 0.03144654088050315 0.015723270440251576 0.015723270440251576 0.00628930817610063 0.003144654088050315 0.02515723270440252 0.022012578616352203 0.009433962264150945 0.00628930817610063 0.003144654088050315 0.022012578616352203 0.00628930817610063 0.022012578616352203 0.02515723270440252 0.00628930817610063 0.01886792452830189 0.009433962264150945 0.003144654088050315 0.009433962264150945 0.022012578616352203 0.022012578616352203 0.01257861635220126 0.01886792452830189 0.015723270440251576 0.02515723270440252 0.01257861635220126 0.009433962264150945 0.022012578616352203 0.03144654088050315 0.00628930817610063 0.01886792452830189 0.00628930817610063 0.03144654088050315 0.01257861635220126 0.00628930817610063 0.0 
0.0028985507246376816 0.023188405797101453 0.011594202898550727 0.02898550724637682 0.02028985507246377 0.01449275362318841 0.01449275362318841 0.011594202898550727 0.01739130434782609 0.01449275362318841 0.01449275362318841 0.02898550724637682 0.0028985507246376816 0.0028985507246376816 0.02898550724637682 0.01739130434782609 0.0028985507246376816 0.02028985507246377 0.011594202898550727 0.026086956521739136 0.02898550724637682 0.02028985507246377 0.008695652173913045 0.005797101449275363 0.023188405797101453 0.023188405797101453 0.02028985507246377 0.023188405797101453 0.01739130434782609 0.02898550724637682 0.026086956521739136 0.026086956521739136 0.005797101449275363 0.01449275362318841 0.02028985507246377 0.01449275362318841 0.008695652173913045 0.023188405797101453 0.026086956521739136 0.01739130434782609 0.023188405797101453 0.02898550724637682 0.02898550724637682 0.02028985507246377 0.02898550724637682 0.02898550724637682 0.011594202898550727 0.02898550724637682 0.011594202898550727 0.023188405797101453 0.008695652173913045 0.026086956521739136 0.005797101449275363 0.011594202898550727 0.008695652173913045 0.005797101449275363 0.0 
0.02352941176470589 0.026470588235294124 0.02352941176470589 0.017647058823529415 0.02352941176470589 0.02352941176470589 0.005882352941176472 0.017647058823529415 0.02058823529411765 0.017647058823529415 0.026470588235294124 0.026470588235294124 0.005882352941176472 0.017647058823529415 0.008823529411764707 0.02941176470588236 0.017647058823529415 0.005882352941176472 0.026470588235294124 0.005882352941176472 0.02352941176470589 0.026470588235294124 0.017647058823529415 0.002941176470588236 0.005882352941176472 0.02941176470588236 0.017647058823529415 0.005882352941176472 0.01470588235294118 0.02941176470588236 0.026470588235294124 0.008823529411764707 0.026470588235294124 0.011764705882352944 0.011764705882352944 0.02352941176470589 0.01470588235294118 0.026470588235294124 0.011764705882352944 0.011764705882352944 0.005882352941176472 0.02352941176470589 0.017647058823529415 0.017647058823529415 0.02352941176470589 0.02352941176470589 0.011764705882352944 0.008823529411764707 0.005882352941176472 0.008823529411764707 0.02941176470588236 0.017647058823529415 0.026470588235294124 0.026470588235294124 0.026470588235294124 0.008823529411764707 0.0 
0.009523809523809526 0.028571428571428574 0.015873015873015876 0.00634920634920635 0.00634920634920635 0.003174603174603175 0.009523809523809526 0.00634920634920635 0.0253968253968254 0.003174603174603175 0.009523809523809526 0.03174603174603175 0.0126984126984127 0.015873015873015876 0.03174603174603175 0.0126984126984127 0.003174603174603175 0.003174603174603175 0.022222222222222227 0.015873015873015876 0.0126984126984127 0.0126984126984127 0.00634920634920635 0.003174603174603175 0.0253968253968254 0.028571428571428574 0.022222222222222227 0.009523809523809526 0.028571428571428574 0.028571428571428574 0.03174603174603175 0.022222222222222227 0.015873015873015876 0.00634920634920635 0.028571428571428574 0.019047619047619053 0.015873015873015876 0.0126984126984127 0.019047619047619053 0.0253968253968254 0.022222222222222227 0.022222222222222227 0.03174603174603175 0.0126984126984127 0.0126984126984127 0.009523809523809526 0.0253968253968254 0.0126984126984127 0.03174603174603175 0.03174603174603175 0.019047619047619053 0.03174603174603175 0.028571428571428574 0.0126984126984127 0.028571428571428574 0.019047619047619053 0.0 
0.035460992907801414 0.003546099290780141 0.028368794326241127 0.003546099290780141 0.007092198581560282 0.024822695035460987 0.024822695035460987 0.017730496453900707 0.021276595744680847 0.028368794326241127 0.024822695035460987 0.003546099290780141 0.007092198581560282 0.024822695035460987 0.024822695035460987 0.017730496453900707 0.010638297872340424 0.010638297872340424 0.017730496453900707 0.017730496453900707 0.014184397163120564 0.007092198581560282 0.003546099290780141 0.024822695035460987 0.024822695035460987 0.003546099290780141 0.035460992907801414 0.03191489361702127 0.035460992907801414 0.021276595744680847 0.010638297872340424 0.035460992907801414 0.03191489361702127 0.017730496453900707 0.017730496453900707 0.003546099290780141 0.010638297872340424 0.021276595744680847 0.028368794326241127 0.028368794326241127 0.007092198581560282 0.014184397163120564 0.010638297872340424 0.003546099290780141 0.014184397163120564 0.010638297872340424 0.010638297872340424 0.010638297872340424 0.014184397163120564 0.021276595744680847 0.007092198581560282 0.028368794326241127 0.021276595744680847 0.014184397163120564 0.035460992907801414 0.014184397163120564 0.0 
0.003058103975535167 0.021406727828746166 0.012232415902140668 0.021406727828746166 0.030581039755351667 0.018348623853211003 0.006116207951070334 0.030581039755351667 0.012232415902140668 0.012232415902140668 0.030581039755351667 0.024464831804281335 0.0275229357798165 0.015290519877675834 0.024464831804281335 0.0275229357798165 0.030581039755351667 0.015290519877675834 0.006116207951070334 0.018348623853211003 0.003058103975535167 0.012232415902140668 0.021406727828746166 0.012232415902140668 0.003058103975535167 0.012232415902140668 0.021406727828746166 0.030581039755351667 0.018348623853211003 0.006116207951070334 0.024464831804281335 0.012232415902140668 0.015290519877675834 0.024464831804281335 0.003058103975535167 0.012232415902140668 0.018348623853211003 0.021406727828746166 0.021406727828746166 0.024464831804281335 0.015290519877675834 0.024464831804281335 0.009174311926605502 0.003058103975535167 0.006116207951070334 0.021406727828746166 0.018348623853211003 0.030581039755351667 0.015290519877675834 0.0275229357798165 0.024464831804281335 0.0275229357798165 0.021406727828746166 0.006116207951070334 0.015290519877675834 0.0275229357798165 0.0 
0.017857142857142856 0.005952380952380952 0.020833333333333332 0.008928571428571428 0.023809523809523808 0.017857142857142856 0.023809523809523808 0.02976190476190476 0.020833333333333332 0.020833333333333332 0.011904761904761904 0.02976190476190476 0.02976190476190476 0.011904761904761904 0.01488095238095238 0.01488095238095238 0.005952380952380952 0.011904761904761904 0.02976190476190476 0.017857142857142856 0.005952380952380952 0.02976190476190476 0.023809523809523808 0.017857142857142856 0.01488095238095238 0.008928571428571428 0.002976190476190476 0.026785714285714284 0.023809523809523808 0.005952380952380952 0.005952380952380952 0.005952380952380952 0.02976190476190476 0.023809523809523808 0.01488095238095238 0.026785714285714284 0.020833333333333332 0.005952380952380952 0.008928571428571428 0.026785714285714284 0.01488095238095238 0.023809523809523808 0.02976190476190476 0.026785714285714284 0.026785714285714284 0.011904761904761904 0.008928571428571428 0.017857142857142856 0.020833333333333332 0.01488095238095238 0.017857142857142856 0.023809523809523808 0.02976190476190476 0.002976190476190476 0.011904761904761904 0.017857142857142856 0.0 
0.020477815699658702 0.027303754266211604 0.030716723549488054 0.0034129692832764505 0.010238907849829351 0.023890784982935155 0.020477815699658702 0.006825938566552901 0.020477815699658702 0.006825938566552901 0.034129692832764506 0.010238907849829351 0.013651877133105802 0.0034129692832764505 0.013651877133105802 0.0034129692832764505 0.006825938566552901 0.010238907849829351 0.010238907849829351 0.013651877133105802 0.017064846416382253 0.020477815699658702 0.030716723549488054 0.020477815699658702 0.006825938566552901 0.023890784982935155 0.006825938566552901 0.034129692832764506 0.023890784982935155 0.006825938566552901 0.020477815699658702 0.023890784982935155 0.010238907849829351 0.010238907849829351 0.034129692832764506 0.010238907849829351 0.030716723549488054 0.023890784982935155 0.013651877133105802 0.017064846416382253 0.006825938566552901 0.023890784982935155 0.023890784982935155 0.030716723549488054 0.030716723549488054 0.030716723549488054 0.020477815699658702 0.010238907849829351 0.010238907849829351 0.020477815699658702 0.034129692832764506 0.020477815699658702 0.017064846416382253 0.006825938566552901 0.006825938566552901 0.030716723549488054 0.0 
0.02719033232628398 0.012084592145015102 0.0030211480362537756 0.03021148036253776 0.009063444108761328 0.03021148036253776 0.012084592145015102 0.021148036253776432 0.01510574018126888 0.024169184290030205 0.018126888217522657 0.018126888217522657 0.012084592145015102 0.02719033232628398 0.024169184290030205 0.006042296072507551 0.024169184290030205 0.018126888217522657 0.01510574018126888 0.0030211480362537756 0.018126888217522657 0.024169184290030205 0.02719033232628398 0.006042296072507551 0.021148036253776432 0.021148036253776432 0.03021148036253776 0.0030211480362537756 0.009063444108761328 0.02719033232628398 0.021148036253776432 0.021148036253776432 0.012084592145015102 0.01510574018126888 0.01510574018126888 0.01510574018126888 0.006042296072507551 0.01510574018126888 0.012084592145015102 0.02719033232628398 0.03021148036253776 0.009063444108761328 0.006042296072507551 0.024169184290030205 0.02719033232628398 0.012084592145015102 0.012084592145015102 0.03021148036253776 0.0030211480362537756 0.024169184290030205 0.024169184290030205 0.018126888217522657 0.012084592145015102 0.024169184290030205 0.02719033232628398 0.018126888217522657 0.0 
0.018927444794952678 0.006309148264984225 0.0252365930599369 0.022082018927444793 0.006309148264984225 0.028391167192429016 0.006309148264984225 0.009463722397476339 0.0031545741324921126 0.009463722397476339 0.015772870662460563 0.015772870662460563 0.028391167192429016 0.015772870662460563 0.0252365930599369 0.018927444794952678 0.009463722397476339 0.01261829652996845 0.0031545741324921126 0.0252365930599369 0.03154574132492113 0.022082018927444793 0.03154574132492113 0.028391167192429016 0.006309148264984225 0.0252365930599369 0.022082018927444793 0.028391167192429016 0.015772870662460563 0.01261829652996845 0.018927444794952678 0.009463722397476339 0.0031545741324921126 0.006309148264984225 0.015772870662460563 0.0031545741324921126 0.018927444794952678 0.028391167192429016 0.01261829652996845 0.03154574132492113 0.006309148264984225 0.018927444794952678 0.03154574132492113 0.0031545741324921126 0.028391167192429016 0.006309148264984225 0.022082018927444793 0.03154574132492113 0.0252365930599369 0.006309148264984225 0.015772870662460563 0.03154574132492113 0.028391167192429016 0.022082018927444793 0.0252365930599369 0.018927444794952678 0.0 
0.02469135802469135 0.02777777777777777 0.018518518518518514 0.006172839506172837 0.015432098765432094 0.02469135802469135 0.02777777777777777 0.02469135802469135 0.02469135802469135 0.03086419753086419 0.03086419753086419 0.0030864197530864187 0.021604938271604934 0.012345679012345675 0.02469135802469135 0.009259259259259257 0.021604938271604934 0.012345679012345675 0.018518518518518514 0.02777777777777777 0.03086419753086419 0.018518518518518514 0.0030864197530864187 0.021604938271604934 0.03086419753086419 0.006172839506172837 0.015432098765432094 0.02469135802469135 0.018518518518518514 0.009259259259259257 0.021604938271604934 0.015432098765432094 0.02469135802469135 0.012345679012345675 0.021604938271604934 0.02469135802469135 0.0030864197530864187 0.021604938271604934 0.015432098765432094 0.009259259259259257 0.012345679012345675 0.009259259259259257 0.0030864197530864187 0.03086419753086419 0.018518518518518514 0.02777777777777777 0.006172839506172837 0.0030864197530864187 0.03086419753086419 0.018518518518518514 0.03086419753086419 0.009259259259259257 0.006172839506172837 0.012345679012345675 0.0030864197530864187 0.021604938271604934 0.0 
0.003389830508474578 0.027118644067796623 0.03389830508474578 0.013559322033898312 0.030508474576271205 0.01694915254237289 0.01694915254237289 0.020338983050847467 0.006779661016949156 0.02372881355932205 0.030508474576271205 0.02372881355932205 0.006779661016949156 0.01694915254237289 0.01694915254237289 0.03389830508474578 0.030508474576271205 0.02372881355932205 0.010169491525423733 0.013559322033898312 0.030508474576271205 0.003389830508474578 0.020338983050847467 0.030508474576271205 0.027118644067796623 0.020338983050847467 0.02372881355932205 0.020338983050847467 0.027118644067796623 0.01694915254237289 0.010169491525423733 0.02372881355932205 0.02372881355932205 0.030508474576271205 0.006779661016949156 0.003389830508474578 0.020338983050847467 0.003389830508474578 0.006779661016949156 0.01694915254237289 0.006779661016949156 0.03389830508474578 0.003389830508474578 0.013559322033898312 0.03389830508474578 0.013559322033898312 0.003389830508474578 0.030508474576271205 0.010169491525423733 0.020338983050847467 0.01694915254237289 0.010169491525423733 0.01694915254237289 0.010169491525423733 0.003389830508474578 0.006779661016949156 0.0 
0.020202020202020214 0.020202020202020214 0.030303030303030318 0.003367003367003368 0.003367003367003368 0.020202020202020214 0.026936026936026945 0.013468013468013473 0.02356902356902358 0.003367003367003368 0.010101010101010107 0.003367003367003368 0.020202020202020214 0.006734006734006736 0.026936026936026945 0.013468013468013473 0.010101010101010107 0.013468013468013473 0.010101010101010107 0.013468013468013473 0.026936026936026945 0.026936026936026945 0.006734006734006736 0.01683501683501684 0.02356902356902358 0.026936026936026945 0.003367003367003368 0.003367003367003368 0.02356902356902358 0.01683501683501684 0.01683501683501684 0.020202020202020214 0.006734006734006736 0.010101010101010107 0.02356902356902358 0.030303030303030318 0.010101010101010107 0.03367003367003368 0.03367003367003368 0.020202020202020214 0.020202020202020214 0.030303030303030318 0.020202020202020214 0.03367003367003368 0.006734006734006736 0.03367003367003368 0.01683501683501684 0.02356902356902358 0.03367003367003368 0.030303030303030318 0.003367003367003368 0.020202020202020214 0.02356902356902358 0.003367003367003368 0.02356902356902358 0.003367003367003368 0.0 
0.02160493827160494 0.02469135802469136 0.00617283950617284 0.00617283950617284 0.01851851851851852 0.00308641975308642 0.02160493827160494 0.0154320987654321 0.0154320987654321 0.0154320987654321 0.02469135802469136 0.00925925925925926 0.00617283950617284 0.0154320987654321 0.0308641975308642 0.02777777777777778 0.0154320987654321 0.0154320987654321 0.02469135802469136 0.00308641975308642 0.02469135802469136 0.02777777777777778 0.0308641975308642 0.0308641975308642 0.01851851851851852 0.00925925925925926 0.02160493827160494 0.0308641975308642 0.01851851851851852 0.02160493827160494 0.01851851851851852 0.01234567901234568 0.01234567901234568 0.00308641975308642 0.01234567901234568 0.0154320987654321 0.00617283950617284 0.00308641975308642 0.0308641975308642 0.0308641975308642 0.01234567901234568 0.0308641975308642 0.01234567901234568 0.0154320987654321 0.02160493827160494 0.01851851851851852 0.02469135802469136 0.00617283950617284 0.01851851851851852 0.02469135802469136 0.02160493827160494 0.02160493827160494 0.02160493827160494 0.00617283950617284 0.02777777777777778 0.0154320987654321 0.0 
0.009523809523809526 0.003174603174603175 0.009523809523809526 0.028571428571428574 0.0126984126984127 0.0253968253968254 0.009523809523809526 0.00634920634920635 0.015873015873015876 0.015873015873015876 0.015873015873015876 0.009523809523809526 0.015873015873015876 0.028571428571428574 0.0253968253968254 0.03174603174603175 0.028571428571428574 0.03174603174603175 0.019047619047619053 0.03174603174603175 0.00634920634920635 0.028571428571428574 0.028571428571428574 0.022222222222222227 0.003174603174603175 0.003174603174603175 0.009523809523809526 0.0126984126984127 0.009523809523809526 0.00634920634920635 0.03174603174603175 0.019047619047619053 0.022222222222222227 0.00634920634920635 0.028571428571428574 0.0253968253968254 0.0253968253968254 0.0126984126984127 0.015873015873015876 0.03174603174603175 0.022222222222222227 0.03174603174603175 0.022222222222222227 0.015873015873015876 0.00634920634920635 0.009523809523809526 0.003174603174603175 0.003174603174603175 0.0253968253968254 0.022222222222222227 0.009523809523809526 0.03174603174603175 0.028571428571428574 0.028571428571428574 0.009523809523809526 0.00634920634920635 0.0 
0.009493670886075951 0.025316455696202535 0.02215189873417722 0.02215189873417722 0.009493670886075951 0.006329113924050634 0.018987341772151903 0.02215189873417722 0.031645569620253174 0.031645569620253174 0.012658227848101267 0.031645569620253174 0.015822784810126587 0.009493670886075951 0.006329113924050634 0.02215189873417722 0.003164556962025317 0.009493670886075951 0.02215189873417722 0.012658227848101267 0.025316455696202535 0.018987341772151903 0.009493670886075951 0.02215189873417722 0.02215189873417722 0.006329113924050634 0.031645569620253174 0.003164556962025317 0.006329113924050634 0.012658227848101267 0.012658227848101267 0.006329113924050634 0.012658227848101267 0.015822784810126587 0.012658227848101267 0.031645569620253174 0.031645569620253174 0.018987341772151903 0.02215189873417722 0.02848101265822785 0.031645569620253174 0.018987341772151903 0.018987341772151903 0.02848101265822785 0.015822784810126587 0.018987341772151903 0.003164556962025317 0.012658227848101267 0.006329113924050634 0.02215189873417722 0.02848101265822785 0.02215189873417722 0.012658227848101267 0.015822784810126587 0.018987341772151903 0.02848101265822785 0.0 
0.009999999999999998 0.033333333333333326 0.01333333333333333 0.009999999999999998 0.033333333333333326 0.006666666666666665 0.006666666666666665 0.029999999999999992 0.02333333333333333 0.01333333333333333 0.009999999999999998 0.009999999999999998 0.016666666666666663 0.02666666666666666 0.009999999999999998 0.016666666666666663 0.016666666666666663 0.033333333333333326 0.006666666666666665 0.019999999999999997 0.01333333333333333 0.02666666666666666 0.016666666666666663 0.009999999999999998 0.0033333333333333327 0.033333333333333326 0.009999999999999998 0.009999999999999998 0.033333333333333326 0.02333333333333333 0.029999999999999992 0.033333333333333326 0.006666666666666665 0.006666666666666665 0.006666666666666665 0.0033333333333333327 0.006666666666666665 0.02666666666666666 0.0033333333333333327 0.02333333333333333 0.019999999999999997 0.033333333333333326 0.029999999999999992 0.019999999999999997 0.02333333333333333 0.029999999999999992 0.006666666666666665 0.016666666666666663 0.019999999999999997 0.033333333333333326 0.0033333333333333327 0.019999999999999997 0.02333333333333333 0.033333333333333326 0.006666666666666665 0.006666666666666665 0.0 
0.012345679012345678 0.006172839506172839 0.021604938271604937 0.0030864197530864196 0.024691358024691357 0.021604938271604937 0.015432098765432098 0.030864197530864196 0.009259259259259259 0.012345679012345678 0.021604938271604937 0.021604938271604937 0.009259259259259259 0.006172839506172839 0.024691358024691357 0.027777777777777776 0.027777777777777776 0.015432098765432098 0.009259259259259259 0.030864197530864196 0.027777777777777776 0.0030864197530864196 0.012345679012345678 0.0030864197530864196 0.018518518518518517 0.024691358024691357 0.024691358024691357 0.015432098765432098 0.027777777777777776 0.009259259259259259 0.030864197530864196 0.018518518518518517 0.006172839506172839 0.024691358024691357 0.024691358024691357 0.006172839506172839 0.018518518518518517 0.0030864197530864196 0.024691358024691357 0.027777777777777776 0.015432098765432098 0.018518518518518517 0.009259259259259259 0.0030864197530864196 0.027777777777777776 0.021604938271604937 0.018518518518518517 0.012345679012345678 0.027777777777777776 0.030864197530864196 0.0030864197530864196 0.024691358024691357 0.009259259259259259 0.027777777777777776 0.024691358024691357 0.021604938271604937 0.0 
0.0034246575342465765 0.020547945205479458 0.010273972602739729 0.023972602739726033 0.030821917808219187 0.017123287671232883 0.0034246575342465765 0.013698630136986306 0.017123287671232883 0.006849315068493153 0.030821917808219187 0.010273972602739729 0.030821917808219187 0.034246575342465765 0.030821917808219187 0.02739726027397261 0.034246575342465765 0.013698630136986306 0.023972602739726033 0.013698630136986306 0.02739726027397261 0.02739726027397261 0.010273972602739729 0.02739726027397261 0.030821917808219187 0.017123287671232883 0.013698630136986306 0.0034246575342465765 0.010273972602739729 0.020547945205479458 0.017123287671232883 0.010273972602739729 0.02739726027397261 0.013698630136986306 0.02739726027397261 0.013698630136986306 0.006849315068493153 0.017123287671232883 0.020547945205479458 0.013698630136986306 0.010273972602739729 0.006849315068493153 0.013698630136986306 0.017123287671232883 0.017123287671232883 0.023972602739726033 0.034246575342465765 0.034246575342465765 0.013698630136986306 0.02739726027397261 0.017123287671232883 0.0034246575342465765 0.0034246575342465765 0.0034246575342465765 0.0034246575342465765 0.017123287671232883 0.0 
0.019047619047619053 0.019047619047619053 0.03174603174603175 0.009523809523809526 0.003174603174603175 0.0253968253968254 0.00634920634920635 0.03174603174603175 0.03174603174603175 0.003174603174603175 0.0253968253968254 0.022222222222222227 0.0253968253968254 0.03174603174603175 0.003174603174603175 0.03174603174603175 0.015873015873015876 0.028571428571428574 0.019047619047619053 0.009523809523809526 0.019047619047619053 0.015873015873015876 0.00634920634920635 0.003174603174603175 0.009523809523809526 0.019047619047619053 0.015873015873015876 0.009523809523809526 0.0253968253968254 0.0126984126984127 0.019047619047619053 0.022222222222222227 0.015873015873015876 0.03174603174603175 0.028571428571428574 0.003174603174603175 0.003174603174603175 0.009523809523809526 0.022222222222222227 0.00634920634920635 0.019047619047619053 0.03174603174603175 0.019047619047619053 0.009523809523809526 0.0126984126984127 0.0126984126984127 0.0126984126984127 0.028571428571428574 0.019047619047619053 0.03174603174603175 0.019047619047619053 0.00634920634920635 0.028571428571428574 0.0253968253968254 0.0253968253968254 0.00634920634920635 0.0 
0.03597122302158273 0.0035971223021582736 0.03597122302158273 0.017985611510791366 0.025179856115107913 0.0035971223021582736 0.014388489208633094 0.014388489208633094 0.017985611510791366 0.007194244604316547 0.0035971223021582736 0.017985611510791366 0.025179856115107913 0.03237410071942446 0.01079136690647482 0.007194244604316547 0.01079136690647482 0.007194244604316547 0.0035971223021582736 0.007194244604316547 0.025179856115107913 0.017985611510791366 0.017985611510791366 0.02158273381294964 0.03597122302158273 0.014388489208633094 0.025179856115107913 0.0035971223021582736 0.01079136690647482 0.0035971223021582736 0.02877697841726619 0.02877697841726619 0.007194244604316547 0.017985611510791366 0.03597122302158273 0.03237410071942446 0.0035971223021582736 0.014388489208633094 0.017985611510791366 0.025179856115107913 0.007194244604316547 0.014388489208633094 0.014388489208633094 0.01079136690647482 0.017985611510791366 0.017985611510791366 0.017985611510791366 0.03597122302158273 0.02158273381294964 0.03237410071942446 0.014388489208633094 0.025179856115107913 0.02158273381294964 0.014388489208633094 0.014388489208633094 0.02877697841726619 0.0 
0.0037037037037037043 0.03703703703703704 0.029629629629629634 0.01851851851851852 0.0037037037037037043 0.022222222222222227 0.014814814814814817 0.02592592592592593 0.029629629629629634 0.0037037037037037043 0.014814814814814817 0.011111111111111113 0.0037037037037037043 0.029629629629629634 0.0037037037037037043 0.029629629629629634 0.011111111111111113 0.0037037037037037043 0.011111111111111113 0.02592592592592593 0.0037037037037037043 0.03333333333333334 0.014814814814814817 0.014814814814814817 0.02592592592592593 0.02592592592592593 0.02592592592592593 0.01851851851851852 0.011111111111111113 0.022222222222222227 0.01851851851851852 0.011111111111111113 0.0037037037037037043 0.03703703703703704 0.0074074074074074086 0.022222222222222227 0.03703703703703704 0.022222222222222227 0.03333333333333334 0.01851851851851852 0.03703703703703704 0.0037037037037037043 0.02592592592592593 0.0074074074074074086 0.0074074074074074086 0.014814814814814817 0.0037037037037037043 0.014814814814814817 0.0074074074074074086 0.014814814814814817 0.0074074074074074086 0.01851851851851852 0.029629629629629634 0.02592592592592593 0.01851851851851852 0.022222222222222227 0.0 
0.021671826625386997 0.0030959752321981426 0.015479876160990712 0.030959752321981424 0.01238390092879257 0.02476780185758514 0.0030959752321981426 0.0030959752321981426 0.02786377708978328 0.01238390092879257 0.021671826625386997 0.018575851393188854 0.02476780185758514 0.01238390092879257 0.009287925696594427 0.02786377708978328 0.006191950464396285 0.01238390092879257 0.02786377708978328 0.01238390092879257 0.018575851393188854 0.006191950464396285 0.009287925696594427 0.021671826625386997 0.01238390092879257 0.009287925696594427 0.018575851393188854 0.01238390092879257 0.018575851393188854 0.006191950464396285 0.030959752321981424 0.006191950464396285 0.018575851393188854 0.030959752321981424 0.02786377708978328 0.030959752321981424 0.01238390092879257 0.009287925696594427 0.009287925696594427 0.015479876160990712 0.02476780185758514 0.02786377708978328 0.02786377708978328 0.018575851393188854 0.018575851393188854 0.01238390092879257 0.02476780185758514 0.021671826625386997 0.0030959752321981426 0.02786377708978328 0.018575851393188854 0.018575851393188854 0.01238390092879257 0.02786377708978328 0.030959752321981424 0.030959752321981424 0.0 
0.024767801857585144 0.015479876160990714 0.024767801857585144 0.006191950464396286 0.012383900928792572 0.018575851393188857 0.027863777089783284 0.030959752321981428 0.018575851393188857 0.027863777089783284 0.024767801857585144 0.012383900928792572 0.018575851393188857 0.030959752321981428 0.021671826625387 0.018575851393188857 0.012383900928792572 0.009287925696594429 0.012383900928792572 0.030959752321981428 0.006191950464396286 0.021671826625387 0.030959752321981428 0.012383900928792572 0.024767801857585144 0.024767801857585144 0.018575851393188857 0.009287925696594429 0.006191950464396286 0.024767801857585144 0.018575851393188857 0.003095975232198143 0.012383900928792572 0.024767801857585144 0.006191950464396286 0.003095975232198143 0.027863777089783284 0.006191950464396286 0.024767801857585144 0.024767801857585144 0.021671826625387 0.003095975232198143 0.018575851393188857 0.018575851393188857 0.021671826625387 0.018575851393188857 0.012383900928792572 0.012383900928792572 0.027863777089783284 0.012383900928792572 0.030959752321981428 0.012383900928792572 0.012383900928792572 0.021671826625387 0.015479876160990714 0.009287925696594429 0.0 
0.01840490797546013 0.006134969325153377 0.027607361963190198 0.030674846625766885 0.027607361963190198 0.01840490797546013 0.027607361963190198 0.012269938650306754 0.0030674846625766885 0.02147239263803682 0.012269938650306754 0.006134969325153377 0.024539877300613508 0.027607361963190198 0.012269938650306754 0.024539877300613508 0.02147239263803682 0.024539877300613508 0.030674846625766885 0.02147239263803682 0.030674846625766885 0.02147239263803682 0.024539877300613508 0.027607361963190198 0.01840490797546013 0.02147239263803682 0.012269938650306754 0.024539877300613508 0.009202453987730065 0.024539877300613508 0.027607361963190198 0.009202453987730065 0.012269938650306754 0.006134969325153377 0.027607361963190198 0.006134969325153377 0.0030674846625766885 0.0030674846625766885 0.01840490797546013 0.006134969325153377 0.01840490797546013 0.0030674846625766885 0.012269938650306754 0.027607361963190198 0.0030674846625766885 0.027607361963190198 0.030674846625766885 0.015337423312883442 0.02147239263803682 0.030674846625766885 0.0030674846625766885 0.006134969325153377 0.024539877300613508 0.009202453987730065 0.02147239263803682 0.012269938650306754 0.0 
0.016181229773462785 0.016181229773462785 0.01941747572815534 0.0032362459546925572 0.0032362459546925572 0.029126213592233014 0.0226537216828479 0.0226537216828479 0.016181229773462785 0.029126213592233014 0.03236245954692557 0.0032362459546925572 0.025889967637540458 0.01941747572815534 0.0226537216828479 0.012944983818770229 0.03236245954692557 0.0032362459546925572 0.016181229773462785 0.00970873786407767 0.0064724919093851144 0.025889967637540458 0.0064724919093851144 0.0032362459546925572 0.00970873786407767 0.025889967637540458 0.029126213592233014 0.029126213592233014 0.0032362459546925572 0.0226537216828479 0.01941747572815534 0.016181229773462785 0.025889967637540458 0.016181229773462785 0.0032362459546925572 0.0226537216828479 0.016181229773462785 0.0226537216828479 0.016181229773462785 0.0032362459546925572 0.00970873786407767 0.029126213592233014 0.025889967637540458 0.029126213592233014 0.0226537216828479 0.016181229773462785 0.016181229773462785 0.03236245954692557 0.029126213592233014 0.016181229773462785 0.01941747572815534 0.012944983818770229 0.016181229773462785 0.00970873786407767 0.00970873786407767 0.025889967637540458 0.0 
0.033898305084745776 0.020338983050847463 0.010169491525423732 0.006779661016949155 0.016949152542372888 0.016949152542372888 0.006779661016949155 0.030508474576271198 0.033898305084745776 0.010169491525423732 0.020338983050847463 0.030508474576271198 0.010169491525423732 0.033898305084745776 0.016949152542372888 0.033898305084745776 0.02372881355932204 0.006779661016949155 0.010169491525423732 0.02372881355932204 0.010169491525423732 0.0033898305084745775 0.0033898305084745775 0.02372881355932204 0.033898305084745776 0.02372881355932204 0.010169491525423732 0.01355932203389831 0.010169491525423732 0.0033898305084745775 0.033898305084745776 0.02372881355932204 0.006779661016949155 0.016949152542372888 0.016949152542372888 0.010169491525423732 0.020338983050847463 0.010169491525423732 0.01355932203389831 0.010169491525423732 0.01355932203389831 0.030508474576271198 0.010169491525423732 0.016949152542372888 0.02711864406779662 0.01355932203389831 0.01355932203389831 0.01355932203389831 0.02372881355932204 0.010169491525423732 0.020338983050847463 0.030508474576271198 0.02711864406779662 0.01355932203389831 0.01355932203389831 0.02711864406779662 0.0 
0.009433962264150945 0.009433962264150945 0.003144654088050315 0.02515723270440252 0.003144654088050315 0.03144654088050315 0.01886792452830189 0.015723270440251576 0.028301886792452834 0.022012578616352203 0.015723270440251576 0.00628930817610063 0.022012578616352203 0.01886792452830189 0.028301886792452834 0.02515723270440252 0.015723270440251576 0.009433962264150945 0.009433962264150945 0.03144654088050315 0.003144654088050315 0.00628930817610063 0.015723270440251576 0.03144654088050315 0.015723270440251576 0.01257861635220126 0.003144654088050315 0.01886792452830189 0.028301886792452834 0.028301886792452834 0.02515723270440252 0.009433962264150945 0.01886792452830189 0.00628930817610063 0.01886792452830189 0.009433962264150945 0.00628930817610063 0.009433962264150945 0.03144654088050315 0.022012578616352203 0.02515723270440252 0.015723270440251576 0.022012578616352203 0.00628930817610063 0.01886792452830189 0.02515723270440252 0.01886792452830189 0.015723270440251576 0.028301886792452834 0.009433962264150945 0.03144654088050315 0.022012578616352203 0.00628930817610063 0.028301886792452834 0.02515723270440252 0.03144654088050315 0.0 
0.0067114093959731525 0.0067114093959731525 0.0067114093959731525 0.033557046979865765 0.02684563758389261 0.033557046979865765 0.03020134228187919 0.033557046979865765 0.013422818791946305 0.02013422818791946 0.0067114093959731525 0.0067114093959731525 0.0033557046979865762 0.02684563758389261 0.023489932885906034 0.01006711409395973 0.023489932885906034 0.016778523489932883 0.0067114093959731525 0.0033557046979865762 0.016778523489932883 0.016778523489932883 0.02684563758389261 0.0033557046979865762 0.0033557046979865762 0.02684563758389261 0.033557046979865765 0.0033557046979865762 0.023489932885906034 0.033557046979865765 0.016778523489932883 0.023489932885906034 0.02684563758389261 0.023489932885906034 0.023489932885906034 0.023489932885906034 0.0033557046979865762 0.02684563758389261 0.02013422818791946 0.01006711409395973 0.01006711409395973 0.016778523489932883 0.0033557046979865762 0.016778523489932883 0.02684563758389261 0.013422818791946305 0.03020134228187919 0.023489932885906034 0.023489932885906034 0.02013422818791946 0.01006711409395973 0.023489932885906034 0.023489932885906034 0.02013422818791946 0.0033557046979865762 0.01006711409395973 0.0 
0.006756756756756755 0.023648648648648643 0.006756756756756755 0.01689189189189189 0.010135135135135134 0.006756756756756755 0.020270270270270268 0.010135135135135134 0.006756756756756755 0.020270270270270268 0.010135135135135134 0.023648648648648643 0.023648648648648643 0.010135135135135134 0.0033783783783783777 0.01689189189189189 0.020270270270270268 0.02702702702702702 0.01351351351351351 0.023648648648648643 0.020270270270270268 0.020270270270270268 0.03378378378378378 0.010135135135135134 0.0033783783783783777 0.020270270270270268 0.006756756756756755 0.01351351351351351 0.0033783783783783777 0.02702702702702702 0.006756756756756755 0.03378378378378378 0.01351351351351351 0.023648648648648643 0.020270270270270268 0.023648648648648643 0.03378378378378378 0.023648648648648643 0.006756756756756755 0.020270270270270268 0.01689189189189189 0.02702702702702702 0.023648648648648643 0.01351351351351351 0.010135135135135134 0.01351351351351351 0.023648648648648643 0.020270270270270268 0.02702702702702702 0.02702702702702702 0.023648648648648643 0.023648648648648643 0.020270270270270268 0.0304054054054054 0.020270270270270268 0.01351351351351351 0.0 
0.02588996763754046 0.009708737864077673 0.02588996763754046 0.009708737864077673 0.03236245954692558 0.019417475728155345 0.0032362459546925577 0.009708737864077673 0.02912621359223302 0.006472491909385115 0.02912621359223302 0.009708737864077673 0.02912621359223302 0.022653721682847905 0.02912621359223302 0.01294498381877023 0.022653721682847905 0.01618122977346279 0.0032362459546925577 0.022653721682847905 0.022653721682847905 0.01294498381877023 0.01618122977346279 0.02912621359223302 0.022653721682847905 0.0032362459546925577 0.0032362459546925577 0.01294498381877023 0.019417475728155345 0.02588996763754046 0.0032362459546925577 0.03236245954692558 0.03236245954692558 0.02912621359223302 0.0032362459546925577 0.006472491909385115 0.03236245954692558 0.01618122977346279 0.0032362459546925577 0.009708737864077673 0.01618122977346279 0.02912621359223302 0.009708737864077673 0.009708737864077673 0.02588996763754046 0.022653721682847905 0.01294498381877023 0.009708737864077673 0.022653721682847905 0.019417475728155345 0.01618122977346279 0.01294498381877023 0.01294498381877023 0.03236245954692558 0.02588996763754046 0.01618122977346279 0.0 
1.0 0.0 0.0 0.0 0.0 0.0 0.0 0.0 0.0 0.0 0.0 0.0 0.0 0.0 0.0 0.0 0.0 0.0 0.0 0.0 0.0 0.0 0.0 0.0 0.0 0.0 0.0 0.0 0.0 0.0 0.0 0.0 0.0 0.0 0.0 0.0 0.0 0.0 0.0 0.0 0.0 0.0 0.0 0.0 0.0 0.0 0.0 0.0 0.0 0.0 0.0 0.0 0.0 0.0 0.0 0.0 0.0 

emissions
0 0 0 0 0 0 0 0 0 0 0 0 0 0 0 0 0 0 0 0 0 0 0 0 0 0 0 0 0 0 0 0 0 0 0 0 0 0 0 0 0 0 0 0 0 0 0 0 0 0 0 0 0 0 0 0 1 
1 1 1 1 1 1 1 1 1 1 1 1 1 1 1 1 1 1 1 1 1 1 1 1 1 1 1 1 1 1 1 1 1 1 1 1 1 1 1 1 1 1 1 1 1 1 1 1 1 1 1 1 1 1 1 1 0 
