states
0 1 2 3 4 5 6 7 8 9 10 11 12 13 14 15 16 17 18 19 20 21 22 23 24 25 26 27 28 29 30 31 32 33 34 35 36 37 38 39 40 41 42 43 44 45 46 47 48 49 50 51 52 53 54 55 56 
labels
empty init 
initial
1.0 0.0 0.0 0.0 0.0 0.0 0.0 0.0 0.0 0.0 0.0 0.0 0.0 0.0 0.0 0.0 0.0 0.0 0.0 0.0 0.0 0.0 0.0 0.0 0.0 0.0 0.0 0.0 0.0 0.0 0.0 0.0 0.0 0.0 0.0 0.0 0.0 0.0 0.0 0.0 0.0 0.0 0.0 0.0 0.0 0.0 0.0 0.0 0.0 0.0 0.0 0.0 0.0 0.0 0.0 0.0 0.0
transitions
0.019239615207695848 0.03998920021599568 0.021059578808423834 0.010389792204155918 0.02248955020899582 0.009309813803723926 0.017229655406891864 0.013349733005339896 0.021249575008499832 0.0014599708005839883 0.012499750004999902 0.0048799024019519615 0.04034919301613968 0.024109517809643807 0.009669806603867924 0.026589468210635788 0.03423931521369573 0.03525929481410372 0.017119657606847864 0.0008599828003439931 0.034169316613667726 0.024409511809763806 0.012159756804863904 0.027799444011119778 0.03055938881222376 0.023469530609387817 0.0012199756004879904 0.021879562408751826 0.020959580808383834 0.0382392352152957 0.0012399752004959902 0.010789784204315913 0.029769404611907767 0.026839463210735787 0.010339793204135918 0.011049779004419913 0.001909961800763985 0.012069758604827905 0.00633987320253595 0.01007979840403192 0.004139917201655967 0.016299674006519868 0.03599928001439971 0.037779244415111705 0.009319813603727927 0.010649787004259916 0.019979600407991842 2.9999400011999763e-05 0.010109797804043918 0.005369892602147958 0.0375892482150357 0.004039919201615968 0.028089438211235777 0.018179636407271858 0.0074898502029959405 0.0004199916001679967 0.01787964240715186 
0.02680946381072379 0.003189936201275975 0.03184936301273975 0.03304933901321974 0.012039759204815904 0.028719425611487773 0.013269734605307896 0.003959920801583969 0.016199676006479872 0.033519329613407735 0.006709865802683947 0.0007799844003119938 0.034819303613927724 0.019509609807803845 0.024699506009879805 0.012049759004819905 0.020689586208275837 0.002209955800883983 0.0018699626007479852 0.034339313213735734 0.002039959200815984 0.03320933581328374 0.004749905001899962 0.03148937021259575 0.016799664006719867 0.03233935321293575 0.0032099358012839746 0.020689586208275837 0.03362932741345173 0.01032979340413192 0.00861982760344793 0.02050958980820384 0.03485930281394373 0.03497930041399172 0.0011599768004639907 0.013659726805463892 0.02359952800943981 0.030029399412011763 0.0023999520009599807 0.0049699006019879605 0.026989460210795787 0.03460930781384373 0.018269634607307857 0.008949821003579928 0.027099458010839784 0.016819663606727868 0.0055998880022399555 0.01783964320713586 0.031219375612487756 0.0015499690006199878 0.012909741805163898 0.0253594928101438 0.012459750804983903 0.024939501209975803 0.0017399652006959863 0.0025799484010319796 0.007509849803003941 
0.027170271702717033 0.025340253402534034 0.011890118901189016 0.012640126401264017 0.021240212402124026 0.0017500175001750023 0.022410224102241028 0.026020260202602036 0.011410114101141015 0.03181031810318104 0.017280172801728024 0.0010400104001040012 0.029930299302993037 0.027590275902759035 0.01507015070150702 0.023640236402364033 0.014050140501405017 0.028470284702847036 0.01493014930149302 0.026970269702697034 0.0055000550005500064 0.019700197001970024 0.027320273202732035 0.004100041000410006 0.03011030110301104 0.022060220602206027 0.0025500255002550033 0.010600106001060013 0.024740247402474033 0.01489014890148902 0.0032700327003270043 0.01446014460144602 0.021640216402164028 0.018890188901889024 0.013010130101301018 0.028870288702887038 0.025720257202572032 0.025090250902509034 0.000760007600076001 0.009250092500925011 0.003080030800308004 0.02591025910259103 0.01619016190161902 0.028620286202862038 0.027750277502775037 0.03299032990329904 0.021080210802108028 0.027960279602796036 0.002300023000230003 0.012230122301223015 0.004730047300473006 0.005830058300583007 0.008980089800898011 0.02789027890278904 0.019850198501985026 0.020430204302043026 0.0009900099000990012 
0.021339359819205424 0.021099367018989432 0.0023499295021149366 0.03010909672709819 0.010929672109836705 0.01072967810965671 0.005329840104796856 0.016479505614831556 0.015099547013589593 0.03170904872853815 0.01366958991230263 0.0024999250022499325 0.0037098887033389003 0.0013999580012599622 0.031869043928682145 0.026919192424227273 0.025009249722508325 0.0223593292201234 0.015539533813985582 0.03113906582802516 0.014749557513274602 0.019169424917252483 0.003009909702708919 0.027359179224623262 0.007259782206533804 0.02376928692139236 0.023209303720888374 0.03122906312810616 0.01748947531574053 0.0009199724008279752 0.01185964421067368 0.005149845504634861 0.007159785206443807 0.013199604011879643 0.02256932292031239 0.013649590512284633 0.02304930852074438 0.00185994420167395 0.005629831105066848 0.030779076627701168 0.02518924432267032 0.0023099307020789375 0.030849074527764166 0.01592952211433657 0.030649080527584173 0.03106906792796216 0.01993940181794546 0.029089127326180218 0.01883943481695549 0.006119816405507835 0.005639830805075848 0.02935911922642321 0.02934911952641421 0.03191904242872714 0.026049218523444297 0.01783946481605552 0.007499775006749797 
0.040619999999999996 0.007739999999999999 0.006159999999999998 0.003299999999999999 0.02676999999999999 0.023079999999999996 0.034559999999999994 0.022529999999999998 0.0006799999999999999 0.012429999999999997 0.011839999999999996 0.010249999999999999 0.021349999999999997 0.0011499999999999998 0.021429999999999998 0.038369999999999994 0.0013899999999999997 0.036059999999999995 0.03590999999999999 0.017959999999999997 0.0020999999999999994 0.017719999999999996 0.014529999999999996 0.03142999999999999 0.006739999999999999 0.003489999999999999 0.03509999999999999 0.007849999999999998 0.016859999999999997 0.03370999999999999 0.013099999999999997 0.018849999999999995 0.028519999999999993 0.0027999999999999995 0.030829999999999993 0.028739999999999995 0.017369999999999997 0.016689999999999997 0.029799999999999993 0.006939999999999998 0.018619999999999998 0.027619999999999992 0.0033599999999999993 0.011869999999999997 0.007109999999999998 0.008779999999999998 0.036539999999999996 0.0022399999999999994 0.016349999999999996 0.003239999999999999 0.006809999999999998 0.011769999999999996 0.025849999999999995 0.025219999999999992 0.021609999999999997 0.035789999999999995 0.0004699999999999999 
0.01881 0.02933 0.02625 0.02991 0.00885 0.01177 0.01899 0.00221 0.00936 0.00379 0.01311 0.0201 0.02483 0.01845 0.01922 0.02741 0.02646 0.00818 0.00813 0.02533 0.02501 0.02768 0.02403 0.01822 0.01311 0.00784 0.01482 0.02219 0.01307 0.0179 0.00734 0.02105 0.00757 0.02818 0.01779 0.02986 0.01813 0.026 0.01169 0.0259 0.02107 0.02119 0.01894 0.0296 0.02 0.02693 0.00385 0.02424 0.00902 0.00809 0.01054 0.01528 0.01974 0.00859 0.00057 0.00804 0.02644 
0.030499695003049967 0.022249777502224975 0.011859881401185988 0.024909750902490976 0.01638983610163898 0.006139938600613993 0.026099739002609975 0.006399936000639993 0.03180968190318097 0.01940980590194098 0.015079849201507983 0.03398966010339896 0.011639883601163987 0.006579934200657993 0.016499835001649983 0.03168968310316897 0.025699743002569973 0.024889751102488974 0.003019969800301997 0.030909690903090967 0.02862971370286297 0.002619973800261997 0.024799752002479972 0.01814981850181498 0.00985990140098599 0.02024979750202498 0.03285967140328597 0.024459755402445972 0.031799682003179966 0.006979930200697993 0.0010699893001069989 0.0017599824001759982 0.0006699933000669993 0.027159728402715973 0.01837981620183798 0.012279877201227985 0.001629983700162998 0.02668973310266897 0.02119978800211998 0.02854971450285497 0.0034799652003479962 0.008299917000829991 0.01797982020179798 0.022869771302286977 0.02903970960290397 0.01733982660173398 0.023069769302306975 0.006849931500684993 0.0061199388006119935 0.03078969210307897 0.03347966520334797 0.010559894401055989 0.00860991390086099 0.006239937600623993 0.0051299487005129945 0.016769832301676984 0.01780982190178098 
0.028340283402834034 0.030990309903099037 0.002620026200262003 0.036400364003640044 0.019800198001980025 0.0012400124001240014 0.029780297802978035 0.007360073600736009 0.011780117801178014 0.023430234302343027 0.023260232602326028 0.005660056600566007 0.019670196701967024 0.015110151101511017 0.007100071000710009 0.008530085300853009 0.004250042500425005 0.013150131501315016 0.020480204802048027 0.02418024180241803 0.035940359403594045 0.016190161901619017 0.021320213202132024 0.03235032350323504 0.003670036700367004 0.005580055800558007 0.017160171601716023 0.020180201802018023 0.03222032220322204 0.011950119501195015 0.007500075000750009 0.03497034970349704 0.012720127201272016 0.019980199801998024 0.02729027290272903 0.01583015830158302 0.004240042400424005 0.014530145301453017 0.0014000140001400017 0.02467024670246703 0.01816018160181602 0.011590115901159014 0.027170271702717033 0.03456034560345604 0.02449024490244903 0.002090020900209002 0.0067400674006740085 0.03322033220332204 0.022150221502215024 0.027490274902749034 0.029600296002960037 0.004490044900449006 0.012410124101241014 0.03151031510315104 0.009920099200992011 0.008720087200872011 0.0028600286002860033 
0.028479430411391768 0.026119477610447788 0.023909521809563808 0.012919741605167893 0.018029639407211855 0.0019299614007719844 0.00039999200015999675 0.01955960880782384 0.019909601807963837 0.006389872202555948 0.022769544609107812 0.008029839403211935 0.019199616007679842 0.02689946201075978 0.023919521609567805 0.023209535809283813 0.005059898802023959 0.03189936201275974 0.028329433411331772 0.009879802403951919 0.00978980420391592 0.0031399372012559743 0.006659866802663946 0.008399832003359932 0.008989820203595927 0.0026899462010759783 0.010209795804083916 0.037299254014919694 0.03586928261434771 0.018839623207535846 0.016659666806663864 0.019959600807983837 0.010939781204375911 0.037639247215055696 0.016039679206415868 0.006529869402611947 0.03408931821363573 0.007749845003099937 0.0074598508029839385 0.02195956080878382 0.015349693006139876 0.024969500609987795 0.023579528409431807 0.019759604807903838 0.02548949021019579 0.004969900601987959 0.027319453610927778 0.014389712205755884 0.003549929001419971 0.005629887402251954 0.026059478810423788 0.0014199716005679885 0.030239395212095753 0.020119597608047834 0.03448931021379572 0.018129637407251854 0.026779464410711783 
0.01095021900438009 0.02719054381087622 0.005910118202364049 0.014070281405628115 0.020560411208224168 0.028440568811376233 0.008000160003200066 0.0246204924098482 0.016690333806676137 0.014020280405608114 0.008950179003580073 0.021100422008440176 0.027500550011000227 0.009900198003960083 0.008710174203484073 0.0066401328026560544 0.0038700774015480322 0.011410228204564095 0.03127062541250826 0.03469069381387629 0.0009600192003840079 0.01821036420728415 0.03312066241324827 0.031180623612472258 0.026910538210764223 0.022570451409028185 0.022240444808896184 0.03297065941318827 0.02032040640812817 0.008340166803336069 0.004710094201884039 0.028660573211464237 0.01940038800776016 0.018700374007480154 0.02169043380867618 0.02337046740934819 0.020920418408368172 0.03149062981259625 0.02539050781015621 0.01810036200724015 0.010380207604152087 0.0033700674013480278 0.00489009780195604 0.033600672013440275 0.000610012200244005 0.008020160403208066 0.028620572411448237 0.012970259405188108 0.0037000740014800308 0.03212064241284827 0.020010400208004164 0.0242504850097002 0.013840276805536114 0.003720074401488031 0.0006200124002480051 0.01703034060681214 0.018490369807396153 
0.011159776804463912 0.015669686606267875 0.026769464610707786 0.013859722805543892 0.030059398812023762 0.0020599588008239837 0.02402951940961181 0.019199616007679846 0.005159896802063959 0.0067298654026919464 0.006089878202435952 0.0009099818003639928 0.02878942421151577 0.014939701205975882 0.014909701805963882 0.027109457810843784 0.006089878202435952 0.019679606407871843 0.016629667406651866 0.02863942721145577 0.02751944961100778 0.003679926401471971 0.029309413811723768 0.01617967640647187 0.007939841203175936 0.005989880202395952 0.02772944541109178 0.004799904001919961 0.02241955160896782 0.021159576808463833 0.0252794944101118 0.022199556008879826 0.023069538609227818 0.01522969540609188 0.027059458810823788 0.029579408411831765 0.023359532809343813 0.02004959900801984 0.021189576208475832 0.0254494910101798 0.010489790204195916 0.024289514209715805 0.029309413811723768 0.01390972180556389 0.022999540009199817 0.023659526809463812 0.007069858602827944 0.004829903401931962 0.02633947321053579 0.014909701805963882 0.0252294954100918 0.020589588208235837 0.010739785204295915 0.010899782004359914 0.01521969560608788 0.021649567008659828 0.0001899962000759985 
0.02575 8e-05 0.02783 0.01985 0.02259 0.01296 0.03294 0.00662 0.00151 0.00254 0.0342 0.02199 0.03671 0.00574 0.00088 0.02615 0.00602 0.03484 0.02876 0.02192 0.00283 0.02622 0.00841 0.01387 0.02956 0.01632 0.00011 0.00526 0.00749 0.03043 0.02667 0.03518 0.01937 0.03157 0.00973 0.02623 0.02404 0.00485 0.03495 0.01468 0.02658 0.00084 0.0078 0.02094 0.01407 0.01271 0.01105 0.02594 0.02141 0.0072 0.00576 0.02556 0.01229 0.03763 0.00692 0.0121 0.01355 
0.01149034471034131 0.02455073652209566 0.01045031350940528 0.028950868526055776 0.014390431712951386 0.004150124503735112 0.026950808524255725 0.018520555616668495 0.0020700621018630554 0.004920147604428132 0.02349070472114163 0.02465073952218566 0.012470374111223335 0.00780023400702021 0.009710291308739261 0.01647049411482344 0.005010150304509135 0.020160604818144544 0.01374041221236637 0.024770743122293666 0.014380431412942386 0.024320729621888654 0.010120303609108273 0.004270128103843115 0.032030960928827866 0.022840685220556614 0.025360760822824683 0.013440403212096361 0.017770533115993477 0.019090572717181512 0.01631048931467944 0.011860355810674319 0.031580947428422844 0.005380161404842145 0.024320729621888654 0.01681050431512945 0.026680800424012715 0.02762082862485874 0.015160454813644407 0.007520225606768202 0.008750262507875237 0.026960808824264725 0.02793083792513775 0.033851015530465906 0.01229036871106133 0.031110933327999836 0.013250397511925355 0.005300159004770142 0.0009200276008280247 0.03119093572807184 0.031070932127963836 0.02298068942068262 0.011300339010170303 0.031900957028710854 0.019920597617928536 0.009490284708541255 0.010190305709171274 
0.03013939721205576 0.02106957860842783 0.021739565208695827 0.019769604607907842 0.00125997480050399 0.01621967560648787 0.004009919801603968 0.030579388412231758 0.03218935621287575 0.026699466010679792 0.0076698466030679395 0.014629707405851886 0.013209735805283895 0.02001959960800784 0.004319913601727966 0.01108977820443591 0.022379552408951824 0.0005799884002319954 0.01397972040559189 0.026979460410791786 0.027069458610827785 0.027479450410991785 0.023059538809223817 0.007479850402991941 0.0252894942101158 0.016969660606787864 0.004779904401911963 0.02675946481070379 0.03146937061258775 0.013469730605387894 0.012519749605007902 0.0029199416011679766 0.01642967140657187 0.0002999940001199976 0.024719505609887803 0.013069738605227896 0.024489510209795808 0.028919421611567773 0.01920961580768385 0.0061398772024559515 0.01895962080758385 0.03119937601247975 0.007999840003199936 0.01519969600607988 0.016099678006439872 0.008599828003439933 0.019509609807803845 0.026019479610407795 0.03218935621287575 0.002139957200855983 0.024369512609747807 0.022229555408891825 0.02680946381072379 0.0035999280014399715 0.02672946541069179 0.0036099278014439713 0.023659526809463812 
0.007469551826890387 0.017428954262744236 0.003429794212347259 0.02754834709917405 0.0004299742015479071 0.012319260844349339 0.03539787612743236 0.012739235645861248 0.0068695878247305164 0.008219506829590224 0.021688698678079318 0.017248965062096278 0.011719296842189468 0.03296802191868488 0.0073595584264944105 0.02491850488970662 0.014529128252304862 0.023498590084594925 0.029608223506589607 0.016249025058496493 0.015029098254104754 0.03246805191688499 0.03204807711537308 0.020088794672319662 0.03032818030918145 0.01588904665720057 0.008229506229626222 0.020688758674479533 0.02209867407955523 0.021508709477431356 0.02864828110313381 0.02634841909485431 0.03310801351918885 0.02643841369517829 0.018068915865048097 0.017108973461592306 0.021638701677899327 0.015439073655580667 0.0012099274043557387 0.005679659220446774 0.0027898326100433976 0.009369437833729977 0.006579605223686579 0.031028138311701297 0.0171289722616643 0.013129212247265164 0.0296282223066616 0.022668639881607104 0.01514909105453673 0.001519908805471672 0.022358658480491175 0.014879107253564788 0.03187808731476111 0.00439973601583905 0.004619722816631002 0.022438653680779155 0.006729596224226546 
0.020550000000000002 0.0028900000000000006 0.020220000000000002 0.008260000000000002 0.027770000000000006 0.0015300000000000003 0.028380000000000006 0.008410000000000003 0.016610000000000003 0.009030000000000002 0.017530000000000004 0.011300000000000001 0.009410000000000002 0.029330000000000005 0.0022100000000000006 0.007840000000000001 0.021750000000000002 0.015310000000000004 0.026260000000000006 0.02542000000000001 0.004400000000000001 0.017520000000000004 0.023650000000000008 0.0008900000000000002 0.006280000000000002 0.021800000000000003 0.026330000000000006 0.028990000000000005 0.019510000000000003 0.019850000000000003 0.014380000000000004 0.011710000000000002 0.009090000000000003 0.02508000000000001 0.014140000000000003 0.0022200000000000006 0.003800000000000001 0.011010000000000002 0.022800000000000004 0.028190000000000007 0.016340000000000004 0.028330000000000008 0.030890000000000008 0.0061800000000000015 0.029520000000000008 0.029690000000000008 0.030860000000000005 0.024650000000000005 0.013290000000000003 0.020670000000000004 0.026550000000000008 0.010890000000000002 0.030040000000000008 0.012270000000000003 0.022400000000000003 0.030230000000000007 0.015550000000000003 
0.016259674806503876 0.024639507209855808 0.018899622007559853 0.025389492210155806 0.02853942921141578 0.007289854202915944 0.02710945781084379 0.01573968520629588 0.01807963840723186 0.0031799364012719757 0.034259314813703735 0.018939621207575853 0.027019459610807792 0.0050098998020039615 0.006839863202735947 0.0032899342013159747 0.017339653206935868 0.014789704205915886 0.0023699526009479817 0.0074798504029919425 0.021299574008519836 0.025459490810183803 0.002329953400931982 0.027419451610967788 0.030579388412231765 0.011929761404771907 0.022729545409091827 0.01181976360472791 0.004819903601927963 0.02103957920841584 0.023919521609567816 0.02453950920981581 0.016969660606787867 0.025149497010059807 0.030869382612347764 0.02971940561188777 0.030379392412151766 0.03138937221255576 0.01185976280474391 0.0005899882002359955 0.013999720005599892 0.021789564208715834 0.021429571408571838 0.016269674606507873 0.019599608007839848 0.016009679806403877 9.999800003999924e-05 0.006269874602507952 0.01678966420671587 0.02180956380872383 0.0262794744105118 0.01719965600687987 0.010919781604367915 0.012549749005019904 0.021759564808703835 0.017329653406931867 0.012619747605047903 
0.029650593011860234 0.029600592011840236 0.0047700954019080375 0.030100602012040237 0.02158043160863217 0.01937038740774815 0.019540390807816152 0.02303046060921218 0.02280045600912018 0.010780215604312086 0.015310306206124122 0.010440208804176083 0.018300366007320146 0.013130262605252104 0.0253605072101442 0.029810596211924237 0.010410208204164084 0.013220264405288106 0.029680593611872235 0.03327066541330827 0.01385027700554011 0.022380447608952178 0.028790575811516228 0.03315066301326026 0.023120462409248185 0.003990079801596031 0.018240364807296145 0.03212064241284825 0.009240184803696073 0.008020160403208063 0.025070501410028197 0.028100562011240223 0.009790195803916078 0.027150543010860215 0.017070341406828133 0.017860357207144142 0.016810336206724133 0.016210324206484127 0.01515030300606012 0.003370067401348027 0.004260085201704034 0.01624032480649613 0.01630032600652013 0.0250805016100322 0.013250265005300105 0.030170603412068238 0.01789035780715614 0.0010200204004080081 0.007710154203084061 0.014140282805656112 0.0014900298005960117 0.0009100182003640072 0.01522030440608812 0.01522030440608812 0.008950179003580071 0.010740214804296084 0.021760435208704174 
0.030599694003059973 0.02475975240247598 0.006979930200697994 0.02350976490235098 0.009559904400955993 0.009049909500904993 0.00013999860001399987 0.032959670403295976 0.0026099739002609975 0.028849711502884977 0.026949730502694978 0.027199728002719976 0.03267967320326797 0.0048599514004859954 0.029649703502964975 0.01336986630133699 0.014189858101418987 0.018999810001899983 0.02126978730212698 0.018349816501834985 0.017359826401735987 0.02509974900250998 0.015239847601523988 0.00976990230097699 0.025579744202557975 0.0004299957000429996 0.02232977670223298 0.013919860801391988 0.033319666803331975 0.01231987680123199 0.017339826601733988 0.02378976210237898 0.01094989050109499 0.019289807101928985 0.028239717602823976 0.022219777802221983 0.005219947800521995 0.0004999950000499995 0.016089839101608987 0.033369666303336966 0.005489945100548996 0.015089849101508986 0.019569804301956983 0.030719692803071973 0.026769732302676975 0.004349956500434996 0.005369946300536995 0.007789922100778993 0.007889921100788993 0.031139688603113974 0.014969850301496989 0.029209707902920976 0.016959830401695984 0.03241967580324197 0.00041999580004199966 0.007889921100788993 0.015039849601503986 
0.006839863202735944 0.0011199776004479909 0.02609947801043979 0.001479970400591988 0.007139857202855942 0.0007899842003159936 0.004199916001679966 0.011409771804563908 0.028939421211575764 0.009659806803863922 0.023679526409471807 0.04084918301633966 0.010039799204015919 0.022749545009099814 0.014959700805983878 0.0246195076098478 0.022759544809103815 0.04147917041659167 0.01476970460590788 0.02090958180836383 0.02948941021179576 0.00123997520049599 0.005369892602147956 0.0030199396012079755 0.021309573808523826 0.035539289214215716 0.01697966040679186 0.01576968460630787 0.003419931601367972 0.008289834203315933 0.026289474210515786 0.010929781404371912 0.03894922101557968 0.014199716005679885 0.012719745605087898 0.007949841003179936 0.021779564408711823 0.030139397212055757 0.023699526009479808 0.008069838603227936 0.011429771404571906 0.03198936021279574 0.031929361412771744 0.002889942201155977 0.0056998860022799535 0.028229435411291772 0.017729645407091855 0.007639847203055938 0.03842923141537169 0.001859962800743985 0.012899742005159896 0.010869782604347912 0.009559808803823924 0.019209615807683846 0.025999480010399787 0.037619247615047695 0.036369272614547705 
0.02779055581111622 0.008980179603592072 0.008000160003200064 0.007300146002920059 0.026770535410708212 0.015460309206184124 0.03527070541410829 0.03544070881417628 0.007920158403168063 0.011210224204484089 0.00854017080341607 0.00248004960099202 0.012190243804876098 0.006160123202464049 0.02403048060961219 0.03635072701454029 0.03609072181443629 0.002200044000880018 0.025090501810036202 0.0014400288005760116 0.00018000360007200145 0.008250165003300067 0.032800656013120266 0.012070241404828097 0.008550171003420069 0.013530270605412108 0.027950559011180223 0.01838036760735215 0.02786055721114422 0.01011020220404408 0.02366047320946419 0.01623032460649213 0.029670593411868236 0.026780535610712218 0.038430768615372306 0.025700514010280208 0.015360307206144123 0.03284065681313626 0.02413048260965219 0.019040380807616154 0.021530430608612174 0.015770315406308126 0.018960379207584154 0.0023200464009280187 0.0024300486009720193 0.010940218804376088 0.0378607572151443 0.0035600712014240282 5.0001000020000404e-05 0.029620592411848237 0.017700354007080144 0.03533070661413228 0.016690333806676134 0.01838036760735215 0.0026500530010600213 0.008360167203344067 0.007600152003040061 
0.02726054521090422 0.02862057241144823 0.02617052341046821 0.017150343006860136 0.0038700774015480313 0.0249504990099802 0.03222064441288826 0.03148062961259225 0.022710454209084182 0.029340586811736236 0.0077601552031040626 0.022050441008820178 0.027050541010820217 0.011440228804576092 0.029460589211784235 0.01369027380547611 0.008170163403268066 0.02387047740954819 0.021630432608652172 0.03254065081301626 0.0017000340006800136 0.023110462209244183 0.006830136602732055 0.006280125602512051 0.0020600412008240166 0.011600232004640092 0.03201064021280425 0.008440168803376067 0.030720614412288245 0.02631052621052421 0.029610592211844238 0.010960219204384088 0.030550611012220247 0.0014200284005680115 0.0018300366007320146 0.010780215604312086 0.03236064721294426 0.013280265605312107 0.012770255405108103 0.005600112002240045 0.009700194003880077 0.002230044600892018 0.003510070201404028 0.025780515610312207 0.015640312806256128 0.03043060861217224 0.005240104802096042 0.03135062701254025 0.012820256405128103 0.013430268605372107 0.00502010040200804 0.001390027800556011 0.0005700114002280045 0.014280285605712114 0.033040660813216265 0.029290585811716233 0.026610532210644217 
0.016249675006499868 0.01347973040539189 0.029069418611627762 0.007819843603127936 0.014969700605987879 0.020659586808263835 0.003829923401531969 0.022189556208875822 0.024109517809643804 0.03368932621347572 0.013819723605527889 0.018939621207575846 0.008259834803303933 0.01614967700645987 0.011879762404751904 0.021939561208775823 0.005529889402211955 0.010519789604207914 0.020519589608207833 0.01594968100637987 0.030259394812103754 0.009489810203795922 0.02206955860882782 0.010449791004179915 0.003349933001339973 0.021629567408651823 0.015879682406351868 0.026519469610607783 0.022869542609147815 0.01707965840683186 0.001489970200595988 0.03240935181296374 0.031729365412691744 0.00851982960340793 0.013799724005519888 0.004319913601727965 0.03260934781304373 0.02724945501089978 0.0245295094098118 0.004939901201975959 0.015299694006119875 0.01927961440771184 0.007599848003039938 0.011319773604527909 0.0007999840003199935 0.011539769204615906 0.029809403811923756 0.033599328013439726 0.019059618807623847 0.0246295074098518 0.010669786604267914 0.03150936981260375 0.020239595208095835 0.0011199776004479909 0.009609807803843922 0.029569408611827757 0.033579328413431725 
0.01641967160656788 0.02415951680966382 0.019229615407691858 0.015489690206195885 0.026029479410411806 0.0034399312013759743 0.03046939061218777 0.0132397352052959 0.025779484410311807 0.02384952300953982 0.015289694206115886 0.02144957100857984 0.0058098838023239565 0.022359552808943833 0.03916921661566771 0.016459670806583875 0.009389812203755931 0.002919941601167978 0.008689826203475935 0.024649507009859815 0.026409471810563804 0.01213975720485591 0.01070978580428392 0.02176956460870784 0.027189456210875797 0.01570968580628388 0.017709645807083868 0.011379772404551914 0.010499790004199922 0.019519609607807853 0.007569848603027944 0.009499810003799928 0.017359652806943873 0.03915921681566371 0.02553948921021581 0.0265694686106278 0.01215975680486391 0.030159396812063775 0.0049099018019639635 0.02412951740965182 0.0024799504009919817 0.02959940801183978 0.0019399612007759857 0.0004999900001999962 0.006949861002779948 0.012609747805043906 0.00534989300213996 0.003339933201335975 0.023379532409351828 0.02529949401011981 0.03722925541489172 0.023599528009439822 0.0025199496010079813 0.009669806603867927 0.01985960280794385 0.023089538209235826 0.03819923601527971 
0.033100000000000004 0.024240000000000005 0.016930000000000004 0.029880000000000004 0.008200000000000002 0.013250000000000001 0.030520000000000002 0.021480000000000003 0.018450000000000005 0.026840000000000003 0.0017700000000000003 0.020360000000000003 0.011780000000000002 0.03470000000000001 0.010080000000000002 0.008850000000000002 0.029090000000000005 0.023670000000000004 0.021190000000000004 0.0037900000000000004 0.018890000000000004 0.010100000000000001 0.006360000000000001 0.017580000000000002 0.014190000000000001 0.029810000000000003 0.018620000000000005 0.027740000000000004 0.016840000000000004 0.0038600000000000006 0.029560000000000003 0.0021000000000000003 0.014760000000000002 0.025590000000000005 0.020380000000000002 0.0010600000000000002 0.027790000000000002 0.00035000000000000005 0.020350000000000004 0.0032100000000000006 0.030950000000000002 0.012850000000000002 0.030060000000000003 0.022030000000000004 0.023040000000000005 0.027860000000000003 0.0010800000000000002 0.005560000000000001 0.030850000000000002 0.014800000000000002 0.015230000000000002 0.029760000000000005 0.00033000000000000005 0.025020000000000004 0.0038700000000000006 0.013450000000000002 0.015950000000000002 
0.0032800656013120258 0.010430208604172082 0.007150143002860056 0.0017400348006960137 0.0250005000100002 0.025790515810316203 0.028370567411348222 0.008610172203444068 0.010840216804336087 0.03019060381207624 0.03543070861417228 0.0016200324006480128 0.03487069741394827 0.008930178603572071 0.008840176803536071 0.01515030300606012 0.03463069261385227 0.021230424608492168 0.007860157203144064 0.034140682813656266 0.03399067981359627 0.025460509210184203 0.027610552211044217 0.0013200264005280105 0.0040900818016360325 0.021990439808796173 0.003660073201464029 0.015750315006300124 0.013440268805376106 0.03302066041320826 0.00634012680253605 0.019890397807956157 0.008150163003260064 0.012890257805156102 0.026970539410788214 0.020290405808116158 0.03275065501310026 0.02140042800856017 0.030000600012000236 0.007940158803176061 0.0126902538050761 0.007770155403108062 0.011680233604672092 0.030610612212244242 0.03484069681393628 0.007970159403188062 0.0255005100102002 0.014520290405808114 0.005430108602172043 0.0007800156003120062 0.017970359407188143 0.0022500450009000175 0.005590111802236045 0.008180163603272065 0.03312066241324826 0.027440548810976215 0.03259065181303626 
0.03163094892846784 0.0030500915027450817 0.02504075122253667 0.01904057121713651 0.028560856825704764 0.02690080702421072 0.027880836425092745 0.010210306309189274 0.026320789623688702 0.0014800444013320397 0.013980419412582374 0.003030090902727081 0.018920567617028504 0.009120273608208244 0.022940688220646613 0.03100093002790083 0.005100153004590137 0.018970569117073507 0.012920387611628345 0.01687050611518345 0.0224506735202056 0.029780893426802797 0.018030540916227484 0.005850175505265157 0.019950598517955533 0.027960838825164747 0.03527105813174394 0.015440463213896414 0.014570437113113389 0.02581077432322969 0.01794053821614648 0.029440883226496788 0.031570947128413844 0.0009200276008280246 0.03503105093152794 0.023260697820934623 0.014680440413212393 0.02889086672600177 0.005100153004590137 0.0017300519015570463 0.008640259207776231 0.03526105783173494 0.01834055021650649 0.03264097922937687 0.0013900417012510371 0.028070842125263753 0.0011100333009990298 0.006020180605418161 0.0003200096002880086 0.00487014610438313 0.033531005930177896 0.02124063721911657 0.0013900417012510371 0.03149094472834184 0.016460493814814438 0.0015300459013770408 0.0010400312009360277 
0.030160301603016033 0.027960279602796033 0.024530245302453027 0.020000200002000024 0.006970069700697008 0.020150201502015026 0.021450214502145026 0.024300243002430028 0.020450204502045023 0.013730137301373015 0.00795007950079501 0.004500045000450005 0.006620066200662008 0.010750107501075011 0.004610046100461005 0.02331023310233103 0.009440094400944012 0.011620116201162014 0.01789017890178902 0.01817018170181702 0.00047000470004700056 0.018730187301873022 0.005390053900539006 0.030840308403084035 0.022920229202292027 0.01753017530175302 0.022010220102201026 0.00903009030090301 0.005050050500505006 0.012390123901239015 0.020170201702017023 0.007140071400714008 0.005250052500525007 0.031100311003110035 0.030420304203042033 0.018370183701837024 0.02330023300233003 0.024040240402404028 0.02372023720237203 0.012530125301253013 0.015550155501555018 0.031420314203142036 0.015520155201552019 0.032000320003200036 0.028430284302843035 0.006570065700657008 0.021510215102151026 0.009180091800918012 0.029130291302913034 0.012950129501295015 0.015520155201552019 0.019660196601966023 0.010730107301073013 0.028600286002860034 0.02523025230252303 0.020020200202002025 0.013010130101301016 
0.00030999999999999995 0.025709999999999993 0.005149999999999999 0.024369999999999992 0.020119999999999996 0.020569999999999998 0.0025299999999999997 0.010589999999999999 0.026569999999999993 0.02523999999999999 0.0021799999999999996 0.03137999999999999 0.012679999999999997 0.023759999999999993 0.003959999999999999 0.023979999999999994 0.020069999999999998 0.025049999999999992 0.024849999999999994 0.019379999999999998 0.018629999999999997 0.008369999999999999 0.010189999999999998 0.024769999999999993 0.02617999999999999 0.0041199999999999995 0.018429999999999995 0.021409999999999995 0.02438999999999999 0.029199999999999993 0.026799999999999994 0.028569999999999995 0.019359999999999995 0.003779999999999999 0.025389999999999992 0.005699999999999999 0.011849999999999996 0.013319999999999997 0.00010999999999999998 0.0042699999999999995 0.008309999999999998 0.023199999999999995 0.021569999999999995 0.028709999999999992 0.025299999999999993 0.027309999999999994 0.016349999999999996 0.02557999999999999 0.005199999999999999 0.021319999999999995 0.021709999999999997 0.008449999999999997 0.022029999999999998 0.015449999999999997 0.0042699999999999995 0.023129999999999998 0.02881999999999999 
0.004719952800471996 0.02271977280227198 0.007329926700732994 0.01202987970120299 0.027569724302756976 0.0014999850001499988 0.020399796002039984 0.028279717202827976 0.014729852701472987 0.010759892401075992 0.026729732702672978 0.020799792002079983 0.016769832301676987 0.011589884101158989 0.0018799812001879983 0.030979690203097973 0.021129788702112982 0.005729942700572995 0.004749952500474996 0.02729972700272998 0.01573984260157399 0.035069649303506964 0.0072799272007279935 0.0028499715002849976 0.03440965590344097 0.024959750402495977 0.005979940200597995 0.014319856801431987 0.013619863801361988 0.015859841401585986 0.03273967260327397 0.02621973780262198 0.011049889501104991 0.014009859901400988 0.032729672703272976 0.013969860301396988 0.019689803101968984 0.007859921400785994 0.01141988580114199 0.015159848401515987 0.021169788302116983 0.0016999830001699985 0.003439965600343997 0.018909810901890985 0.031179688203117974 0.01275987240127599 0.007179928200717994 0.03363966360336398 0.027249727502724978 0.028529714702852975 0.027989720102798977 0.02304976950230498 0.0007599924000759994 0.02131978680213198 0.025529744702552978 0.016919830801691987 0.02603973960260398 
0.028290000000000006 0.021310000000000003 0.023710000000000005 0.02900000000000001 0.006490000000000002 0.026240000000000006 0.023270000000000002 0.025820000000000006 0.017360000000000004 0.013790000000000004 0.0058000000000000005 0.0076900000000000015 0.007510000000000002 0.030680000000000006 0.007930000000000001 0.007390000000000002 0.015070000000000004 0.029300000000000007 0.013240000000000004 0.016590000000000004 0.007780000000000001 0.015030000000000003 0.029070000000000006 0.0017100000000000004 0.004130000000000001 0.020040000000000002 0.032080000000000004 0.010940000000000002 0.012040000000000004 0.0056700000000000006 0.013410000000000004 0.0013200000000000002 0.02806000000000001 0.021090000000000005 0.023080000000000003 0.022230000000000003 0.028670000000000008 0.016960000000000003 0.017940000000000005 0.027780000000000006 0.031920000000000004 0.019450000000000002 0.010410000000000003 0.022530000000000005 0.009870000000000002 0.027090000000000006 0.005930000000000002 0.012050000000000003 0.03311000000000001 0.028790000000000007 0.02644000000000001 0.017670000000000005 0.0055000000000000005 0.017120000000000003 0.025790000000000007 0.003120000000000001 0.007700000000000002 
0.003379898603041909 0.0077497675069747906 0.022479325620231392 0.01259962201133966 0.00854974350769477 0.01291961241162765 0.02331930042098737 0.011969640910772676 0.01145965621031369 0.01965941021769347 0.030139095827125185 0.03528894133176005 0.011689649310520685 0.00853974380768577 0.022729318120456386 0.024769256922292333 0.029489115326540204 0.005609831705048849 0.0110896673099807 0.003979880603581893 0.03238902832915013 0.03087907362779117 0.030679079627611173 0.01782946511604652 0.03708888733338 0.012039638810835676 0.013219603411897644 0.0296891093267202 0.01931942041738748 0.009779706608801737 0.00029999100026999187 0.00888973330800076 0.02788916332510025 0.02692919212423627 0.006819795406137816 0.007589772306830796 0.03427897163085107 0.015299541013769586 0.019679409617711467 0.025429237122886316 0.011499655010349689 0.026409207723768285 0.03635890923272302 0.03680889573312801 0.007089787306380809 0.024629261122166336 0.007169784906452807 0.01183964481065568 0.010639680809575712 0.0012099637010889674 0.016529504114876553 0.013809585712428627 0.007299781006569803 0.0258692239232823 0.003979880603581893 0.01369958901232963 0.021729348119556412 
0.014740147401474014 0.02951029510295103 0.02910029100291003 0.005810058100581005 0.01103011030110301 0.0014100141001410014 0.02194021940219402 0.008430084300843008 0.025930259302593028 0.015120151201512014 0.022840228402284023 0.016180161801618017 0.016400164001640016 0.029990299902999028 0.01065010650106501 0.019700197001970017 0.018160181601816018 0.01038010380103801 0.014100141001410013 0.02269022690226902 0.026490264902649024 0.013160131601316013 0.009000090000900008 0.024390243902439022 0.02200022000220002 0.003100031000310003 0.0078100781007810075 0.015580155801558014 0.015530155301553016 0.022370223702237024 0.01912019120191202 0.025120251202512024 0.02378023780237802 0.01048010480104801 0.015890158901589017 0.018940189401894018 0.008250082500825009 0.028000280002800026 0.026330263302633026 0.02162021620216202 0.02980029800298003 0.0037600376003760036 0.02160021600216002 0.013650136501365014 0.024990249902499023 0.0069200692006920065 0.015520155201552015 0.0026100261002610023 0.028840288402884027 0.02902029020290203 0.021130211302113018 0.009760097600976009 0.01018010180101801 0.026140261402614023 0.023090230902309022 0.003030030300303003 0.028880288802888027 
0.01686983130168698 0.019449805501944972 0.019539804601953974 0.016799832001679976 0.024029759702402967 0.025649743502564964 0.025479745202547966 0.02440975590244097 0.028239717602823965 0.027469725302746967 0.024699753002469967 0.014059859401405982 0.0013099869001309983 0.020499795002049976 0.005229947700522993 0.027539724602753963 0.011579884201157985 0.011679883201167984 0.019769802301976974 0.021729782702172972 0.026919730802691964 0.0035299647003529957 0.013649863501364982 0.02356976430235697 5.999940000599993e-05 0.025989740102598965 0.025199748002519968 0.00863991360086399 0.014269857301426981 0.010989890101098986 0.015089849101508979 0.023459765402345973 0.006719932800671992 0.00046999530004699936 0.024729752702472966 0.015089849101508979 0.017229827701722978 0.029009709902900964 0.01547984520154798 0.0067799322006779905 0.02408975910240897 0.02845971540284596 0.0023499765002349972 0.016469835301646977 0.02212977870221297 0.027219727802721964 0.005849941500584993 0.019569804301956976 0.012919870801291982 0.028579714202857966 0.01589984100158998 0.004089959100408994 0.017029829701702977 0.018469815301846975 0.028039719602803964 0.006529934700652992 0.02938970610293896 
0.015559844401555986 0.03619963800361997 0.017509824901750987 0.013339866601333988 0.02216977830221698 0.018649813501864985 0.0027899721002789977 0.0024099759002409976 0.015929840701592986 0.013289867101328989 0.005959940400595995 0.037249627503724965 0.008629913700862994 0.009409905900940992 0.030779692203077972 0.006749932500674994 0.002239977600223998 0.019379806201937987 0.03497965020349797 0.02618973810261898 0.006539934600653994 0.017399826001739983 0.010019899801001991 0.02686973130268698 0.03767962320376796 0.016989830101698987 0.03043969560304397 0.034679653203467976 0.006669933300666994 0.01218987810121899 0.016589834101658988 0.018489815101848984 0.002249977500224998 0.009619903800961992 0.008229917700822993 0.0051499485005149954 0.03485965140348597 0.008429915700842993 0.017659823401765983 0.020379796202037982 0.015049849501504986 0.024629753702462977 0.018619813801861985 0.0014599854001459986 0.016399836001639988 0.03318966810331897 0.019239807601923984 0.03344966550334497 0.03309966900330997 0.027159728402715976 0.012909870901290988 0.026929730702692976 0.009069909300906993 0.0004299957000429996 0.009379906200937992 0.019219807801921986 0.019209807901920985 
0.0017000340006800138 0.017130342606852138 0.03229064581291626 0.0004700094001880038 0.010520210404208086 0.001480029600592012 0.029160583211664235 0.010860217204344089 0.004390087801756036 0.0024300486009720197 0.012790255805116103 0.02249044980899618 0.030170603412068245 0.00856017120342407 0.0034700694013880284 0.03127062541250825 0.01840036800736015 0.010380207604152085 0.011360227204544092 0.030350607012140245 0.001710034200684014 0.0033200664013280272 0.023550471009420194 0.02123042460849217 0.030590611812236247 0.0022600452009040183 0.03262065241304827 0.02925058501170024 0.0019200384007680156 0.0075401508030160614 0.031580631612632255 0.006690133802676054 0.031830636612732256 0.015280305606112125 0.017730354607092144 0.024080481609632196 0.024080481609632196 0.030010600212004242 0.017730354607092144 0.03313066261325227 0.011670233404668095 0.00861017220344407 0.0007500150003000061 0.028620572411448233 0.02330046600932019 0.012720254405088104 0.016240324806496134 0.02098041960839217 0.018710374207484153 0.02354047080941619 0.01708034160683214 0.030240604812096245 0.029100582011640237 0.016080321606432132 0.02210044200884018 0.02952059041180824 0.01492029840596812 
0.007489700411983522 2.9998800047998086e-05 0.031338746450142 0.011399544018239272 0.02553897844086237 0.01457941682332707 0.02376904923803048 0.0282288708451662 0.020109195632174715 0.011339546418143276 0.024569017239310435 0.026728930842766296 0.015379384824607018 0.011079556817727293 0.024009039638414467 0.025568977240910368 0.0005999760009599616 0.03010879564817408 0.0013799448022079118 0.017179312827486904 0.013549458021679135 0.02254909803607856 0.03323867045318188 0.0031598736050557985 0.0017299308027678897 0.02757889684412624 0.030448782048718058 0.01611935522579097 0.031728730850765975 0.026568937242510304 0.031538738450461984 0.01301947922083117 0.016209351625934964 0.011829526818927245 0.03286868525258991 0.004269829206831728 0.02963881444742211 0.023579056837726497 0.0250589976400944 0.009949602015919365 0.002929882804687813 0.01737930482780689 0.024209031638734453 0.00042998280068797255 0.0056897724091036364 0.026588936442542302 0.00109995600175993 0.00844966201351946 0.01709931602735891 0.029728810847566102 0.029308827646894128 0.012129514819407225 0.014509419623215074 0.014019439222431105 0.010459581616735334 0.006639734410623576 0.02426902923883045 
0.01835036700734015 0.028140562811256223 0.001500030000600012 0.0012000240004800095 0.030240604812096242 0.0065501310026200524 0.013120262405248105 0.010870217404348086 0.0123702474049481 0.01882037640752815 0.02380047600952019 0.025600512010240207 0.0020400408008160167 0.019250385007700155 0.02241044820896418 0.003000060001200024 0.0065401308026160525 0.00990019800396008 0.0124002480049601 0.016020320406408127 0.007670153403068061 0.025320506410128202 0.023130462609252188 0.008800176003520071 0.018240364807296145 0.017840356807136144 0.0008100162003240065 0.011650233004660095 0.01754035080701614 0.02167043340866817 0.022230444608892178 0.024370487409748193 0.0014200284005680115 0.016660333206664133 0.03391067821356428 0.03562071241424829 0.010160203204064083 0.03349066981339627 0.01774035480709614 0.015140302806056122 0.001970039400788016 0.028280565611312227 0.03008060161203224 0.03283065661313226 0.015650313006260127 0.0249304986099722 0.029070581411628233 0.0005700114002280045 0.0124602492049841 0.010440208804176083 0.01378027560551211 0.03494069881397628 0.03391067821356428 0.0074501490029800594 0.017040340806816136 0.03392067841356827 0.02713054261085222 
0.004430088601772035 0.010920218404368087 0.021850437008740176 0.0028900578011560236 0.003340066801336027 0.011640232804656092 0.017110342206844136 0.029630592611852236 0.023130462609252188 0.007870157403148063 0.027090541810836217 0.0006100122002440049 0.029550591011820237 0.025440508810176204 0.03263065261305226 0.02881057621152423 0.0005600112002240045 0.007170143402868058 0.018000360007200143 0.03294065881317626 0.028300566011320225 0.02011040220804416 0.033040660813216265 0.016750335006700135 0.030730614612292248 0.030350607012140242 0.0009100182003640072 0.03300066001320027 0.01977039540790816 0.00493009860197204 0.005650113002260045 0.00044000880017600356 0.02124042480849617 0.022000440008800175 0.0247404948098962 0.0007300146002920058 0.004800096001920038 0.006880137602752055 0.014670293405868118 0.002400048000960019 0.01856037120742415 0.004040080801616033 0.025710514210284207 0.033100662013240266 0.017810356207124144 0.0015500310006200124 0.005890117802356047 0.03455069101382027 0.017530350607012142 0.034890697813956276 0.014830296605932118 0.01745034900698014 0.015510310206204124 0.025860517210344207 0.018100362007240148 0.03217064341286825 0.025380507610152203 
0.03353100593017791 0.03141094232826985 0.005790173705211158 0.017560526815804476 0.011780353410602322 0.009760292808784266 0.025470764122923692 0.01212036361090833 0.018680560416812507 0.029560886826604803 0.020890626718801566 0.01612048361450844 0.0039801194035821085 0.01806054181625449 0.007940238207146216 0.009310279308379254 0.014960448813464406 0.029530885926577804 0.011490344710341313 0.010060301809054274 0.023320699620988636 0.028620858625758777 0.028230846925407768 0.01643049291478745 0.00403012090362711 0.008970269108073244 0.001730051901557047 0.017800534016020483 0.029080872426172792 0.009980299408982271 0.02762082862485875 0.03169095072852186 0.001940058201746053 0.027740832224966754 0.01764052921587648 0.006390191705751174 0.02670080102403073 0.007220216606498196 0.02549076472294169 0.028170845125353765 0.009680290408712263 0.032930987929637896 0.008770263107893238 0.004690140704221127 0.027790833725011753 0.011100333009990302 0.0016600498014940452 0.0026300789023670714 0.03268098042941289 0.005890176705301161 0.025210756322689685 0.02717081512445374 0.026230786923607714 0.02804084122523676 0.008010240307209218 0.01793053791613749 0.02277068312049362 
0.006689799306020818 0.027759167224983245 0.021439356819295416 0.028799136025919218 0.009359719208423746 0.03088907332780016 0.0294391168264952 0.02841914742557723 0.014399568012959609 0.014829555113346595 0.032999010029699107 0.020699379018629435 0.03084907452776416 0.0002499925002249932 0.012349629511114664 0.0043398698039058825 0.0019299421017369477 0.006509804705858823 0.018659440216793492 0.025589232323030307 0.0015499535013949579 0.02457926262212133 0.02473925782226533 0.014989550313490592 0.019279421617351473 0.0053998380048598535 0.011789646310610679 0.01437956861294161 0.020429387118386443 0.024879253622391323 0.021919342419727404 0.011149665510034696 0.026959191224263268 0.03273901782946511 0.008219753407397777 0.01513954581362559 0.024409267721968338 0.012239632811015666 0.020849374518764435 0.022299331020069393 0.0005699829005129845 0.031339059828205146 0.008919732408027759 0.025839224823255295 0.027209183724488262 0.024169274921752342 0.006409807705768825 0.010119696409107726 0.014679559613211601 0.020379388618341446 0.007209783706488804 0.016769496915092545 0.019899403017909458 0.02505924822255332 0.009979700608981727 0.02467925962221133 0.0026299211023669286 
0.003590107703231097 0.01924057721731652 0.03056091682750483 0.0221206636199086 0.017090512715381465 0.03141094232826985 0.025980779423382703 0.008600258007740233 0.0030000900027000814 0.0042501275038251156 0.016490494714841448 0.029590887726631803 0.025170755122653682 0.005100153004590139 0.009070272108163246 0.01806054181625449 0.02478074342230267 0.018740562216866506 0.00702021060631819 0.0005800174005220157 0.017150514515435464 0.02545076352290569 0.019030570917127513 0.013920417612528378 0.02918087542626279 0.00631018930567917 0.01771053131593948 0.019330579917397523 0.02103063091892757 0.029140874226226788 0.026840805224156727 0.029030870926127786 0.03134094022820685 0.0013000390011700352 0.020460613818414554 0.022690680720421613 0.0047401422042661285 0.015790473714211425 0.0185105553166595 0.028290848725461764 0.00703021090632719 0.016540496214886447 0.011030330909927298 0.013800414012420374 0.010160304809144276 0.02182065461963859 0.01031030930927928 0.030400912027360824 0.00849025470764123 0.012870386111583348 0.021130633919017573 0.010980329409882297 0.01883056491694751 0.018200546016380492 0.02328069842095263 0.017440523215696474 0.029980899426982812 
0.028259434811303785 0.0131797364052719 0.025589488210235805 0.011469770604587912 0.03419931601367974 0.013849723005539893 0.009529809403811927 0.029539409211815772 0.014549709005819889 0.008309833803323936 0.025779484410311804 0.034509309813803735 0.025319493610127804 0.02064958700825984 0.002349953000939982 0.025489490210195802 0.032039359212815754 0.003679926401471972 0.004659906801863964 0.005689886202275956 0.017629647407051863 0.023799524009519818 0.006199876002479952 0.029239415211695773 0.017559648807023865 0.011079778404431915 0.0006599868002639949 0.008799824003519932 0.028589428211435782 0.02874942501149978 0.015209695806083882 0.02197956040879183 0.003639927201455972 0.02748945021099579 0.006909861802763947 0.010029799404011924 0.011219775604487914 0.035139297214055724 0.029599408011839773 0.030859382812343763 0.017439651206975867 0.022429551408971828 0.007229855402891945 0.023949521009579814 0.033859322813543744 0.004229915401691968 0.03005939881202377 0.003679926401471972 0.0019499610007799849 0.01555968880622388 0.001819963600727986 0.029089418211635777 0.013509729805403896 0.012029759404811909 0.00776984460310794 0.03129937401251976 0.011069778604427915 
0.026299474010519793 0.029669406611867764 0.018509629807403852 0.014279714405711887 0.0066798664026719475 0.01381972360552789 0.0251194976100478 0.01924961500769985 0.009809803803923921 0.028209435811283774 0.007849843003139937 0.019989600207995843 0.005339893202135958 0.0014799704005919883 0.016939661206775865 0.031249375012499754 0.00995980080398392 0.020369592608147837 0.02773944521109578 0.007279854402911942 0.02943941121177577 0.02653946921061579 0.0007899842003159938 0.005449891002179957 0.005289894202115958 0.006029879402411952 0.01131977360452791 0.001149977000459991 0.019489610207795847 0.008039839203215937 0.030629387412251758 0.03141937161256775 0.02312953740925182 0.021029579408411835 0.029719405611887764 0.004259914801703966 0.005569888602227956 0.014409711805763885 0.03355932881342374 0.03043939121217576 0.031869362612747754 0.00021999560008799826 0.02776944461110778 0.03511929761404772 0.008549829003419933 0.01924961500769985 0.028719425611487773 0.017519649607007862 0.032019359612807746 0.029619407611847767 0.0024699506009879806 0.03410931781364373 0.012919741605167897 0.03462930741385173 0.003959920801583969 0.0025999480010399792 0.0011099778004439913 
0.01898018980189801 0.019590195901959012 0.010020100201002006 0.018360183601836014 0.028990289902899015 0.030050300503005018 0.013840138401384008 0.026500265002650014 0.021690216902169015 0.004880048800488003 0.003510035100351002 0.025450254502545015 0.019650196501965013 0.027940279402794015 0.005130051300513003 0.015430154301543009 0.027260272602726017 0.009010090100901006 0.019160191601916014 0.020190201902019013 0.010570105701057006 0.027580275802758018 0.017440174401744012 0.02551025510255102 0.010780107801078007 0.01599015990159901 0.009320093200932005 0.016320163201632012 0.019460194601946014 0.006930069300693005 0.024520245202452016 0.012440124401244007 0.02739027390273902 0.0035900359003590023 0.0066900669006690035 0.023310233102331015 0.005070050700507003 0.013130131301313007 0.012780127801278008 0.017980179801798012 0.008710087100871006 0.03066030660306602 0.031620316203162024 0.028360283602836017 0.006160061600616004 0.03114031140311402 0.004950049500495004 0.028070280702807017 0.004440044400444003 0.015560155601556009 0.027630276302763015 0.02851028510285102 0.022330223302233013 0.004010040100401002 0.016140161401614013 0.012600126001260007 0.026670266702667016 
0.018930378607572153 0.0037300746014920306 0.030880617612352255 0.03306066121322427 0.006130122602452051 0.002300046000920019 0.006660133202664055 0.02054041080821617 0.004500090001800037 0.02901058021160424 0.002180043600872018 0.025890517810356214 0.013020260405208107 0.00845016900338007 0.0358507170143403 0.017600352007040146 0.031000620012400254 0.01347026940538811 0.02545050901018021 0.013940278805576115 0.03252065041300827 0.014540290805816121 0.023420468409368192 0.03002060041200825 0.030390607812156252 0.01108022160443209 0.03548070961419229 0.021580431608632177 0.0022600452009040183 0.004540090801816037 0.003500070001400029 0.0022600452009040183 0.01323026460529211 0.018650373007460155 0.0005800116002320048 0.017610352207044145 0.02079041580831617 0.02658053161063222 0.03793075861517231 0.010180203604072085 0.028500570011400234 0.016300326006520132 0.031360627212544255 0.014380287605752119 0.03520070401408029 0.0057401148022960475 0.0026900538010760223 0.030910618212364255 0.0014500290005800118 0.0049600992019840405 0.021340426808536178 0.011160223204464092 0.0017600352007040145 0.03146062921258426 0.027630552611052225 0.01586031720634413 0.01955039100782016 
0.02268022680226803 0.022900229002290034 0.02838028380283804 0.010320103201032015 0.023480234802348034 0.016240162401624025 0.027800278002780038 0.012320123201232016 0.01620016200162002 0.012520125201252017 0.008070080700807012 0.02687026870268704 0.02714027140271404 0.0008000080000800012 0.02260022600226003 0.029740297402974042 0.0016000160001600023 0.013880138801388019 0.01525015250152502 0.01931019310193103 0.0025000250002500035 0.006670066700667009 0.023850238502385032 0.0005800058000580008 0.019250192501925025 0.03126031260312605 0.026420264202642037 0.011170111701117015 0.02911029110291104 0.01340013400134002 0.031390313903139046 0.029860298602986043 0.03246032460324605 0.011020110201102015 0.016850168501685026 0.013980139801398018 0.03178031780317805 0.02848028480284804 0.009550095500955013 0.01438014380143802 0.01472014720147202 0.026650266502665037 0.002910029100291004 0.02225022250222503 0.004110041100411006 0.026010260102601036 0.031520315203152044 0.00700007000070001 0.0024200242002420033 0.0022400224002240027 0.027780277802778038 0.019450194501945024 0.005570055700557008 0.010110101101011014 0.027830278302783038 0.011890118901189016 0.015470154701547022 
0.00651 0.02781 0.01512 0.00082 0.02562 0.02158 0.0119 0.03606 0.03383 0.02969 0.00744 0.002 0.00533 0.03083 0.03204 0.01405 0.00326 0.0314 0.00189 0.025 0.00686 0.0135 0.00048 0.00283 0.01862 0.00327 0.0233 0.016 0.02399 0.03356 0.00178 0.01867 0.01236 0.00609 0.02016 0.01966 0.02806 0.01129 0.02984 0.01464 0.00945 0.03167 0.00569 0.03441 0.01263 0.03782 0.03274 0.03286 0.00636 0.02009 0.02782 0.00939 0.01333 0.0038 0.01395 0.00377 0.03708 
0.022699773002269986 0.010599894001059993 0.0006099939000609996 0.024619753802461983 0.01802981970180299 0.012489875101248991 0.01667983320166799 0.008159918400815995 0.023119768802311987 0.0005599944000559996 0.006029939700602996 0.03491965080349198 0.01911980880191199 0.012479875201247992 0.021939780602193988 0.04054959450405498 0.015349846501534991 0.0037699623003769975 0.040809591904080976 0.0010699893001069993 0.024259757402425985 0.017479825201747987 0.019749802501974986 0.008609913900860994 0.011009889901100994 0.005929940700592997 0.02111978880211199 0.021849781502184987 0.0001699983000169999 0.01556984430155699 0.0067599324006759965 0.03632963670363298 0.0020199798002019987 0.030889691103088982 0.033639663603363984 0.024249757502424987 0.004009959900400997 0.004669953300466997 0.03313966860331398 0.0021599784002159987 0.017449825501744988 0.011669883301166993 0.0006999930000699996 0.01689983100168999 0.013149868501314992 0.0024999750002499986 0.015109848901510991 0.009069909300906995 0.025109748902510984 0.03271967280327198 0.022179778202217986 0.03708962910370898 0.03582964170358298 0.029679703202967984 0.026709732902670983 0.03957960420395797 0.0073299267007329956 
0.012740254805096102 0.0124502490049801 0.03370067401348027 0.004360087201744035 0.010880217604352089 0.017060341206824134 0.02983059661193224 0.0125202504050081 0.007790155803116062 0.002350047000940019 0.010910218204364087 0.006020120402408048 0.027040540810816218 0.006820136402728054 0.002160043200864017 0.030760615212304245 0.00021000420008400168 0.006850137002740055 0.02724054481089622 0.029330586611732233 0.03173063461269226 0.015260305206104122 0.015570311406228126 0.026840536810736216 0.016980339606792134 0.032350647012940256 0.02722054441088822 0.006730134602692054 0.006300126002520051 0.008230164603292065 0.025600512010240207 0.00979019580391608 0.0067701354027080544 0.02635052701054021 0.007730154603092062 0.007850157003140063 0.013450269005380109 0.01610032200644013 0.01610032200644013 0.02964059281185624 0.012100242004840096 0.005680113602272046 0.029130582611652234 0.03143062861257225 0.03281065621312426 0.023330466609332186 0.02615052301046021 0.027120542410848218 0.020680413608272167 0.02648052961059221 0.028530570611412228 0.0251505030100602 0.01865037300746015 0.01608032160643213 0.01976039520790416 0.014690293805876118 0.004600092001840037 
0.017490174901749016 0.020970209702097023 0.028570285702857034 0.012730127301273014 0.015680156801568017 0.015660156601566017 0.012810128101281014 0.02611026110261103 0.031060310603106035 0.029490294902949032 0.011270112701127013 0.018450184501845022 0.021940219402194025 0.001920019200192002 0.022800228002280026 0.009470094700947009 0.005010050100501005 0.018430184301843018 0.016000160001600018 0.014310143101431015 0.007520075200752008 0.015520155201552017 0.024070240702407028 0.01739017390173902 0.022290222902229026 0.02734027340273403 0.010500105001050012 0.00915009150091501 0.023830238302383025 0.02840028400284003 0.009910099100991011 0.01973019730197302 0.017630176301763018 0.015730157301573018 0.024530245302453027 0.014010140101401015 0.0076100761007610075 0.009430094300943008 0.02139021390213902 0.007250072500725008 0.006360063600636007 0.015660156601566017 0.006960069600696008 0.003920039200392004 0.022520225202252022 0.00910009100091001 0.023410234102341027 0.02467024670246703 0.02731027310273103 0.020930209302093022 0.02519025190251903 0.0075400754007540075 0.024480244802448023 0.03110031100311003 0.025640256402564027 0.01632016320163202 0.025480254802548025 
0.010189490525473724 0.026678666066696662 0.02533873306334683 0.0020598970051497424 0.004689765511724413 0.015539223038848056 0.014759262036898153 0.006939653017349132 0.03173841307934603 0.025878706064696763 0.005419729013549322 0.03245837708114594 0.016059197040147993 0.031608419579021045 0.0004099795010249487 0.02765861706914654 0.009949502524873756 0.0024098795060246985 0.011859407029648517 0.023638818059097046 0.03245837708114594 0.015809209539523025 0.025928703564821756 0.02804859757012149 0.020428978551072445 0.009149542522873855 0.010629468526573671 0.03316834158292085 0.026478676066196687 0.023018849057547117 0.016499175041247937 0.025478726063696812 0.02846857657117144 0.017799110044497773 0.009559522023898806 0.0183890805459727 0.022358882055897204 0.024478776061196937 0.01270936453177341 0.005369731513424328 0.0175891205439728 0.030748462576871152 0.026738663066846656 0.022098895055247238 0.020908954552272385 0.01806909654517274 0.006539673016349182 0.006459677016149192 0.0023198840057997096 0.02862856857157142 0.025768711564421776 0.012959352032398378 0.0037498125093745308 0.005899705014749262 0.005169741512924353 0.011289435528223587 0.023548822558872057 
0.0012899999999999997 0.020969999999999996 0.03336999999999999 0.009259999999999997 0.013549999999999996 0.03715999999999999 0.016609999999999996 0.0005399999999999999 0.006959999999999998 0.004399999999999999 0.022069999999999996 0.008029999999999999 0.029979999999999993 0.017439999999999997 0.025289999999999993 0.030309999999999993 0.014539999999999997 0.005109999999999999 0.007519999999999998 0.019659999999999997 0.004079999999999999 0.009889999999999998 0.03221999999999999 0.016039999999999995 0.036329999999999994 0.026889999999999994 0.022219999999999997 0.03581999999999999 0.031229999999999994 0.010419999999999999 0.013699999999999997 0.021229999999999995 0.024409999999999994 0.010609999999999998 0.025289999999999993 0.003149999999999999 0.03507999999999999 0.006179999999999998 0.03379999999999999 0.009709999999999998 0.011379999999999998 0.019079999999999996 0.016249999999999997 0.00017999999999999998 0.015049999999999996 0.032589999999999994 0.021219999999999996 0.013969999999999996 0.023559999999999994 0.024489999999999994 0.016939999999999997 0.011609999999999999 0.007169999999999998 0.007959999999999998 0.012549999999999997 0.011359999999999999 0.022279999999999998 
0.019090572717181516 0.015620468614058422 0.0002400072002160065 0.013070392111763352 0.0001000030000900027 0.0012400372011160334 0.011300339010170303 0.03677110313309399 0.00813024390731722 0.007620228606858206 0.032400972029160875 0.005720171605148154 0.036101083032490974 0.034721041631248936 0.035361060831824956 0.03622108663259898 0.028710861325839773 0.00029000870026100784 0.027280818424552735 0.00026000780023400697 0.02697080912427373 0.016080482414472436 0.014610438313149393 0.0074102223066692 0.016360490814724443 0.02065061951858556 0.008680260407812234 0.011220336610098303 0.013490404712141364 0.007520225606768203 0.028760862825884775 0.008210246307389221 0.020250607518225546 0.03532105963178895 0.017280518415552466 0.008700261007830234 0.03265097952938588 0.009160274808244247 0.01645049351480544 0.02114063421902657 0.010080302409072272 0.027950838525155754 0.028300849025470764 0.037001110033301 0.008660259807794233 0.028780863425902775 0.02044061321839655 0.01667050011500345 0.004270128103843115 0.03178095342860286 0.022590677720331607 0.015730471914157426 0.0334810044301329 0.0009900297008910268 0.010860325809774293 0.008480254407632228 0.0027600828024840745 
0.030449391012179753 0.022409551808963816 0.0011899762004759903 0.029899402011959758 0.007669846603067938 0.006669866602667945 0.015179696406071877 0.0027599448011039773 0.004299914001719965 0.026519469610607783 0.01832963340733185 0.03187936241275174 0.020119597608047834 0.0037599248015039695 0.026409471810563783 0.031529369412611745 0.027889442211155774 0.029109417811643765 0.014109717805643884 0.022949541009179814 0.01363972720545589 0.015249695006099876 0.006259874802503949 0.024079518409631805 0.030489390212195752 0.017689646207075856 0.02165956680866382 0.0069598608027839435 0.020579588408231833 0.005239895202095958 0.02300953980920381 0.01584968300633987 0.027989440211195774 0.006409871802563948 0.01843963120737585 0.013659726805463889 0.022339553208935818 0.01577968440631187 0.011759764804703903 0.029259414811703764 0.005579888402231954 0.024249515009699803 0.029999400011999754 0.02941941161176776 0.03132937341253174 0.02091958160836783 0.020429591408171834 0.011659766804663905 0.004089918201635966 0.0067798644027119446 0.029569408611827757 0.009649807003859923 0.001609967800643987 0.020739585208295833 0.002809943801123977 0.026089478210435786 0.005599888002239955 
0.006420128402568053 0.027240544810896224 0.003720074401488031 0.031110622212444254 0.010860217204344089 0.013030260605212108 0.012000240004800098 0.029550591011820244 0.001430028600572012 0.0010600212004240087 0.013170263405268109 0.032600652013040264 0.0017500350007000145 0.0041700834016680345 0.01928038560771216 0.02163043260865218 0.023390467809356195 0.03497069941398829 0.008020160403208066 0.024050481009620196 0.02217044340886818 0.002600052001040021 0.03382067641352828 0.022620452409048187 0.036790735814716306 0.022770455409108187 0.011900238004760099 0.034630692613852286 0.032740654813096265 0.005840116802336048 0.003050061001220025 0.016300326006520132 0.025140502810056205 0.013550271005420111 0.03230064601292027 0.02592051841036821 0.022210444208884184 0.016000320006400132 0.020960419208384172 0.002660053201064022 0.0004500090001800037 0.03132062641252826 0.02163043260865218 0.01966039320786416 0.029900598011960246 0.0004100082001640034 0.011130222604452091 0.00607012140242805 0.032750655013100274 0.011320226404528094 0.023330466609332193 0.004440088801776037 0.01322026440528811 0.0026200524010480215 0.0363307266145323 0.007860157203144065 0.0241204824096482 
0.012059758804823902 0.0020499590008199835 0.03086938261234775 0.007069858602827942 0.025749485010299788 0.022709545809083815 0.010649787004259913 0.01464970700585988 0.005149897002059959 0.003319933601327973 0.03386932261354772 0.002079958400831983 0.02116957660846783 0.03485930281394372 0.01726965460690786 0.02579948401031979 0.016999660006799863 0.010629787404251915 0.02315953680926381 0.0027699446011079775 0.007179856402871942 0.029139417211655763 0.018749625007499847 0.027989440211195774 0.022259554808903816 0.004589908201835963 0.02183956320873582 0.006679866402671946 0.01600967980640387 0.017879642407151855 0.018979620407591845 0.028849423011539765 0.028669426611467767 0.01605967880642387 0.03150936981260375 0.009469810603787923 0.024409511809763803 0.0016599668006639864 0.026299474010519786 0.019099618007639842 0.020069598608027837 0.01731965360692786 0.011859762804743905 0.026869462610747782 0.008109837803243933 0.011519769604607906 0.015109697806043878 0.0069198616027679434 0.021889562208755823 0.028609427811443766 0.008879822403551929 0.004399912001759964 0.01741965160696786 0.026799464010719785 0.029739405211895758 0.02704945901081978 0.017229655406891857 

emissions
0 1 1 1 1 1 1 1 1 1 1 1 1 1 1 1 1 1 1 1 1 1 1 1 1 1 1 1 1 1 1 1 1 1 1 1 1 1 1 1 1 1 1 1 1 1 1 1 1 1 1 1 1 1 1 1 1 
1 0 0 0 0 0 0 0 0 0 0 0 0 0 0 0 0 0 0 0 0 0 0 0 0 0 0 0 0 0 0 0 0 0 0 0 0 0 0 0 0 0 0 0 0 0 0 0 0 0 0 0 0 0 0 0 0 
