states
0 1 2 3 4 5 6 7 8 9 10 11 12 13 14 15 16 17 18 19 20 21 22 23 24 25 26 27 28 29 30 31 32 33 34 35 36 37 38 39 40 41 42 43 44 45 46 47 48 49 50 51 52 53 54 55 56 
labels
init empty 
initial
0.0 0.0 0.0 0.0 0.0 0.0 0.0 0.0 0.0 0.0 0.0 0.0 0.0 0.0 0.0 0.0 0.0 0.0 0.0 0.0 0.0 0.0 0.0 0.0 0.0 0.0 0.0 0.0 0.0 0.0 0.0 0.0 0.0 0.0 0.0 0.0 0.0 0.0 0.0 0.0 0.0 0.0 0.0 0.0 0.0 0.0 0.0 0.0 0.0 0.0 0.0 0.0 0.0 0.0 0.0 0.0 1.0
transitions
0.0250783699059561 0.01880877742946708 0.006269592476489025 0.028213166144200615 0.0250783699059561 0.028213166144200615 0.00940438871473354 0.031347962382445124 0.0250783699059561 0.0250783699059561 0.0250783699059561 0.031347962382445124 0.028213166144200615 0.015673981191222562 0.00940438871473354 0.02194357366771159 0.015673981191222562 0.01253918495297805 0.0031347962382445127 0.0250783699059561 0.01880877742946708 0.01880877742946708 0.031347962382445124 0.02194357366771159 0.02194357366771159 0.028213166144200615 0.00940438871473354 0.01880877742946708 0.028213166144200615 0.006269592476489025 0.00940438871473354 0.0250783699059561 0.0031347962382445127 0.028213166144200615 0.01253918495297805 0.006269592476489025 0.0031347962382445127 0.01253918495297805 0.00940438871473354 0.01253918495297805 0.00940438871473354 0.031347962382445124 0.00940438871473354 0.006269592476489025 0.0031347962382445127 0.006269592476489025 0.031347962382445124 0.031347962382445124 0.0031347962382445127 0.0250783699059561 0.00940438871473354 0.02194357366771159 0.01253918495297805 0.0250783699059561 0.028213166144200615 0.00940438871473354 0.0 
0.021148036253776436 0.02416918429003021 0.02416918429003021 0.030211480362537766 0.00906344410876133 0.02416918429003021 0.01812688821752266 0.012084592145015106 0.0030211480362537764 0.01812688821752266 0.015105740181268883 0.012084592145015106 0.027190332326283987 0.030211480362537766 0.01812688821752266 0.027190332326283987 0.021148036253776436 0.02416918429003021 0.0030211480362537764 0.015105740181268883 0.021148036253776436 0.027190332326283987 0.015105740181268883 0.027190332326283987 0.006042296072507553 0.030211480362537766 0.01812688821752266 0.015105740181268883 0.00906344410876133 0.012084592145015106 0.015105740181268883 0.02416918429003021 0.021148036253776436 0.021148036253776436 0.027190332326283987 0.0030211480362537764 0.012084592145015106 0.01812688821752266 0.021148036253776436 0.006042296072507553 0.006042296072507553 0.021148036253776436 0.0030211480362537764 0.027190332326283987 0.02416918429003021 0.01812688821752266 0.02416918429003021 0.021148036253776436 0.027190332326283987 0.015105740181268883 0.015105740181268883 0.0030211480362537764 0.02416918429003021 0.00906344410876133 0.006042296072507553 0.027190332326283987 0.0 
0.02857142857142858 0.006349206349206351 0.012698412698412702 0.006349206349206351 0.012698412698412702 0.02222222222222223 0.025396825396825404 0.01587301587301588 0.0031746031746031755 0.025396825396825404 0.012698412698412702 0.025396825396825404 0.03174603174603176 0.02222222222222223 0.02222222222222223 0.03174603174603176 0.012698412698412702 0.009523809523809528 0.025396825396825404 0.02222222222222223 0.025396825396825404 0.03174603174603176 0.01587301587301588 0.012698412698412702 0.0031746031746031755 0.019047619047619056 0.0031746031746031755 0.03174603174603176 0.019047619047619056 0.025396825396825404 0.019047619047619056 0.03174603174603176 0.02857142857142858 0.009523809523809528 0.01587301587301588 0.009523809523809528 0.012698412698412702 0.0031746031746031755 0.012698412698412702 0.02222222222222223 0.03174603174603176 0.0031746031746031755 0.012698412698412702 0.01587301587301588 0.02857142857142858 0.02222222222222223 0.012698412698412702 0.025396825396825404 0.012698412698412702 0.03174603174603176 0.006349206349206351 0.01587301587301588 0.02857142857142858 0.012698412698412702 0.0031746031746031755 0.009523809523809528 0.0 
0.01582278481012658 0.022151898734177212 0.006329113924050631 0.03164556962025316 0.0031645569620253155 0.03164556962025316 0.012658227848101262 0.006329113924050631 0.009493670886075948 0.012658227848101262 0.009493670886075948 0.03164556962025316 0.018987341772151896 0.009493670886075948 0.025316455696202524 0.03164556962025316 0.018987341772151896 0.022151898734177212 0.018987341772151896 0.03164556962025316 0.03164556962025316 0.022151898734177212 0.02848101265822784 0.018987341772151896 0.01582278481012658 0.01582278481012658 0.022151898734177212 0.009493670886075948 0.009493670886075948 0.006329113924050631 0.012658227848101262 0.025316455696202524 0.01582278481012658 0.0031645569620253155 0.018987341772151896 0.025316455696202524 0.012658227848101262 0.02848101265822784 0.018987341772151896 0.03164556962025316 0.006329113924050631 0.018987341772151896 0.01582278481012658 0.012658227848101262 0.03164556962025316 0.018987341772151896 0.022151898734177212 0.022151898734177212 0.006329113924050631 0.0031645569620253155 0.018987341772151896 0.009493670886075948 0.0031645569620253155 0.018987341772151896 0.02848101265822784 0.018987341772151896 0.0 
0.024615384615384615 0.027692307692307693 0.03076923076923077 0.03076923076923077 0.003076923076923077 0.012307692307692308 0.024615384615384615 0.003076923076923077 0.015384615384615385 0.024615384615384615 0.024615384615384615 0.015384615384615385 0.006153846153846154 0.012307692307692308 0.003076923076923077 0.024615384615384615 0.024615384615384615 0.018461538461538463 0.006153846153846154 0.018461538461538463 0.012307692307692308 0.03076923076923077 0.012307692307692308 0.003076923076923077 0.03076923076923077 0.024615384615384615 0.021538461538461538 0.006153846153846154 0.024615384615384615 0.03076923076923077 0.021538461538461538 0.012307692307692308 0.024615384615384615 0.009230769230769232 0.024615384615384615 0.027692307692307693 0.03076923076923077 0.006153846153846154 0.009230769230769232 0.03076923076923077 0.003076923076923077 0.021538461538461538 0.027692307692307693 0.018461538461538463 0.024615384615384615 0.018461538461538463 0.027692307692307693 0.006153846153846154 0.009230769230769232 0.012307692307692308 0.003076923076923077 0.018461538461538463 0.018461538461538463 0.021538461538461538 0.021538461538461538 0.003076923076923077 0.0 
0.03236245954692558 0.019417475728155345 0.019417475728155345 0.01294498381877023 0.019417475728155345 0.03236245954692558 0.006472491909385115 0.006472491909385115 0.03236245954692558 0.02912621359223302 0.006472491909385115 0.03236245954692558 0.006472491909385115 0.0032362459546925577 0.022653721682847905 0.0032362459546925577 0.0032362459546925577 0.009708737864077673 0.02912621359223302 0.03236245954692558 0.0032362459546925577 0.009708737864077673 0.03236245954692558 0.006472491909385115 0.019417475728155345 0.01294498381877023 0.019417475728155345 0.02588996763754046 0.01294498381877023 0.022653721682847905 0.03236245954692558 0.019417475728155345 0.02912621359223302 0.01294498381877023 0.022653721682847905 0.01618122977346279 0.01618122977346279 0.009708737864077673 0.02912621359223302 0.019417475728155345 0.02588996763754046 0.022653721682847905 0.009708737864077673 0.02912621359223302 0.01618122977346279 0.009708737864077673 0.022653721682847905 0.006472491909385115 0.0032362459546925577 0.01618122977346279 0.03236245954692558 0.0032362459546925577 0.02588996763754046 0.03236245954692558 0.0032362459546925577 0.009708737864077673 0.0 
0.012500000000000002 0.0031250000000000006 0.0031250000000000006 0.006250000000000001 0.025000000000000005 0.028125000000000004 0.009375000000000001 0.028125000000000004 0.012500000000000002 0.021875000000000002 0.015625000000000003 0.03125000000000001 0.03125000000000001 0.028125000000000004 0.0031250000000000006 0.028125000000000004 0.015625000000000003 0.006250000000000001 0.018750000000000003 0.018750000000000003 0.012500000000000002 0.006250000000000001 0.009375000000000001 0.03125000000000001 0.012500000000000002 0.006250000000000001 0.012500000000000002 0.018750000000000003 0.006250000000000001 0.025000000000000005 0.015625000000000003 0.025000000000000005 0.028125000000000004 0.018750000000000003 0.006250000000000001 0.028125000000000004 0.021875000000000002 0.0031250000000000006 0.018750000000000003 0.012500000000000002 0.006250000000000001 0.028125000000000004 0.0031250000000000006 0.018750000000000003 0.03125000000000001 0.03125000000000001 0.015625000000000003 0.03125000000000001 0.021875000000000002 0.018750000000000003 0.015625000000000003 0.03125000000000001 0.028125000000000004 0.012500000000000002 0.025000000000000005 0.015625000000000003 0.0 
0.0032679738562091504 0.0032679738562091504 0.026143790849673203 0.026143790849673203 0.0032679738562091504 0.0032679738562091504 0.0032679738562091504 0.0196078431372549 0.026143790849673203 0.02287581699346405 0.026143790849673203 0.02287581699346405 0.032679738562091505 0.0196078431372549 0.00980392156862745 0.029411764705882353 0.016339869281045753 0.026143790849673203 0.0196078431372549 0.0196078431372549 0.013071895424836602 0.00980392156862745 0.00980392156862745 0.016339869281045753 0.032679738562091505 0.026143790849673203 0.0032679738562091504 0.006535947712418301 0.006535947712418301 0.032679738562091505 0.013071895424836602 0.00980392156862745 0.006535947712418301 0.029411764705882353 0.016339869281045753 0.016339869281045753 0.02287581699346405 0.032679738562091505 0.00980392156862745 0.0032679738562091504 0.029411764705882353 0.029411764705882353 0.006535947712418301 0.0196078431372549 0.02287581699346405 0.00980392156862745 0.016339869281045753 0.0032679738562091504 0.026143790849673203 0.026143790849673203 0.032679738562091505 0.0032679738562091504 0.026143790849673203 0.032679738562091505 0.006535947712418301 0.032679738562091505 0.0 
0.020338983050847463 0.01355932203389831 0.0033898305084745775 0.010169491525423732 0.01355932203389831 0.01355932203389831 0.0033898305084745775 0.010169491525423732 0.020338983050847463 0.006779661016949155 0.033898305084745776 0.030508474576271198 0.0033898305084745775 0.02711864406779662 0.006779661016949155 0.016949152542372888 0.030508474576271198 0.010169491525423732 0.02711864406779662 0.02711864406779662 0.020338983050847463 0.02711864406779662 0.020338983050847463 0.02372881355932204 0.030508474576271198 0.0033898305084745775 0.02711864406779662 0.01355932203389831 0.016949152542372888 0.0033898305084745775 0.0033898305084745775 0.006779661016949155 0.0033898305084745775 0.016949152542372888 0.01355932203389831 0.01355932203389831 0.01355932203389831 0.030508474576271198 0.016949152542372888 0.010169491525423732 0.030508474576271198 0.016949152542372888 0.020338983050847463 0.016949152542372888 0.020338983050847463 0.033898305084745776 0.006779661016949155 0.020338983050847463 0.030508474576271198 0.020338983050847463 0.006779661016949155 0.02372881355932204 0.033898305084745776 0.033898305084745776 0.016949152542372888 0.02372881355932204 0.0 
0.009287925696594427 0.01238390092879257 0.02476780185758514 0.02476780185758514 0.021671826625386997 0.030959752321981424 0.021671826625386997 0.030959752321981424 0.009287925696594427 0.030959752321981424 0.006191950464396285 0.01238390092879257 0.02476780185758514 0.02476780185758514 0.006191950464396285 0.021671826625386997 0.0030959752321981426 0.0030959752321981426 0.02476780185758514 0.02786377708978328 0.015479876160990712 0.0030959752321981426 0.02476780185758514 0.02476780185758514 0.030959752321981424 0.0030959752321981426 0.02786377708978328 0.015479876160990712 0.02476780185758514 0.0030959752321981426 0.030959752321981424 0.021671826625386997 0.021671826625386997 0.02786377708978328 0.02476780185758514 0.015479876160990712 0.01238390092879257 0.018575851393188854 0.009287925696594427 0.030959752321981424 0.018575851393188854 0.02786377708978328 0.006191950464396285 0.021671826625386997 0.02476780185758514 0.01238390092879257 0.02476780185758514 0.02786377708978328 0.0030959752321981426 0.0030959752321981426 0.0030959752321981426 0.01238390092879257 0.02476780185758514 0.0030959752321981426 0.02476780185758514 0.0030959752321981426 0.0 
0.018927444794952685 0.003154574132492114 0.003154574132492114 0.018927444794952685 0.0220820189274448 0.018927444794952685 0.009463722397476343 0.006309148264984228 0.003154574132492114 0.0220820189274448 0.01577287066246057 0.012618296529968456 0.003154574132492114 0.0220820189274448 0.0220820189274448 0.009463722397476343 0.02523659305993691 0.03154574132492114 0.009463722397476343 0.028391167192429026 0.0220820189274448 0.03154574132492114 0.009463722397476343 0.02523659305993691 0.018927444794952685 0.028391167192429026 0.028391167192429026 0.028391167192429026 0.018927444794952685 0.02523659305993691 0.0220820189274448 0.01577287066246057 0.006309148264984228 0.02523659305993691 0.01577287066246057 0.018927444794952685 0.03154574132492114 0.02523659305993691 0.012618296529968456 0.018927444794952685 0.012618296529968456 0.02523659305993691 0.0220820189274448 0.028391167192429026 0.009463722397476343 0.003154574132492114 0.028391167192429026 0.018927444794952685 0.018927444794952685 0.006309148264984228 0.028391167192429026 0.02523659305993691 0.018927444794952685 0.003154574132492114 0.012618296529968456 0.003154574132492114 0.0 
0.03144654088050315 0.022012578616352203 0.03144654088050315 0.022012578616352203 0.022012578616352203 0.009433962264150945 0.028301886792452834 0.02515723270440252 0.028301886792452834 0.03144654088050315 0.003144654088050315 0.01257861635220126 0.028301886792452834 0.00628930817610063 0.02515723270440252 0.028301886792452834 0.009433962264150945 0.03144654088050315 0.02515723270440252 0.003144654088050315 0.003144654088050315 0.01886792452830189 0.02515723270440252 0.009433962264150945 0.00628930817610063 0.02515723270440252 0.003144654088050315 0.01886792452830189 0.03144654088050315 0.003144654088050315 0.02515723270440252 0.03144654088050315 0.01886792452830189 0.003144654088050315 0.009433962264150945 0.022012578616352203 0.00628930817610063 0.028301886792452834 0.028301886792452834 0.015723270440251576 0.00628930817610063 0.00628930817610063 0.009433962264150945 0.015723270440251576 0.01257861635220126 0.02515723270440252 0.00628930817610063 0.009433962264150945 0.015723270440251576 0.01886792452830189 0.015723270440251576 0.015723270440251576 0.03144654088050315 0.01886792452830189 0.028301886792452834 0.00628930817610063 0.0 
0.006535947712418299 0.01633986928104575 0.029411764705882346 0.006535947712418299 0.0326797385620915 0.01633986928104575 0.01633986928104575 0.026143790849673196 0.006535947712418299 0.01633986928104575 0.0326797385620915 0.009803921568627449 0.022875816993464047 0.026143790849673196 0.013071895424836598 0.026143790849673196 0.01633986928104575 0.01633986928104575 0.029411764705882346 0.029411764705882346 0.0326797385620915 0.022875816993464047 0.009803921568627449 0.019607843137254898 0.0032679738562091496 0.0032679738562091496 0.019607843137254898 0.019607843137254898 0.022875816993464047 0.026143790849673196 0.009803921568627449 0.009803921568627449 0.013071895424836598 0.006535947712418299 0.01633986928104575 0.026143790849673196 0.026143790849673196 0.009803921568627449 0.019607843137254898 0.0326797385620915 0.01633986928104575 0.009803921568627449 0.022875816993464047 0.0032679738562091496 0.006535947712418299 0.009803921568627449 0.022875816993464047 0.022875816993464047 0.022875816993464047 0.019607843137254898 0.022875816993464047 0.006535947712418299 0.019607843137254898 0.019607843137254898 0.01633986928104575 0.013071895424836598 0.0 
0.032258064516129045 0.016129032258064523 0.003225806451612904 0.019354838709677427 0.022580645161290328 0.006451612903225808 0.032258064516129045 0.02903225806451614 0.019354838709677427 0.003225806451612904 0.019354838709677427 0.032258064516129045 0.009677419354838714 0.009677419354838714 0.019354838709677427 0.006451612903225808 0.032258064516129045 0.003225806451612904 0.016129032258064523 0.009677419354838714 0.025806451612903233 0.012903225806451616 0.012903225806451616 0.009677419354838714 0.012903225806451616 0.012903225806451616 0.032258064516129045 0.025806451612903233 0.032258064516129045 0.032258064516129045 0.025806451612903233 0.02903225806451614 0.025806451612903233 0.012903225806451616 0.003225806451612904 0.006451612903225808 0.025806451612903233 0.003225806451612904 0.016129032258064523 0.032258064516129045 0.009677419354838714 0.019354838709677427 0.025806451612903233 0.009677419354838714 0.02903225806451614 0.003225806451612904 0.012903225806451616 0.012903225806451616 0.022580645161290328 0.006451612903225808 0.022580645161290328 0.016129032258064523 0.012903225806451616 0.022580645161290328 0.016129032258064523 0.025806451612903233 0.0 
0.01973684210526316 0.00986842105263158 0.013157894736842108 0.00986842105263158 0.00986842105263158 0.01973684210526316 0.00986842105263158 0.00986842105263158 0.013157894736842108 0.023026315789473686 0.01973684210526316 0.01973684210526316 0.03289473684210527 0.003289473684210527 0.01973684210526316 0.026315789473684216 0.006578947368421054 0.00986842105263158 0.03289473684210527 0.013157894736842108 0.03289473684210527 0.023026315789473686 0.03289473684210527 0.003289473684210527 0.00986842105263158 0.013157894736842108 0.003289473684210527 0.00986842105263158 0.00986842105263158 0.03289473684210527 0.03289473684210527 0.006578947368421054 0.016447368421052634 0.013157894736842108 0.026315789473684216 0.023026315789473686 0.026315789473684216 0.029605263157894742 0.01973684210526316 0.006578947368421054 0.03289473684210527 0.00986842105263158 0.006578947368421054 0.016447368421052634 0.026315789473684216 0.03289473684210527 0.016447368421052634 0.01973684210526316 0.013157894736842108 0.013157894736842108 0.00986842105263158 0.029605263157894742 0.006578947368421054 0.03289473684210527 0.00986842105263158 0.029605263157894742 0.0 
0.009554140127388536 0.015923566878980895 0.009554140127388536 0.015923566878980895 0.02229299363057325 0.003184713375796179 0.03184713375796179 0.02866242038216561 0.003184713375796179 0.02866242038216561 0.009554140127388536 0.02866242038216561 0.02866242038216561 0.012738853503184716 0.02866242038216561 0.009554140127388536 0.02547770700636943 0.006369426751592358 0.02547770700636943 0.009554140127388536 0.003184713375796179 0.03184713375796179 0.02866242038216561 0.003184713375796179 0.012738853503184716 0.006369426751592358 0.012738853503184716 0.02547770700636943 0.019108280254777073 0.015923566878980895 0.03184713375796179 0.015923566878980895 0.03184713375796179 0.006369426751592358 0.02866242038216561 0.019108280254777073 0.02229299363057325 0.006369426751592358 0.019108280254777073 0.02866242038216561 0.02547770700636943 0.02229299363057325 0.02229299363057325 0.012738853503184716 0.015923566878980895 0.02547770700636943 0.02547770700636943 0.019108280254777073 0.003184713375796179 0.015923566878980895 0.009554140127388536 0.003184713375796179 0.019108280254777073 0.019108280254777073 0.015923566878980895 0.02229299363057325 0.0 
0.03322259136212624 0.003322259136212624 0.029900332225913616 0.006644518272425248 0.01661129568106312 0.029900332225913616 0.03322259136212624 0.01661129568106312 0.02325581395348837 0.006644518272425248 0.01661129568106312 0.009966777408637871 0.013289036544850495 0.013289036544850495 0.006644518272425248 0.01661129568106312 0.006644518272425248 0.009966777408637871 0.03322259136212624 0.003322259136212624 0.03322259136212624 0.006644518272425248 0.02657807308970099 0.013289036544850495 0.02657807308970099 0.029900332225913616 0.02657807308970099 0.03322259136212624 0.02657807308970099 0.003322259136212624 0.03322259136212624 0.019933554817275743 0.013289036544850495 0.03322259136212624 0.029900332225913616 0.006644518272425248 0.02657807308970099 0.019933554817275743 0.01661129568106312 0.02325581395348837 0.03322259136212624 0.003322259136212624 0.019933554817275743 0.01661129568106312 0.013289036544850495 0.003322259136212624 0.003322259136212624 0.013289036544850495 0.01661129568106312 0.006644518272425248 0.006644518272425248 0.019933554817275743 0.003322259136212624 0.003322259136212624 0.03322259136212624 0.02657807308970099 0.0 
0.0034965034965034956 0.01748251748251748 0.006993006993006991 0.031468531468531465 0.031468531468531465 0.03496503496503496 0.027972027972027965 0.0034965034965034956 0.0034965034965034956 0.027972027972027965 0.010489510489510488 0.006993006993006991 0.013986013986013983 0.0034965034965034956 0.03496503496503496 0.031468531468531465 0.020979020979020976 0.0034965034965034956 0.010489510489510488 0.006993006993006991 0.020979020979020976 0.013986013986013983 0.013986013986013983 0.013986013986013983 0.027972027972027965 0.031468531468531465 0.02447552447552447 0.020979020979020976 0.013986013986013983 0.03496503496503496 0.03496503496503496 0.013986013986013983 0.013986013986013983 0.006993006993006991 0.02447552447552447 0.0034965034965034956 0.02447552447552447 0.010489510489510488 0.010489510489510488 0.013986013986013983 0.031468531468531465 0.02447552447552447 0.006993006993006991 0.013986013986013983 0.020979020979020976 0.027972027972027965 0.027972027972027965 0.01748251748251748 0.013986013986013983 0.010489510489510488 0.01748251748251748 0.013986013986013983 0.027972027972027965 0.006993006993006991 0.0034965034965034956 0.027972027972027965 0.0 
0.014577259475218655 0.008746355685131194 0.011661807580174925 0.0029154518950437313 0.005830903790087463 0.02332361516034985 0.008746355685131194 0.017492711370262388 0.02915451895043731 0.0029154518950437313 0.02623906705539358 0.02332361516034985 0.014577259475218655 0.0029154518950437313 0.02915451895043731 0.02332361516034985 0.014577259475218655 0.014577259475218655 0.02332361516034985 0.02915451895043731 0.008746355685131194 0.011661807580174925 0.02332361516034985 0.02332361516034985 0.011661807580174925 0.005830903790087463 0.02915451895043731 0.02332361516034985 0.02623906705539358 0.02623906705539358 0.02915451895043731 0.02623906705539358 0.014577259475218655 0.014577259475218655 0.02332361516034985 0.02915451895043731 0.02915451895043731 0.014577259475218655 0.011661807580174925 0.02623906705539358 0.020408163265306117 0.014577259475218655 0.02623906705539358 0.02623906705539358 0.020408163265306117 0.014577259475218655 0.014577259475218655 0.02915451895043731 0.02332361516034985 0.008746355685131194 0.017492711370262388 0.005830903790087463 0.02332361516034985 0.011661807580174925 0.0029154518950437313 0.005830903790087463 0.0 
0.027777777777777787 0.01736111111111112 0.027777777777777787 0.0034722222222222233 0.006944444444444447 0.0034722222222222233 0.024305555555555563 0.013888888888888893 0.01041666666666667 0.03472222222222224 0.013888888888888893 0.006944444444444447 0.031250000000000014 0.013888888888888893 0.006944444444444447 0.02083333333333334 0.01736111111111112 0.031250000000000014 0.0034722222222222233 0.02083333333333334 0.01736111111111112 0.01736111111111112 0.006944444444444447 0.01736111111111112 0.013888888888888893 0.01736111111111112 0.0034722222222222233 0.01736111111111112 0.013888888888888893 0.031250000000000014 0.03472222222222224 0.01041666666666667 0.01736111111111112 0.01736111111111112 0.03472222222222224 0.006944444444444447 0.013888888888888893 0.03472222222222224 0.031250000000000014 0.01736111111111112 0.0034722222222222233 0.006944444444444447 0.01041666666666667 0.01041666666666667 0.006944444444444447 0.03472222222222224 0.01041666666666667 0.027777777777777787 0.027777777777777787 0.013888888888888893 0.027777777777777787 0.027777777777777787 0.0034722222222222233 0.013888888888888893 0.03472222222222224 0.027777777777777787 0.0 
0.03040540540540541 0.03378378378378379 0.013513513513513516 0.03040540540540541 0.027027027027027032 0.027027027027027032 0.027027027027027032 0.010135135135135137 0.010135135135135137 0.027027027027027032 0.013513513513513516 0.027027027027027032 0.027027027027027032 0.006756756756756758 0.023648648648648653 0.003378378378378379 0.010135135135135137 0.03378378378378379 0.016891891891891896 0.020270270270270275 0.010135135135135137 0.010135135135135137 0.006756756756756758 0.003378378378378379 0.016891891891891896 0.023648648648648653 0.003378378378378379 0.03040540540540541 0.016891891891891896 0.016891891891891896 0.010135135135135137 0.010135135135135137 0.03040540540540541 0.016891891891891896 0.03378378378378379 0.03040540540540541 0.010135135135135137 0.010135135135135137 0.03040540540540541 0.020270270270270275 0.013513513513513516 0.020270270270270275 0.020270270270270275 0.006756756756756758 0.006756756756756758 0.03378378378378379 0.006756756756756758 0.006756756756756758 0.006756756756756758 0.016891891891891896 0.006756756756756758 0.03378378378378379 0.013513513513513516 0.016891891891891896 0.010135135135135137 0.020270270270270275 0.0 
0.003184713375796179 0.019108280254777073 0.012738853503184716 0.006369426751592358 0.03184713375796179 0.02547770700636943 0.019108280254777073 0.015923566878980895 0.009554140127388536 0.009554140127388536 0.009554140127388536 0.012738853503184716 0.015923566878980895 0.019108280254777073 0.02229299363057325 0.009554140127388536 0.003184713375796179 0.02866242038216561 0.02229299363057325 0.015923566878980895 0.02547770700636943 0.003184713375796179 0.015923566878980895 0.03184713375796179 0.02866242038216561 0.015923566878980895 0.012738853503184716 0.02866242038216561 0.006369426751592358 0.019108280254777073 0.006369426751592358 0.02229299363057325 0.02229299363057325 0.019108280254777073 0.012738853503184716 0.02547770700636943 0.012738853503184716 0.02866242038216561 0.02547770700636943 0.012738853503184716 0.019108280254777073 0.019108280254777073 0.003184713375796179 0.012738853503184716 0.02547770700636943 0.02229299363057325 0.012738853503184716 0.02866242038216561 0.003184713375796179 0.02229299363057325 0.02547770700636943 0.02866242038216561 0.02866242038216561 0.019108280254777073 0.009554140127388536 0.03184713375796179 0.0 
0.013745704467353957 0.010309278350515467 0.010309278350515467 0.027491408934707914 0.006872852233676978 0.034364261168384896 0.020618556701030934 0.034364261168384896 0.030927835051546403 0.017182130584192448 0.006872852233676978 0.027491408934707914 0.003436426116838489 0.010309278350515467 0.013745704467353957 0.017182130584192448 0.017182130584192448 0.020618556701030934 0.020618556701030934 0.003436426116838489 0.030927835051546403 0.020618556701030934 0.020618556701030934 0.006872852233676978 0.027491408934707914 0.020618556701030934 0.027491408934707914 0.010309278350515467 0.017182130584192448 0.034364261168384896 0.003436426116838489 0.024054982817869424 0.017182130584192448 0.034364261168384896 0.013745704467353957 0.010309278350515467 0.003436426116838489 0.006872852233676978 0.024054982817869424 0.034364261168384896 0.010309278350515467 0.003436426116838489 0.030927835051546403 0.010309278350515467 0.010309278350515467 0.034364261168384896 0.013745704467353957 0.003436426116838489 0.017182130584192448 0.003436426116838489 0.027491408934707914 0.006872852233676978 0.027491408934707914 0.030927835051546403 0.003436426116838489 0.030927835051546403 0.0 
0.006134969325153376 0.012269938650306752 0.003067484662576688 0.015337423312883439 0.006134969325153376 0.003067484662576688 0.024539877300613504 0.024539877300613504 0.030674846625766878 0.012269938650306752 0.021472392638036814 0.018404907975460127 0.02760736196319019 0.015337423312883439 0.024539877300613504 0.009202453987730064 0.024539877300613504 0.003067484662576688 0.003067484662576688 0.030674846625766878 0.018404907975460127 0.021472392638036814 0.021472392638036814 0.021472392638036814 0.009202453987730064 0.006134969325153376 0.003067484662576688 0.012269938650306752 0.02760736196319019 0.021472392638036814 0.015337423312883439 0.02760736196319019 0.003067484662576688 0.02760736196319019 0.02760736196319019 0.012269938650306752 0.030674846625766878 0.024539877300613504 0.018404907975460127 0.021472392638036814 0.018404907975460127 0.006134969325153376 0.024539877300613504 0.030674846625766878 0.024539877300613504 0.030674846625766878 0.02760736196319019 0.030674846625766878 0.006134969325153376 0.006134969325153376 0.018404907975460127 0.006134969325153376 0.030674846625766878 0.003067484662576688 0.02760736196319019 0.021472392638036814 0.0 
0.0032786885245901644 0.02295081967213115 0.013114754098360657 0.016393442622950824 0.013114754098360657 0.026229508196721315 0.013114754098360657 0.009836065573770494 0.009836065573770494 0.01967213114754099 0.016393442622950824 0.009836065573770494 0.0032786885245901644 0.026229508196721315 0.03278688524590165 0.02295081967213115 0.03278688524590165 0.006557377049180329 0.02950819672131148 0.0032786885245901644 0.0032786885245901644 0.016393442622950824 0.01967213114754099 0.0032786885245901644 0.01967213114754099 0.02295081967213115 0.02295081967213115 0.02295081967213115 0.006557377049180329 0.02295081967213115 0.026229508196721315 0.02950819672131148 0.013114754098360657 0.006557377049180329 0.0032786885245901644 0.016393442622950824 0.02295081967213115 0.009836065573770494 0.01967213114754099 0.006557377049180329 0.006557377049180329 0.02295081967213115 0.03278688524590165 0.009836065573770494 0.026229508196721315 0.016393442622950824 0.03278688524590165 0.009836065573770494 0.02950819672131148 0.013114754098360657 0.016393442622950824 0.02950819672131148 0.02950819672131148 0.01967213114754099 0.03278688524590165 0.026229508196721315 0.0 
0.006666666666666665 0.02333333333333333 0.033333333333333326 0.0033333333333333327 0.01333333333333333 0.006666666666666665 0.02666666666666666 0.006666666666666665 0.016666666666666663 0.009999999999999998 0.016666666666666663 0.019999999999999997 0.01333333333333333 0.033333333333333326 0.029999999999999992 0.016666666666666663 0.019999999999999997 0.029999999999999992 0.029999999999999992 0.0033333333333333327 0.009999999999999998 0.009999999999999998 0.029999999999999992 0.02666666666666666 0.0033333333333333327 0.019999999999999997 0.009999999999999998 0.0033333333333333327 0.01333333333333333 0.01333333333333333 0.006666666666666665 0.009999999999999998 0.02333333333333333 0.02333333333333333 0.0033333333333333327 0.02333333333333333 0.02333333333333333 0.02666666666666666 0.016666666666666663 0.01333333333333333 0.029999999999999992 0.033333333333333326 0.02333333333333333 0.006666666666666665 0.029999999999999992 0.01333333333333333 0.033333333333333326 0.006666666666666665 0.029999999999999992 0.0033333333333333327 0.01333333333333333 0.029999999999999992 0.009999999999999998 0.033333333333333326 0.006666666666666665 0.02666666666666666 0.0 
0.006666666666666665 0.019999999999999997 0.009999999999999998 0.029999999999999992 0.02666666666666666 0.0033333333333333327 0.019999999999999997 0.02666666666666666 0.0033333333333333327 0.02666666666666666 0.029999999999999992 0.033333333333333326 0.0033333333333333327 0.033333333333333326 0.009999999999999998 0.02666666666666666 0.016666666666666663 0.009999999999999998 0.02333333333333333 0.02666666666666666 0.0033333333333333327 0.009999999999999998 0.0033333333333333327 0.01333333333333333 0.033333333333333326 0.01333333333333333 0.02666666666666666 0.0033333333333333327 0.006666666666666665 0.033333333333333326 0.009999999999999998 0.006666666666666665 0.033333333333333326 0.029999999999999992 0.016666666666666663 0.02666666666666666 0.019999999999999997 0.02666666666666666 0.006666666666666665 0.016666666666666663 0.02333333333333333 0.016666666666666663 0.016666666666666663 0.016666666666666663 0.01333333333333333 0.0033333333333333327 0.0033333333333333327 0.01333333333333333 0.0033333333333333327 0.02333333333333333 0.02666666666666666 0.016666666666666663 0.033333333333333326 0.019999999999999997 0.016666666666666663 0.02666666666666666 0.0 
0.01290322580645161 0.022580645161290318 0.006451612903225805 0.022580645161290318 0.022580645161290318 0.016129032258064512 0.022580645161290318 0.009677419354838708 0.022580645161290318 0.032258064516129024 0.016129032258064512 0.009677419354838708 0.022580645161290318 0.019354838709677417 0.0032258064516129024 0.032258064516129024 0.019354838709677417 0.02580645161290322 0.02580645161290322 0.0032258064516129024 0.006451612903225805 0.009677419354838708 0.019354838709677417 0.02580645161290322 0.0032258064516129024 0.0032258064516129024 0.01290322580645161 0.006451612903225805 0.019354838709677417 0.032258064516129024 0.022580645161290318 0.019354838709677417 0.019354838709677417 0.016129032258064512 0.032258064516129024 0.019354838709677417 0.01290322580645161 0.02580645161290322 0.006451612903225805 0.009677419354838708 0.009677419354838708 0.009677419354838708 0.01290322580645161 0.02580645161290322 0.032258064516129024 0.006451612903225805 0.022580645161290318 0.01290322580645161 0.01290322580645161 0.032258064516129024 0.032258064516129024 0.029032258064516123 0.016129032258064512 0.006451612903225805 0.022580645161290318 0.02580645161290322 0.0 
0.026845637583892617 0.003355704697986577 0.013422818791946308 0.006711409395973154 0.013422818791946308 0.006711409395973154 0.02348993288590604 0.010067114093959731 0.010067114093959731 0.010067114093959731 0.013422818791946308 0.03355704697986577 0.030201342281879196 0.003355704697986577 0.003355704697986577 0.026845637583892617 0.030201342281879196 0.030201342281879196 0.013422818791946308 0.016778523489932886 0.016778523489932886 0.02348993288590604 0.010067114093959731 0.030201342281879196 0.030201342281879196 0.010067114093959731 0.03355704697986577 0.026845637583892617 0.03355704697986577 0.010067114093959731 0.013422818791946308 0.02348993288590604 0.026845637583892617 0.030201342281879196 0.03355704697986577 0.02348993288590604 0.010067114093959731 0.003355704697986577 0.003355704697986577 0.013422818791946308 0.013422818791946308 0.010067114093959731 0.010067114093959731 0.010067114093959731 0.006711409395973154 0.026845637583892617 0.03355704697986577 0.020134228187919462 0.026845637583892617 0.020134228187919462 0.003355704697986577 0.006711409395973154 0.013422818791946308 0.02348993288590604 0.03355704697986577 0.010067114093959731 0.0 
0.027692307692307693 0.024615384615384615 0.018461538461538463 0.021538461538461538 0.021538461538461538 0.015384615384615385 0.021538461538461538 0.027692307692307693 0.03076923076923077 0.009230769230769232 0.006153846153846154 0.018461538461538463 0.03076923076923077 0.03076923076923077 0.006153846153846154 0.03076923076923077 0.03076923076923077 0.018461538461538463 0.018461538461538463 0.006153846153846154 0.015384615384615385 0.015384615384615385 0.024615384615384615 0.009230769230769232 0.024615384615384615 0.015384615384615385 0.012307692307692308 0.006153846153846154 0.003076923076923077 0.003076923076923077 0.015384615384615385 0.027692307692307693 0.003076923076923077 0.015384615384615385 0.03076923076923077 0.009230769230769232 0.015384615384615385 0.024615384615384615 0.021538461538461538 0.009230769230769232 0.03076923076923077 0.018461538461538463 0.012307692307692308 0.03076923076923077 0.024615384615384615 0.015384615384615385 0.006153846153846154 0.003076923076923077 0.03076923076923077 0.018461538461538463 0.015384615384615385 0.015384615384615385 0.015384615384615385 0.012307692307692308 0.03076923076923077 0.003076923076923077 0.0 
0.006079027355623107 0.01823708206686932 0.021276595744680875 0.01823708206686932 0.01823708206686932 0.030395136778115537 0.021276595744680875 0.021276595744680875 0.030395136778115537 0.01823708206686932 0.01823708206686932 0.012158054711246214 0.027355623100303983 0.021276595744680875 0.015197568389057768 0.00911854103343466 0.027355623100303983 0.030395136778115537 0.030395136778115537 0.012158054711246214 0.030395136778115537 0.00911854103343466 0.021276595744680875 0.015197568389057768 0.021276595744680875 0.021276595744680875 0.027355623100303983 0.006079027355623107 0.021276595744680875 0.030395136778115537 0.01823708206686932 0.021276595744680875 0.027355623100303983 0.021276595744680875 0.006079027355623107 0.030395136778115537 0.006079027355623107 0.0030395136778115536 0.0030395136778115536 0.030395136778115537 0.01823708206686932 0.0030395136778115536 0.01823708206686932 0.006079027355623107 0.027355623100303983 0.0030395136778115536 0.01823708206686932 0.006079027355623107 0.0030395136778115536 0.030395136778115537 0.0030395136778115536 0.01823708206686932 0.027355623100303983 0.021276595744680875 0.006079027355623107 0.012158054711246214 0.0 
0.02684563758389262 0.020134228187919465 0.02684563758389262 0.0302013422818792 0.0033557046979865775 0.03355704697986578 0.006711409395973155 0.006711409395973155 0.03355704697986578 0.006711409395973155 0.020134228187919465 0.0033557046979865775 0.006711409395973155 0.03355704697986578 0.0302013422818792 0.01677852348993289 0.0302013422818792 0.0302013422818792 0.010067114093959733 0.03355704697986578 0.0033557046979865775 0.006711409395973155 0.010067114093959733 0.006711409395973155 0.03355704697986578 0.023489932885906045 0.006711409395973155 0.02684563758389262 0.01342281879194631 0.02684563758389262 0.020134228187919465 0.03355704697986578 0.01342281879194631 0.0033557046979865775 0.020134228187919465 0.006711409395973155 0.02684563758389262 0.01677852348993289 0.01677852348993289 0.020134228187919465 0.006711409395973155 0.02684563758389262 0.03355704697986578 0.0033557046979865775 0.023489932885906045 0.03355704697986578 0.02684563758389262 0.0033557046979865775 0.006711409395973155 0.02684563758389262 0.01677852348993289 0.0033557046979865775 0.0033557046979865775 0.010067114093959733 0.02684563758389262 0.0033557046979865775 0.0 
0.00664451827242525 0.029900332225913626 0.01993355481727575 0.003322259136212625 0.009966777408637875 0.026578073089701 0.033222591362126255 0.0132890365448505 0.023255813953488375 0.029900332225913626 0.023255813953488375 0.0132890365448505 0.0132890365448505 0.0132890365448505 0.009966777408637875 0.029900332225913626 0.033222591362126255 0.009966777408637875 0.016611295681063128 0.029900332225913626 0.016611295681063128 0.0132890365448505 0.00664451827242525 0.016611295681063128 0.00664451827242525 0.026578073089701 0.026578073089701 0.016611295681063128 0.029900332225913626 0.023255813953488375 0.016611295681063128 0.00664451827242525 0.029900332225913626 0.033222591362126255 0.003322259136212625 0.016611295681063128 0.016611295681063128 0.009966777408637875 0.00664451827242525 0.01993355481727575 0.033222591362126255 0.026578073089701 0.009966777408637875 0.0132890365448505 0.00664451827242525 0.026578073089701 0.023255813953488375 0.023255813953488375 0.0132890365448505 0.0132890365448505 0.016611295681063128 0.003322259136212625 0.023255813953488375 0.009966777408637875 0.016611295681063128 0.009966777408637875 0.0 
0.01886792452830189 0.003773584905660378 0.011320754716981133 0.003773584905660378 0.007547169811320756 0.022641509433962266 0.01886792452830189 0.01886792452830189 0.022641509433962266 0.0339622641509434 0.030188679245283023 0.022641509433962266 0.007547169811320756 0.003773584905660378 0.007547169811320756 0.03773584905660378 0.030188679245283023 0.022641509433962266 0.003773584905660378 0.0339622641509434 0.01886792452830189 0.011320754716981133 0.0339622641509434 0.030188679245283023 0.007547169811320756 0.007547169811320756 0.011320754716981133 0.003773584905660378 0.015094339622641511 0.026415094339622646 0.015094339622641511 0.01886792452830189 0.011320754716981133 0.030188679245283023 0.026415094339622646 0.03773584905660378 0.015094339622641511 0.030188679245283023 0.011320754716981133 0.01886792452830189 0.015094339622641511 0.007547169811320756 0.015094339622641511 0.0339622641509434 0.011320754716981133 0.022641509433962266 0.015094339622641511 0.0339622641509434 0.022641509433962266 0.011320754716981133 0.003773584905660378 0.01886792452830189 0.007547169811320756 0.01886792452830189 0.003773584905660378 0.015094339622641511 0.0 
0.022435897435897433 0.01923076923076923 0.01602564102564102 0.025641025641025633 0.01923076923076923 0.01602564102564102 0.01602564102564102 0.025641025641025633 0.01923076923076923 0.02884615384615384 0.025641025641025633 0.012820512820512817 0.003205128205128204 0.006410256410256408 0.009615384615384614 0.022435897435897433 0.022435897435897433 0.025641025641025633 0.02884615384615384 0.01923076923076923 0.006410256410256408 0.022435897435897433 0.009615384615384614 0.025641025641025633 0.006410256410256408 0.01923076923076923 0.03205128205128204 0.022435897435897433 0.03205128205128204 0.025641025641025633 0.025641025641025633 0.009615384615384614 0.006410256410256408 0.02884615384615384 0.022435897435897433 0.03205128205128204 0.009615384615384614 0.003205128205128204 0.01923076923076923 0.022435897435897433 0.022435897435897433 0.01923076923076923 0.003205128205128204 0.022435897435897433 0.022435897435897433 0.01602564102564102 0.01923076923076923 0.006410256410256408 0.01923076923076923 0.022435897435897433 0.006410256410256408 0.025641025641025633 0.012820512820512817 0.009615384615384614 0.003205128205128204 0.003205128205128204 0.0 
0.020527859237536666 0.029325513196480957 0.02639296187683286 0.029325513196480957 0.014662756598240479 0.020527859237536666 0.005865102639296191 0.0029325513196480956 0.017595307917888575 0.020527859237536666 0.023460410557184765 0.029325513196480957 0.02639296187683286 0.029325513196480957 0.020527859237536666 0.014662756598240479 0.029325513196480957 0.020527859237536666 0.020527859237536666 0.0029325513196480956 0.023460410557184765 0.02639296187683286 0.005865102639296191 0.017595307917888575 0.005865102639296191 0.011730205278592382 0.029325513196480957 0.008797653958944288 0.014662756598240479 0.011730205278592382 0.005865102639296191 0.011730205278592382 0.008797653958944288 0.014662756598240479 0.023460410557184765 0.014662756598240479 0.014662756598240479 0.029325513196480957 0.02639296187683286 0.008797653958944288 0.02639296187683286 0.023460410557184765 0.029325513196480957 0.020527859237536666 0.005865102639296191 0.029325513196480957 0.02639296187683286 0.0029325513196480956 0.014662756598240479 0.0029325513196480956 0.005865102639296191 0.023460410557184765 0.005865102639296191 0.02639296187683286 0.014662756598240479 0.023460410557184765 0.0 
0.02054794520547945 0.010273972602739725 0.030821917808219176 0.003424657534246575 0.0136986301369863 0.030821917808219176 0.030821917808219176 0.023972602739726026 0.0273972602739726 0.003424657534246575 0.010273972602739725 0.00684931506849315 0.017123287671232876 0.03424657534246575 0.0136986301369863 0.003424657534246575 0.03424657534246575 0.03424657534246575 0.030821917808219176 0.023972602739726026 0.02054794520547945 0.0273972602739726 0.010273972602739725 0.010273972602739725 0.0136986301369863 0.003424657534246575 0.017123287671232876 0.03424657534246575 0.03424657534246575 0.003424657534246575 0.010273972602739725 0.00684931506849315 0.010273972602739725 0.010273972602739725 0.00684931506849315 0.017123287671232876 0.017123287671232876 0.003424657534246575 0.023972602739726026 0.010273972602739725 0.003424657534246575 0.00684931506849315 0.02054794520547945 0.02054794520547945 0.03424657534246575 0.03424657534246575 0.0273972602739726 0.02054794520547945 0.017123287671232876 0.0136986301369863 0.00684931506849315 0.017123287671232876 0.023972602739726026 0.017123287671232876 0.03424657534246575 0.00684931506849315 0.0 
0.009868421052631578 0.019736842105263157 0.013157894736842105 0.023026315789473683 0.01644736842105263 0.019736842105263157 0.029605263157894735 0.003289473684210526 0.003289473684210526 0.019736842105263157 0.003289473684210526 0.013157894736842105 0.019736842105263157 0.003289473684210526 0.019736842105263157 0.01644736842105263 0.009868421052631578 0.009868421052631578 0.023026315789473683 0.006578947368421052 0.013157894736842105 0.01644736842105263 0.029605263157894735 0.029605263157894735 0.023026315789473683 0.03289473684210526 0.023026315789473683 0.009868421052631578 0.006578947368421052 0.009868421052631578 0.03289473684210526 0.02631578947368421 0.03289473684210526 0.019736842105263157 0.003289473684210526 0.023026315789473683 0.019736842105263157 0.02631578947368421 0.009868421052631578 0.003289473684210526 0.023026315789473683 0.01644736842105263 0.013157894736842105 0.013157894736842105 0.01644736842105263 0.023026315789473683 0.029605263157894735 0.03289473684210526 0.029605263157894735 0.006578947368421052 0.03289473684210526 0.01644736842105263 0.029605263157894735 0.006578947368421052 0.01644736842105263 0.019736842105263157 0.0 
0.0031347962382445127 0.01880877742946708 0.01253918495297805 0.015673981191222562 0.00940438871473354 0.01253918495297805 0.015673981191222562 0.01880877742946708 0.006269592476489025 0.02194357366771159 0.02194357366771159 0.015673981191222562 0.028213166144200615 0.006269592476489025 0.02194357366771159 0.0250783699059561 0.031347962382445124 0.015673981191222562 0.028213166144200615 0.01880877742946708 0.015673981191222562 0.031347962382445124 0.02194357366771159 0.02194357366771159 0.028213166144200615 0.01880877742946708 0.0250783699059561 0.028213166144200615 0.02194357366771159 0.028213166144200615 0.015673981191222562 0.01880877742946708 0.02194357366771159 0.01880877742946708 0.0031347962382445127 0.0031347962382445127 0.00940438871473354 0.0250783699059561 0.006269592476489025 0.0031347962382445127 0.028213166144200615 0.00940438871473354 0.02194357366771159 0.02194357366771159 0.015673981191222562 0.02194357366771159 0.0031347962382445127 0.028213166144200615 0.0031347962382445127 0.01253918495297805 0.02194357366771159 0.028213166144200615 0.028213166144200615 0.015673981191222562 0.006269592476489025 0.01880877742946708 0.0 
0.022082018927444786 0.018927444794952675 0.025236593059936897 0.022082018927444786 0.022082018927444786 0.022082018927444786 0.009463722397476337 0.006309148264984224 0.003154574132492112 0.02839116719242901 0.009463722397476337 0.012618296529968449 0.003154574132492112 0.003154574132492112 0.01577287066246056 0.03154574132492112 0.02839116719242901 0.022082018927444786 0.03154574132492112 0.03154574132492112 0.03154574132492112 0.009463722397476337 0.025236593059936897 0.009463722397476337 0.018927444794952675 0.012618296529968449 0.003154574132492112 0.02839116719242901 0.009463722397476337 0.006309148264984224 0.03154574132492112 0.025236593059936897 0.003154574132492112 0.012618296529968449 0.018927444794952675 0.03154574132492112 0.003154574132492112 0.03154574132492112 0.022082018927444786 0.009463722397476337 0.03154574132492112 0.02839116719242901 0.02839116719242901 0.01577287066246056 0.003154574132492112 0.012618296529968449 0.012618296529968449 0.01577287066246056 0.009463722397476337 0.012618296529968449 0.03154574132492112 0.025236593059936897 0.003154574132492112 0.02839116719242901 0.022082018927444786 0.006309148264984224 0.0 
0.00970873786407767 0.03236245954692557 0.02588996763754046 0.01294498381877023 0.016181229773462785 0.00970873786407767 0.0226537216828479 0.02588996763754046 0.0226537216828479 0.01941747572815534 0.00970873786407767 0.00970873786407767 0.016181229773462785 0.006472491909385115 0.03236245954692557 0.01294498381877023 0.00970873786407767 0.01294498381877023 0.01941747572815534 0.03236245954692557 0.02588996763754046 0.00970873786407767 0.029126213592233018 0.02588996763754046 0.006472491909385115 0.006472491909385115 0.02588996763754046 0.00970873786407767 0.02588996763754046 0.01941747572815534 0.02588996763754046 0.0032362459546925577 0.0032362459546925577 0.03236245954692557 0.03236245954692557 0.01294498381877023 0.029126213592233018 0.00970873786407767 0.02588996763754046 0.03236245954692557 0.01941747572815534 0.006472491909385115 0.016181229773462785 0.006472491909385115 0.00970873786407767 0.03236245954692557 0.029126213592233018 0.016181229773462785 0.01294498381877023 0.00970873786407767 0.016181229773462785 0.029126213592233018 0.016181229773462785 0.00970873786407767 0.01294498381877023 0.006472491909385115 0.0 
0.0066666666666666645 0.023333333333333324 0.0066666666666666645 0.023333333333333324 0.013333333333333329 0.01999999999999999 0.026666666666666658 0.013333333333333329 0.03333333333333332 0.013333333333333329 0.029999999999999985 0.009999999999999995 0.0066666666666666645 0.0066666666666666645 0.01999999999999999 0.026666666666666658 0.0033333333333333322 0.0066666666666666645 0.03333333333333332 0.01666666666666666 0.0066666666666666645 0.026666666666666658 0.023333333333333324 0.01999999999999999 0.01999999999999999 0.026666666666666658 0.01666666666666666 0.0033333333333333322 0.03333333333333332 0.029999999999999985 0.01666666666666666 0.0066666666666666645 0.01666666666666666 0.023333333333333324 0.023333333333333324 0.009999999999999995 0.03333333333333332 0.023333333333333324 0.009999999999999995 0.03333333333333332 0.01666666666666666 0.023333333333333324 0.013333333333333329 0.01999999999999999 0.0066666666666666645 0.0066666666666666645 0.0066666666666666645 0.03333333333333332 0.029999999999999985 0.0066666666666666645 0.01999999999999999 0.009999999999999995 0.01999999999999999 0.01666666666666666 0.01666666666666666 0.009999999999999995 0.0 
0.005934718100890205 0.02373887240356082 0.017804154302670617 0.008902077151335308 0.014836795252225513 0.02373887240356082 0.01186943620178041 0.005934718100890205 0.017804154302670617 0.0029673590504451027 0.014836795252225513 0.02373887240356082 0.02373887240356082 0.026706231454005924 0.014836795252225513 0.01186943620178041 0.008902077151335308 0.026706231454005924 0.026706231454005924 0.01186943620178041 0.029673590504451026 0.0029673590504451027 0.008902077151335308 0.017804154302670617 0.01186943620178041 0.017804154302670617 0.01186943620178041 0.029673590504451026 0.008902077151335308 0.014836795252225513 0.026706231454005924 0.026706231454005924 0.02373887240356082 0.02373887240356082 0.008902077151335308 0.029673590504451026 0.014836795252225513 0.020771513353115716 0.020771513353115716 0.01186943620178041 0.026706231454005924 0.020771513353115716 0.008902077151335308 0.02373887240356082 0.020771513353115716 0.0029673590504451027 0.020771513353115716 0.029673590504451026 0.020771513353115716 0.020771513353115716 0.020771513353115716 0.014836795252225513 0.029673590504451026 0.017804154302670617 0.02373887240356082 0.01186943620178041 0.0 
0.00906344410876133 0.030211480362537766 0.012084592145015106 0.021148036253776436 0.006042296072507553 0.02416918429003021 0.021148036253776436 0.012084592145015106 0.027190332326283987 0.027190332326283987 0.01812688821752266 0.027190332326283987 0.0030211480362537764 0.02416918429003021 0.00906344410876133 0.021148036253776436 0.027190332326283987 0.0030211480362537764 0.015105740181268883 0.027190332326283987 0.012084592145015106 0.012084592145015106 0.021148036253776436 0.015105740181268883 0.027190332326283987 0.027190332326283987 0.030211480362537766 0.0030211480362537764 0.0030211480362537764 0.021148036253776436 0.01812688821752266 0.021148036253776436 0.01812688821752266 0.027190332326283987 0.02416918429003021 0.00906344410876133 0.02416918429003021 0.00906344410876133 0.012084592145015106 0.01812688821752266 0.01812688821752266 0.012084592145015106 0.00906344410876133 0.006042296072507553 0.02416918429003021 0.030211480362537766 0.02416918429003021 0.00906344410876133 0.02416918429003021 0.0030211480362537764 0.00906344410876133 0.00906344410876133 0.027190332326283987 0.02416918429003021 0.02416918429003021 0.027190332326283987 0.0 
0.0250783699059561 0.0031347962382445127 0.01253918495297805 0.0031347962382445127 0.015673981191222562 0.0250783699059561 0.0031347962382445127 0.031347962382445124 0.0250783699059561 0.02194357366771159 0.006269592476489025 0.0250783699059561 0.031347962382445124 0.031347962382445124 0.0250783699059561 0.015673981191222562 0.015673981191222562 0.0250783699059561 0.02194357366771159 0.02194357366771159 0.006269592476489025 0.031347962382445124 0.015673981191222562 0.02194357366771159 0.0031347962382445127 0.01253918495297805 0.0031347962382445127 0.031347962382445124 0.006269592476489025 0.031347962382445124 0.006269592476489025 0.0031347962382445127 0.02194357366771159 0.00940438871473354 0.031347962382445124 0.00940438871473354 0.02194357366771159 0.01880877742946708 0.006269592476489025 0.015673981191222562 0.00940438871473354 0.0250783699059561 0.028213166144200615 0.01253918495297805 0.031347962382445124 0.0031347962382445127 0.028213166144200615 0.01253918495297805 0.02194357366771159 0.0250783699059561 0.006269592476489025 0.028213166144200615 0.0031347962382445127 0.00940438871473354 0.031347962382445124 0.031347962382445124 0.0 
0.0032573289902280123 0.02931596091205211 0.016286644951140062 0.01302931596091205 0.02931596091205211 0.016286644951140062 0.006514657980456025 0.032573289902280124 0.0260586319218241 0.0260586319218241 0.0260586319218241 0.01302931596091205 0.0260586319218241 0.009771986970684036 0.009771986970684036 0.009771986970684036 0.02931596091205211 0.019543973941368073 0.006514657980456025 0.022801302931596087 0.006514657980456025 0.019543973941368073 0.02931596091205211 0.009771986970684036 0.0032573289902280123 0.0032573289902280123 0.032573289902280124 0.032573289902280124 0.0260586319218241 0.01302931596091205 0.019543973941368073 0.016286644951140062 0.006514657980456025 0.022801302931596087 0.022801302931596087 0.016286644951140062 0.019543973941368073 0.0032573289902280123 0.022801302931596087 0.006514657980456025 0.019543973941368073 0.01302931596091205 0.032573289902280124 0.0032573289902280123 0.016286644951140062 0.032573289902280124 0.009771986970684036 0.032573289902280124 0.009771986970684036 0.01302931596091205 0.009771986970684036 0.016286644951140062 0.019543973941368073 0.022801302931596087 0.022801302931596087 0.022801302931596087 0.0 
0.020905923344947733 0.01742160278745644 0.013937282229965153 0.0034843205574912883 0.020905923344947733 0.020905923344947733 0.013937282229965153 0.02439024390243902 0.01742160278745644 0.0034843205574912883 0.006968641114982577 0.02439024390243902 0.027874564459930307 0.013937282229965153 0.006968641114982577 0.0034843205574912883 0.03484320557491288 0.0034843205574912883 0.006968641114982577 0.006968641114982577 0.03484320557491288 0.006968641114982577 0.027874564459930307 0.013937282229965153 0.02439024390243902 0.0034843205574912883 0.020905923344947733 0.027874564459930307 0.010452961672473867 0.006968641114982577 0.01742160278745644 0.027874564459930307 0.010452961672473867 0.010452961672473867 0.006968641114982577 0.0034843205574912883 0.03484320557491288 0.0034843205574912883 0.027874564459930307 0.02439024390243902 0.027874564459930307 0.03484320557491288 0.027874564459930307 0.03484320557491288 0.0034843205574912883 0.03484320557491288 0.013937282229965153 0.03484320557491288 0.01742160278745644 0.01742160278745644 0.01742160278745644 0.031358885017421595 0.031358885017421595 0.006968641114982577 0.020905923344947733 0.006968641114982577 0.0 
0.01683501683501684 0.020202020202020214 0.003367003367003368 0.013468013468013473 0.020202020202020214 0.03367003367003368 0.006734006734006736 0.003367003367003368 0.013468013468013473 0.020202020202020214 0.010101010101010107 0.013468013468013473 0.020202020202020214 0.010101010101010107 0.020202020202020214 0.02356902356902358 0.030303030303030318 0.013468013468013473 0.003367003367003368 0.006734006734006736 0.030303030303030318 0.020202020202020214 0.013468013468013473 0.026936026936026945 0.026936026936026945 0.03367003367003368 0.013468013468013473 0.006734006734006736 0.013468013468013473 0.020202020202020214 0.006734006734006736 0.026936026936026945 0.006734006734006736 0.03367003367003368 0.010101010101010107 0.026936026936026945 0.013468013468013473 0.006734006734006736 0.026936026936026945 0.006734006734006736 0.003367003367003368 0.013468013468013473 0.030303030303030318 0.03367003367003368 0.03367003367003368 0.026936026936026945 0.006734006734006736 0.013468013468013473 0.006734006734006736 0.026936026936026945 0.03367003367003368 0.006734006734006736 0.02356902356902358 0.020202020202020214 0.013468013468013473 0.03367003367003368 0.0 
0.02295081967213115 0.029508196721311483 0.016393442622950824 0.02622950819672132 0.02295081967213115 0.01967213114754099 0.01311475409836066 0.03278688524590165 0.02295081967213115 0.00655737704918033 0.00655737704918033 0.01967213114754099 0.00655737704918033 0.00655737704918033 0.00655737704918033 0.01311475409836066 0.01311475409836066 0.009836065573770494 0.02295081967213115 0.029508196721311483 0.03278688524590165 0.02622950819672132 0.03278688524590165 0.00655737704918033 0.016393442622950824 0.01311475409836066 0.003278688524590165 0.01967213114754099 0.01311475409836066 0.029508196721311483 0.016393442622950824 0.009836065573770494 0.029508196721311483 0.00655737704918033 0.009836065573770494 0.009836065573770494 0.01311475409836066 0.00655737704918033 0.01967213114754099 0.029508196721311483 0.02295081967213115 0.03278688524590165 0.02622950819672132 0.009836065573770494 0.02622950819672132 0.01311475409836066 0.00655737704918033 0.003278688524590165 0.03278688524590165 0.02622950819672132 0.01967213114754099 0.02295081967213115 0.02622950819672132 0.01311475409836066 0.01311475409836066 0.01311475409836066 0.0 
0.0076923076923076945 0.019230769230769235 0.02307692307692308 0.01153846153846154 0.015384615384615389 0.01153846153846154 0.02692307692307693 0.015384615384615389 0.02692307692307693 0.02692307692307693 0.034615384615384624 0.01153846153846154 0.030769230769230778 0.02692307692307693 0.0076923076923076945 0.02307692307692308 0.02307692307692308 0.01153846153846154 0.034615384615384624 0.02307692307692308 0.0076923076923076945 0.01153846153846154 0.015384615384615389 0.0076923076923076945 0.02692307692307693 0.0076923076923076945 0.01153846153846154 0.01153846153846154 0.0038461538461538472 0.019230769230769235 0.030769230769230778 0.0038461538461538472 0.0038461538461538472 0.03846153846153847 0.019230769230769235 0.015384615384615389 0.0076923076923076945 0.02692307692307693 0.0076923076923076945 0.034615384615384624 0.015384615384615389 0.0076923076923076945 0.015384615384615389 0.034615384615384624 0.02692307692307693 0.02307692307692308 0.0038461538461538472 0.02692307692307693 0.02307692307692308 0.02692307692307693 0.0076923076923076945 0.01153846153846154 0.0076923076923076945 0.019230769230769235 0.0038461538461538472 0.02307692307692308 0.0 
0.009677419354838712 0.012903225806451615 0.009677419354838712 0.03225806451612904 0.022580645161290325 0.012903225806451615 0.029032258064516134 0.03225806451612904 0.019354838709677424 0.012903225806451615 0.03225806451612904 0.006451612903225807 0.029032258064516134 0.006451612903225807 0.01612903225806452 0.012903225806451615 0.0032258064516129037 0.03225806451612904 0.009677419354838712 0.0032258064516129037 0.009677419354838712 0.0032258064516129037 0.01612903225806452 0.022580645161290325 0.012903225806451615 0.029032258064516134 0.01612903225806452 0.0032258064516129037 0.029032258064516134 0.03225806451612904 0.019354838709677424 0.03225806451612904 0.019354838709677424 0.012903225806451615 0.02580645161290323 0.022580645161290325 0.019354838709677424 0.029032258064516134 0.02580645161290323 0.019354838709677424 0.009677419354838712 0.0032258064516129037 0.03225806451612904 0.02580645161290323 0.02580645161290323 0.006451612903225807 0.01612903225806452 0.0032258064516129037 0.022580645161290325 0.022580645161290325 0.006451612903225807 0.02580645161290323 0.012903225806451615 0.0032258064516129037 0.009677419354838712 0.029032258064516134 0.0 
0.01875 0.0125 0.021875 0.003125 0.0125 0.00625 0.0125 0.003125 0.015625 0.028125 0.003125 0.025 0.028125 0.025 0.028125 0.03125 0.03125 0.021875 0.03125 0.003125 0.015625 0.009375 0.03125 0.015625 0.003125 0.021875 0.015625 0.003125 0.025 0.028125 0.03125 0.025 0.015625 0.025 0.028125 0.003125 0.015625 0.028125 0.0125 0.003125 0.01875 0.025 0.025 0.0125 0.025 0.009375 0.0125 0.021875 0.01875 0.003125 0.009375 0.0125 0.03125 0.025 0.015625 0.015625 0.0 
0.030211480362537766 0.012084592145015106 0.01812688821752266 0.015105740181268883 0.021148036253776436 0.00906344410876133 0.015105740181268883 0.00906344410876133 0.01812688821752266 0.027190332326283987 0.01812688821752266 0.027190332326283987 0.02416918429003021 0.00906344410876133 0.030211480362537766 0.021148036253776436 0.015105740181268883 0.006042296072507553 0.02416918429003021 0.030211480362537766 0.0030211480362537764 0.00906344410876133 0.027190332326283987 0.0030211480362537764 0.027190332326283987 0.02416918429003021 0.030211480362537766 0.027190332326283987 0.00906344410876133 0.027190332326283987 0.030211480362537766 0.01812688821752266 0.01812688821752266 0.015105740181268883 0.006042296072507553 0.00906344410876133 0.00906344410876133 0.021148036253776436 0.015105740181268883 0.00906344410876133 0.00906344410876133 0.01812688821752266 0.00906344410876133 0.00906344410876133 0.0030211480362537764 0.021148036253776436 0.021148036253776436 0.021148036253776436 0.030211480362537766 0.027190332326283987 0.0030211480362537764 0.027190332326283987 0.027190332326283987 0.006042296072507553 0.027190332326283987 0.021148036253776436 0.0 
0.003389830508474578 0.027118644067796623 0.03389830508474578 0.003389830508474578 0.013559322033898312 0.027118644067796623 0.01694915254237289 0.003389830508474578 0.030508474576271205 0.02372881355932205 0.010169491525423733 0.03389830508474578 0.030508474576271205 0.020338983050847467 0.03389830508474578 0.02372881355932205 0.01694915254237289 0.020338983050847467 0.030508474576271205 0.027118644067796623 0.006779661016949156 0.01694915254237289 0.010169491525423733 0.027118644067796623 0.01694915254237289 0.006779661016949156 0.006779661016949156 0.010169491525423733 0.01694915254237289 0.030508474576271205 0.027118644067796623 0.020338983050847467 0.003389830508474578 0.006779661016949156 0.010169491525423733 0.027118644067796623 0.030508474576271205 0.010169491525423733 0.003389830508474578 0.010169491525423733 0.020338983050847467 0.030508474576271205 0.010169491525423733 0.006779661016949156 0.006779661016949156 0.010169491525423733 0.010169491525423733 0.03389830508474578 0.020338983050847467 0.010169491525423733 0.01694915254237289 0.030508474576271205 0.006779661016949156 0.030508474576271205 0.013559322033898312 0.013559322033898312 0.0 
0.017006802721088426 0.013605442176870739 0.013605442176870739 0.017006802721088426 0.020408163265306107 0.017006802721088426 0.03401360544217685 0.02380952380952379 0.0068027210884353696 0.0034013605442176848 0.0068027210884353696 0.027210884353741478 0.0034013605442176848 0.030612244897959162 0.02380952380952379 0.0034013605442176848 0.02380952380952379 0.010204081632653053 0.020408163265306107 0.020408163265306107 0.027210884353741478 0.013605442176870739 0.030612244897959162 0.0034013605442176848 0.02380952380952379 0.0068027210884353696 0.010204081632653053 0.020408163265306107 0.0068027210884353696 0.0034013605442176848 0.03401360544217685 0.013605442176870739 0.027210884353741478 0.027210884353741478 0.017006802721088426 0.017006802721088426 0.013605442176870739 0.0034013605442176848 0.027210884353741478 0.030612244897959162 0.027210884353741478 0.010204081632653053 0.0034013605442176848 0.020408163265306107 0.030612244897959162 0.017006802721088426 0.030612244897959162 0.030612244897959162 0.017006802721088426 0.013605442176870739 0.027210884353741478 0.0034013605442176848 0.02380952380952379 0.02380952380952379 0.020408163265306107 0.0068027210884353696 0.0 
0.01567398119122257 0.018808777429467086 0.012539184952978056 0.025078369905956112 0.01567398119122257 0.003134796238244514 0.009404388714733543 0.03134796238244514 0.012539184952978056 0.02821316614420063 0.009404388714733543 0.006269592476489028 0.006269592476489028 0.006269592476489028 0.009404388714733543 0.006269592476489028 0.018808777429467086 0.03134796238244514 0.0219435736677116 0.018808777429467086 0.025078369905956112 0.0219435736677116 0.03134796238244514 0.02821316614420063 0.0219435736677116 0.009404388714733543 0.012539184952978056 0.025078369905956112 0.02821316614420063 0.006269592476489028 0.012539184952978056 0.025078369905956112 0.006269592476489028 0.003134796238244514 0.03134796238244514 0.018808777429467086 0.018808777429467086 0.009404388714733543 0.009404388714733543 0.025078369905956112 0.02821316614420063 0.01567398119122257 0.012539184952978056 0.02821316614420063 0.03134796238244514 0.012539184952978056 0.012539184952978056 0.012539184952978056 0.025078369905956112 0.025078369905956112 0.018808777429467086 0.025078369905956112 0.025078369905956112 0.009404388714733543 0.02821316614420063 0.012539184952978056 0.0 
1.0 0.0 0.0 0.0 0.0 0.0 0.0 0.0 0.0 0.0 0.0 0.0 0.0 0.0 0.0 0.0 0.0 0.0 0.0 0.0 0.0 0.0 0.0 0.0 0.0 0.0 0.0 0.0 0.0 0.0 0.0 0.0 0.0 0.0 0.0 0.0 0.0 0.0 0.0 0.0 0.0 0.0 0.0 0.0 0.0 0.0 0.0 0.0 0.0 0.0 0.0 0.0 0.0 0.0 0.0 0.0 0.0 

emissions
0 0 0 0 0 0 0 0 0 0 0 0 0 0 0 0 0 0 0 0 0 0 0 0 0 0 0 0 0 0 0 0 0 0 0 0 0 0 0 0 0 0 0 0 0 0 0 0 0 0 0 0 0 0 0 0 1 
1 1 1 1 1 1 1 1 1 1 1 1 1 1 1 1 1 1 1 1 1 1 1 1 1 1 1 1 1 1 1 1 1 1 1 1 1 1 1 1 1 1 1 1 1 1 1 1 1 1 1 1 1 1 1 1 0 
