states
0 1 2 3 4 5 6 7 8 9 10 11 12 13 14 15 16 17 18 19 20 21 22 23 24 25 26 27 28 29 30 31 32 33 34 35 36 37 38 39 40 41 42 43 44 45 46 47 48 49 50 51 52 53 54 55 56 
labels
empty init 
initial
1.0 0.0 0.0 0.0 0.0 0.0 0.0 0.0 0.0 0.0 0.0 0.0 0.0 0.0 0.0 0.0 0.0 0.0 0.0 0.0 0.0 0.0 0.0 0.0 0.0 0.0 0.0 0.0 0.0 0.0 0.0 0.0 0.0 0.0 0.0 0.0 0.0 0.0 0.0 0.0 0.0 0.0 0.0 0.0 0.0 0.0 0.0 0.0 0.0 0.0 0.0 0.0 0.0 0.0 0.0 0.0 0.0
transitions
0.015400308006160124 0.0007900158003160063 0.02633052661053221 0.021060421208424166 0.034370687413748276 0.02634052681053621 0.007750155003100062 0.02863057261145223 0.01654033080661613 0.01987039740794816 0.020150403008060164 0.016630332606652132 0.008170163403268066 0.0021500430008600173 0.006500130002600052 0.021850437008740176 0.00376007520150403 0.01980039600792016 0.010230204604092082 0.025260505210104204 0.020100402008040162 0.03043060861217224 0.03262065241304826 0.012830256605132102 0.005710114202284046 0.03239064781295626 0.004400088001760036 0.03275065501310027 0.0026700534010680216 0.030680613612272246 0.018510370207404148 0.022900458009160185 0.012160243204864099 0.01653033060661213 0.017130342606852138 0.006950139002780055 0.03212064241284826 0.034400688013760276 0.02230044600892018 0.014090281805636113 0.0043000860017200345 0.0029500590011800236 0.00623012460249205 0.024450489009780196 0.0059901198023960475 0.0010600212004240085 0.0246804936098722 0.014280285605712114 0.004370087401748035 0.03336066721334427 0.017670353407068143 0.024690493809876198 0.014510290205804117 0.035660713214264284 0.0015800316006320126 0.0248304966099322 0.02612052241044821 
0.008329750107496776 0.02326930192094237 0.0222293331200064 0.026789196324110278 0.0221693349199524 0.009829705108846735 0.007529774106776797 0.018739437816865493 0.02036938891833245 0.0012299631011069667 0.004579862604121876 0.016539503814885552 0.02659920202393928 0.01708948731538054 0.006269811905642832 0.03810885673429797 0.002759917202483925 0.0073997780066598 0.021679349619511415 0.025369238922832316 0.018459446216613502 0.0007499775006749798 0.005089847304580863 0.004929852104436867 0.02780916572502825 0.032629021129366116 0.034428967130986074 5.999820005399838e-05 0.03718888433347 3.999880003599892e-05 0.005769826905192844 0.006559803205903823 0.020579382618521446 0.03390898273051809 0.017369478915632532 0.008629741107766768 0.0260192194234173 0.02770916872493825 0.02559923202303931 0.030679079627611173 0.028089157325280244 0.036048918532444026 0.001629951101466956 0.022669319920402387 0.03151905442836715 0.007209783706488806 0.022099337019889406 0.0010099697009089729 0.023469295921122367 0.009059728208153756 0.01903942881713549 0.02934911952641421 0.007419777406677801 0.03320900372988811 0.00702978910632681 0.023149305520834378 0.006909792706218814 
0.001960039200784016 0.03218064361287226 0.01820036400728015 0.008390167803356068 0.02789055781115623 0.025920518410368208 0.023650473009460195 0.03212064241284827 0.015650313006260127 0.020330406608132165 0.03157063141262826 0.007660153203064062 0.0015800316006320128 0.016960339206784136 0.027700554011080226 0.0028200564011280228 0.0023900478009560196 0.007520150403008061 0.0010600212004240085 0.03296065921318427 0.015020300406008123 0.0048500970019400395 0.019180383607672154 0.0121202424048481 0.021600432008640178 0.029210584211684237 0.029580591611832237 0.0010300206004120085 0.028580571611432234 0.01472029440588812 0.016360327206544133 0.03191063821276426 0.009170183403668073 0.016490329806596135 0.007920158403168065 0.01737034740694814 0.010160203204064083 0.01590031800636013 0.03179063581271626 0.0060801216024320495 0.02825056501130023 0.025260505210104207 0.020780415608312168 0.006550131002620053 0.02223044460889218 0.03054061081221625 0.030660613212264248 0.015750315006300128 0.017490349806996142 0.021460429208584174 0.015450309006180126 0.01818036360727215 0.01862037240744815 0.008690173803476071 0.02800056001120023 0.013790275805516112 0.0007300146002920058 
0.024460244602446026 0.02890028900289003 0.02930029300293003 0.004530045300453005 0.022280222802228026 0.005110051100511006 0.007990079900799009 0.005350053500535005 0.011950119501195013 0.03152031520315203 0.011960119601196013 0.007980079800798007 0.01000010000100001 0.013580135801358015 0.007870078700787009 0.00989009890098901 0.006850068500685007 0.02794027940279403 0.02798027980279803 0.017580175801758018 0.024070240702407028 0.009300093000930008 0.02973029730297303 0.01716017160171602 0.026420264202642027 0.005070050700507005 0.001830018300183002 0.007320073200732008 0.01036010360103601 0.0008200082000820009 0.02743027430274303 0.0004800048000480005 0.02071020710207102 0.02917029170291703 0.023920239202392026 0.016190161901619017 0.013980139801398015 0.030350303503035032 0.030380303803038033 0.02730027300273003 0.01687016870168702 0.02630026300263003 0.026750267502675028 0.012280122801228012 0.004910049100491006 0.029530295302953032 0.02801028010280103 0.013450134501345015 0.02822028220282203 0.031040310403104034 0.023750237502375024 0.0069300693006930075 0.030700307003070033 0.02793027930279303 0.007430074300743008 0.011970119701197013 0.008910089100891009 
0.012469875301246994 0.003549964500354999 0.02747972520274799 0.018539814601853992 0.0030599694003059985 0.02596974030259699 0.00018999810001899992 0.015419845801541994 0.011529884701152996 0.011179888201117996 0.012869871301286995 0.021679783202167992 0.003139968600313999 0.015029849701502994 0.01897981020189799 0.03743962560374399 0.003999960000399998 0.03427965720342798 0.0023199768002319992 0.02289977100228999 0.013469865301346994 0.03733962660373398 0.010589894101058997 0.038289617103828985 0.03218967810321899 0.0003599964000359999 0.01961980380196199 0.02037979620203799 0.02587974120258799 0.010739892601073995 0.0019799802001979993 0.0032399676003239987 0.014279857201427994 0.013509864901350994 0.008759912400875997 0.008159918400815997 0.009459905400945996 0.0067899321006789975 0.02405975940240599 0.03526964730352699 0.020599794002059992 0.02004979950200499 0.0005199948000519998 0.03870961290387099 0.038359616403835985 0.0036699633003669987 0.02602973970260299 0.0009799902000979996 0.017179828201717994 0.031029689703102985 0.03720962790372098 0.02964970350296499 0.029149708502914987 0.006229937700622998 0.023889761102388992 0.018989810101898992 0.021359786402135993 
0.003860038600386003 0.01248012480124801 0.01651016510165101 0.009010090100901006 0.01783017830178301 0.010620106201062006 0.012990129901299009 0.007400074000740006 0.03197031970319702 0.03158031580315802 0.016680166801668013 0.0016100161001610014 0.01346013460134601 0.006270062700627005 0.020870208702087015 0.017190171901719013 0.02840028400284002 0.01712017120171201 0.02685026850268502 0.02750027500275002 0.030990309903099023 0.02767027670276702 0.018030180301803013 0.018470184701847015 0.0050000500005000035 0.009120091200912006 0.005640056400564004 0.006450064500645005 5.000050000500004e-05 0.029270292702927022 0.017130171301713012 0.033550335503355025 0.03235032350323502 0.011130111301113008 0.0038900389003890027 0.021650216502165014 0.022460224602246018 0.016100161001610012 0.018660186601866014 0.01570015700157001 0.03145031450314502 0.017750177501775013 0.010020100201002007 0.018720187201872015 0.03329033290332902 0.006470064700647005 0.01414014140141401 0.029290292902929022 0.016150161501615013 0.02977029770297702 0.031830318303183024 0.005650056500565004 0.006010060100601004 0.02749027490274902 0.01587015870158701 0.020220202202022013 0.012360123601236008 
0.01421 0.02295 0.01402 0.02042 0.02671 0.01114 0.01133 0.01897 0.02882 0.01088 0.01702 0.02023 0.01152 0.02218 0.01796 0.0113 0.02477 0.03273 0.00103 0.03039 0.02338 0.00525 0.03007 0.01847 0.01026 0.00593 0.01286 0.00039 0.00459 0.0262 0.03478 0.00186 0.00819 0.03315 0.00032 0.01058 0.03012 0.01854 0.00809 0.01263 0.03427 0.01008 0.03534 0.02228 0.03292 0.01465 0.01812 0.00935 0.00689 0.01046 0.00573 0.02215 0.03481 0.01981 0.00809 0.03281 0.018 
0.00523 0.03489 0.01423 0.02726 0.02873 0.03417 0.00168 0.02665 0.01144 0.00302 0.01007 0.00773 0.00059 0.02006 0.02633 0.0165 0.02237 0.03309 0.027 0.01242 0.0184 0.00391 0.03034 0.02301 0.0035 0.01667 0.02549 0.02416 0.01117 0.00432 0.0086 0.02039 0.0346 0.02139 0.01184 0.01322 0.02518 0.02298 0.01976 0.01202 0.00429 0.00907 0.02784 0.02662 0.02688 0.00021 0.02024 0.00882 0.00891 0.0185 0.01127 0.01466 0.00786 0.03514 0.0119 0.0326 0.02078 
0.012380000000000002 0.0046700000000000005 0.025370000000000004 0.008600000000000002 0.03409000000000001 0.011570000000000002 0.020700000000000003 0.011860000000000002 0.009340000000000001 0.027900000000000005 0.010420000000000002 0.03824000000000001 0.0039700000000000004 0.03696000000000001 0.029560000000000003 0.0009600000000000001 0.021710000000000004 0.012330000000000002 0.018370000000000004 0.022940000000000002 0.007700000000000001 0.0006700000000000001 0.039020000000000006 0.023250000000000003 0.030850000000000002 0.022210000000000004 0.006540000000000001 0.013900000000000001 0.011500000000000002 0.012470000000000002 0.0012700000000000003 0.005300000000000001 0.036430000000000004 0.030720000000000004 0.024470000000000002 0.035210000000000005 0.009630000000000001 0.0008100000000000001 0.0076100000000000004 0.025620000000000004 0.018880000000000004 0.027380000000000005 0.009660000000000002 0.0029500000000000004 0.017100000000000004 0.0048200000000000005 0.011280000000000002 0.008650000000000001 0.016760000000000004 0.023470000000000005 0.009060000000000002 0.03234000000000001 0.028520000000000004 0.03246000000000001 0.023190000000000002 0.016870000000000003 0.009490000000000002 
0.014870000000000005 0.005580000000000002 0.010410000000000004 0.012120000000000004 0.005670000000000001 0.020350000000000007 0.009640000000000003 0.011520000000000004 0.022670000000000006 0.012250000000000004 0.023080000000000007 0.02983000000000001 0.016170000000000007 0.02689000000000001 0.014890000000000006 0.012200000000000004 0.02625000000000001 0.024500000000000008 0.014130000000000005 0.0027500000000000007 0.031460000000000016 0.02040000000000001 0.004930000000000002 0.0009600000000000003 0.0045600000000000016 0.02703000000000001 0.03059000000000001 0.012000000000000004 0.023670000000000007 0.02767000000000001 0.005670000000000001 0.007180000000000002 0.032450000000000014 0.010470000000000004 0.025320000000000006 0.019980000000000008 0.0046900000000000015 0.02830000000000001 0.03269000000000001 0.02466000000000001 0.03067000000000001 0.011390000000000004 0.014670000000000006 0.025460000000000007 0.008600000000000003 0.006100000000000002 0.021690000000000008 2.000000000000001e-05 0.013000000000000003 0.02882000000000001 0.023280000000000006 0.024940000000000007 0.025380000000000007 0.014450000000000005 0.020550000000000006 0.008650000000000003 0.03188000000000001 
0.03254 0.02639 0.0157 0.03941 0.0134 0.00154 0.01218 0.02067 0.02251 0.03709 0.01021 0.02057 0.01923 0.01177 0.00522 0.00633 0.02389 0.0099 0.01921 0.01999 0.01083 0.01865 0.02821 0.01958 0.02885 0.01571 0.03214 0.0288 0.00719 0.03066 0.01447 0.01263 0.02647 0.02471 0.00736 0.01396 0.03716 0.03573 0.01264 0.0223 0.00508 0.02562 0.00166 0.00172 0.02929 0.01523 0.00473 0.03018 0.00037 0.01863 0.00983 5e-05 0.01 0.02221 0.00089 0.02865 6e-05 
0.005499670019798811 0.021528708277503347 0.020988740675559465 0.021868687878727273 0.02669839809611423 0.02085874847509149 0.005819650820950741 0.01978881267123972 0.024228546287222763 0.026428414295142286 0.004539727616343019 0.004399736015839049 0.023268603883766968 0.006369617822930623 0.027228366298022114 0.02283862968221906 0.02979821210727356 0.023628582285062896 0.00823950562966222 0.020328780273183605 0.004139751614903105 0.004489730616163029 0.0198988060716357 0.0027298362098274096 0.021638701677899323 0.022398656080635158 0.024178549287042772 0.012599244045357276 0.00517968921864688 0.029458232506049634 0.007929524228546285 0.0319080855148691 0.013179209247445152 0.00827950322980621 0.028158310501369913 0.013899166050036995 0.01105933643981361 0.022868627882327058 0.008799472031678099 0.029878207307561543 0.022098674079555226 0.016079035257884525 0.009619422834629921 0.003819770813751174 0.0203487790732556 0.027048377097374152 0.009469431834089952 0.022088674679519225 0.0314581125132492 0.010339379637221766 0.02043877367357958 0.02975821450712957 0.025268483890966538 0.02816830990140591 0.009169449833010017 0.022318660880347174 0.005489670619762813 
0.02276977230227698 0.0023899761002389983 0.019339806601933983 0.02670973290267098 0.023039769602303983 0.014149858501414987 0.030219697803021976 0.02439975600243998 0.0007099929000709994 0.025269747302526978 0.015229847701522988 0.009269907300926992 0.01258987410125899 0.01109988900110999 0.019559804401955986 0.013449865501344988 0.0016099839001609989 0.01105988940110599 0.0044499555004449964 0.021159788402115985 0.004949950500494996 0.029129708702912975 0.002269977300226998 0.005639943600563995 0.028069719302806977 0.02251977480225198 0.028989710102898972 0.02644973550264498 0.02678973210267898 0.02789972100278998 0.004629953700462996 0.013939860601393987 0.026839731602683978 0.03139968600313997 0.011109888901110991 0.008459915400845994 0.009819901800981991 0.03490965090349097 0.019349806501934984 0.01935980640193598 0.0071399286007139936 0.014199858001419988 0.01098989010109899 0.014889851101488988 0.03460965390346097 0.0015199848001519987 0.030389696103038974 0.02276977230227698 0.01235987640123599 0.030329696703032975 0.02388976110238898 0.00017999820001799986 0.02561974380256198 0.008319916800831993 0.02368976310236898 0.013379866201337989 0.03471965280347197 
0.005279894402111959 0.009329813403731926 0.0253994920101598 0.020429591408171837 0.03036939261214776 0.020699586008279838 0.031229375412491753 0.006899862002759946 0.032349353012939744 0.029969400611987763 0.028709425811483773 0.030849383012339755 0.0012299754004919902 0.0251194976100478 0.027389452210955786 0.019359612807743846 0.026089478210435793 0.008099838003239936 0.026979460410791786 0.02313953720925582 0.007339853202935942 0.027079458410831786 0.005889882202355954 0.03529929401411972 0.016019679606407874 0.0015399692006159878 0.002819943601127978 0.024599508009839805 0.009329813403731926 0.007799844003119938 0.006589868202635948 0.017469650606987863 0.004109917801643968 0.015759684806303874 0.00251994960100798 0.024939501209975803 0.034299314013719724 0.029769404611907767 0.016879662406751865 0.0030899382012359753 0.014629707405851886 0.01661966760664787 0.01905961880762385 0.0019399612007759848 0.011679766404671907 0.0251594968100638 0.03205935881282374 0.004419911601767966 0.004579908401831963 0.007949841003179938 0.003659926801463971 0.002759944801103978 0.034119317613647726 0.02650946981060379 0.034839303213935725 0.016759664806703867 0.021189576208475832 
0.01864 0.01081 0.02088 0.01307 0.02171 0.01027 0.00924 0.02465 0.03533 0.03261 0.01188 0.00137 0.0043 0.02825 0.00338 0.03679 0.01105 0.0322 0.02678 0.03327 0.02191 0.02042 0.02938 0.02412 0.01013 0.0123 0.01213 0.02509 0.01203 0.01765 0.00566 0.00408 0.00721 0.00162 0.02274 0.01461 0.02677 0.0193 0.01838 0.02648 0.02166 0.00665 0.00839 0.0084 0.03554 0.03478 0.01941 0.00228 0.03261 0.00751 0.03119 0.02523 0.0006 0.00334 0.00578 0.03073 0.00741 
0.02615 0.02598 0.01768 0.0285 0.0064 0.0085 0.02949 0.00497 0.02012 0.02734 0.02724 0.02688 0.01464 0.00172 0.00979 0.02217 0.02494 0.00326 0.00366 0.00984 0.01587 0.01553 0.01614 0.02164 0.02087 0.00253 0.01933 0.02661 0.02617 0.02096 0.01283 0.02152 0.01717 0.01646 0.00354 0.02552 0.0182 0.00819 0.02535 0.01326 0.00805 0.00513 0.0254 0.02505 0.00481 0.01034 0.01306 0.02424 0.01884 0.0069 0.01629 0.0232 0.02867 0.02815 0.02951 0.02677 0.01863 
0.019540586217586527 0.021590647719431585 0.020500615018450557 0.0061301839055171664 0.0077902337070112114 0.015220456613698412 0.01694050821524646 0.00957028710861326 0.020470614118423554 0.02542076262287869 0.010370311109333282 0.0009900297008910268 0.024110723321699654 0.006420192605778174 0.011610348310449315 0.019840595217856537 0.008320249607488225 0.0184905547166415 0.024480734422032663 0.027730831924957754 0.02723081692450774 0.027160814824444737 0.013750412512375373 0.003550106503195096 0.008260247807434224 0.026520795623868717 0.02436073082192466 0.023980719421582652 0.02789083672510176 0.027480824424732746 0.025720771623148696 0.007810234307029212 0.006600198005940179 0.0259207776233287 0.024530735922077666 0.011680350410512316 0.014330429912897388 0.02321069632088963 0.012780383411502345 0.02733081992459774 0.020480614418432557 0.018980569417082514 0.02513075392261768 0.0016400492014760444 0.025050751522545676 0.015590467714031423 0.026670800124003722 0.027610828324849748 0.019870596117883537 0.010880326409792295 0.027140814224426737 0.022370671120133606 0.0028200846025380763 0.011970359110773324 0.015400462013860418 0.0002800084002520076 0.02247067412022361 
0.02484975150248498 0.018889811101888986 0.01060989390106099 0.013009869901300989 0.029649703502964975 0.02524974750252498 0.013939860601393987 0.019349806501934984 0.02095979040209598 0.004259957400425996 0.013079869201307989 0.014249857501424988 0.013569864301356989 0.007849921500784993 0.007629923700762993 0.0007199928000719995 0.02415975840241598 0.013739862601373989 0.005539944600553995 0.03441965580344197 0.031509684903150974 0.007739922600773994 0.02227977720222798 0.027949720502794977 0.019309806901930984 0.0009299907000929993 0.015689843101568984 0.002529974700252998 0.02394976050239498 0.03420965790342097 0.004519954800451996 0.019249807501924985 0.007579924200757994 0.02426975730242698 0.031149688503114975 0.020239797602023983 0.020569794302056982 0.027649723502764977 0.0009799902000979992 0.028289717102828977 0.0025799742002579978 0.011609883901160991 0.028409715902840978 0.020609793902060983 0.02510974890251098 0.03264967350326497 0.02374976250237498 0.02070979290207098 0.02490975090249098 0.015199848001519987 0.014299857001429989 0.02652973470265298 0.009789902100978992 0.016899831001689986 0.005729942700572995 0.010499895001049992 0.02438975610243898 
0.004810096201924039 0.01112022240444809 0.006780135602712054 0.016840336806736137 0.008310166203324067 0.0246204924098482 0.004020080401608033 0.0039600792015840325 0.007670153403068062 0.026590531810636215 0.009600192003840078 0.002680053601072022 0.02706054121082422 0.026210524210484212 0.027670553411068225 0.01728034560691214 0.033850677013540276 0.008600172003440069 0.01731034620692414 0.016850337006740136 0.028330566611332233 0.01841036820736415 0.016630332606652132 0.02835056701134023 0.0056401128022560455 0.011600232004640094 0.01584031680633613 0.02609052181043621 0.01837036740734815 0.023670473409468193 0.030400608012160248 0.016290325806516133 0.0245204904098082 0.015180303606072124 0.001480029600592012 0.02734054681093622 0.01103022060441209 0.015150303006060123 0.005220104402088042 0.031500630012600256 0.017680353607072145 0.021820436408728175 0.0074201484029680605 0.009550191003820077 0.015520310406208127 0.008100162003240065 0.01802036040720815 0.01011020220404408 0.010270205404108083 0.03220064401288026 0.017070341406828136 0.029950599011980245 0.02005040100802016 0.024320486409728198 0.033550671013420276 0.030060601212024245 0.021420428408568174 
0.005830174905247159 0.007220216606498197 0.03402102063061893 0.0037601128033841026 0.028540856225686778 0.026060781823454712 0.012580377411322343 0.026520795623868724 0.02418072542176266 0.013710411312339374 0.01321039631188936 0.023270698120943633 0.0022500675020250614 0.02699080972429174 0.004010120303609109 0.01578047341420243 0.01579047371421143 0.027030810924327738 0.03106093182795485 0.0036601098032941 0.020420612618378558 0.023590707721231643 0.0019200576017280526 0.033541006230186916 0.02796083882516476 0.004960148804464135 0.012630378911367346 0.003720111603348102 0.012950388511655354 0.004970149104473135 0.024370731121933664 0.024230726921807662 0.01575047251417543 0.029860895826874817 0.008150244507335222 0.014050421512645383 0.0008100243007290221 0.033260997829934906 0.02675080252407573 0.021470644119323586 0.029530885926577807 0.013280398411952363 0.02020060601818055 0.031610948328449864 0.028880866425992788 0.013450403512105368 0.009200276008280252 0.013640409212276371 0.011600348010440315 0.00914027420822625 0.02090062701881057 0.034011020330609924 0.02233066992009761 0.013840415212456377 0.02747082412472375 0.001350040501215037 0.008710261307839239 
0.019180575417262518 0.02516075482264468 0.01887056611698351 0.027420822624678744 0.01363040891226737 0.01883056491694751 0.016780503415102455 0.0011900357010710323 0.015030450913527407 0.03053091592747783 0.009690290708721263 0.0334710041301239 0.03486104583137495 0.007080212406372192 0.005100153004590139 0.0035801074032220967 0.02028060841825255 0.02288068642059262 0.012670380111403343 0.014460433813014392 0.03163094892846786 0.0037901137034111027 0.0006200186005580168 0.008340250207506226 0.026660799823994722 0.022800684020520618 0.006750202506075183 0.028650859525785773 0.004770143104293129 0.014460433813014392 0.01630048901467044 0.015330459913797416 0.010160304809144276 0.02457073712211367 0.016990509715291462 0.010560316809504287 0.007660229806894208 0.010480314409432284 0.013150394511835356 0.023840715221456647 0.02808084242527276 0.022070662119863596 0.030810924327729836 0.010200306009180277 0.023520705621168637 0.03229096872906188 0.024480734422032663 0.020450613518405554 0.02360070802124064 0.02803084092522776 0.004940148204446134 0.01741052231566947 0.027840835225056756 0.009180275408262249 0.02073062191865756 0.017780533416002484 0.01036031080932428 
0.024320000000000005 0.0028500000000000005 0.006860000000000001 0.030550000000000004 0.008020000000000001 0.0013800000000000002 0.014590000000000002 0.021580000000000002 0.006000000000000001 0.017580000000000002 0.018420000000000002 0.006370000000000001 0.024610000000000003 0.027080000000000003 0.027530000000000002 0.013760000000000001 0.021550000000000003 0.019610000000000002 0.029440000000000004 0.009650000000000002 0.019360000000000002 0.016930000000000004 0.0038200000000000005 0.026810000000000004 0.016050000000000002 0.028580000000000005 0.022700000000000005 0.029470000000000003 0.007900000000000003 0.004070000000000001 0.017940000000000005 0.005510000000000001 0.010990000000000002 0.005540000000000001 0.015390000000000001 0.008030000000000002 0.013430000000000001 0.017190000000000004 0.028650000000000002 0.008890000000000002 0.03212000000000001 0.030130000000000004 0.025650000000000003 0.023620000000000002 0.025820000000000003 0.010260000000000002 0.0012600000000000003 0.028190000000000003 0.019000000000000003 0.018030000000000004 0.025380000000000003 0.018710000000000004 0.008540000000000002 0.017360000000000004 0.020150000000000005 0.028280000000000003 0.028500000000000004 
0.011040110401104012 0.029100291002910034 0.022320223202232026 0.020010200102001025 0.018990189901899022 0.011520115201152014 0.013910139101391017 0.012710127101271016 0.01590015900159002 0.03113031130311304 0.003200032000320004 0.02668026680266803 0.022760227602276025 0.014660146601466017 0.015300153001530018 0.004380043800438005 0.018560185601856023 0.010130101301013012 0.02638026380263803 0.022180221802218025 0.00887008870088701 0.027040270402704035 0.0021100211002110024 0.021990219902199026 0.01814018140181402 0.01606016060160602 0.01565015650156502 0.028360283602836035 0.0047500475004750055 0.022010220102201026 0.021870218702187028 0.01666016660166602 0.028870288702887034 0.027980279802798033 0.015250152501525017 0.010670106701067014 0.010830108301083012 0.013340133401334015 0.006360063600636008 0.020670206702067026 0.004610046100461005 0.0038900389003890044 0.007680076800768009 0.029970299702997034 0.030990309903099037 0.02694026940269403 0.018700187001870025 0.02552025520255203 0.026640266402664033 0.009010090100901012 0.004100041000410005 0.028150281502815035 0.00946009460094601 0.020700207002070023 0.021420214202142025 0.020940209402094026 0.022930229302293027 
0.003479999999999999 0.0007399999999999998 0.013879999999999997 0.011599999999999997 0.031179999999999992 0.015619999999999997 0.018239999999999996 0.011389999999999999 0.03552999999999999 0.014579999999999996 0.015829999999999997 0.025129999999999993 0.0013299999999999998 0.031569999999999994 0.010339999999999998 0.011959999999999997 0.03209999999999999 0.017979999999999996 0.018169999999999995 0.022849999999999995 0.019989999999999997 0.035239999999999994 0.005729999999999999 0.007819999999999999 0.020329999999999997 0.015779999999999995 0.023399999999999997 0.03341999999999999 0.0013899999999999997 0.014489999999999996 0.0031899999999999993 0.015199999999999997 0.032659999999999995 0.0011399999999999997 0.021799999999999996 0.037079999999999995 0.023469999999999994 0.034499999999999996 0.019619999999999995 0.003799999999999999 0.017339999999999998 0.009489999999999998 0.004529999999999999 0.022889999999999997 0.012109999999999996 0.025539999999999993 0.023859999999999992 0.028239999999999994 0.026509999999999992 0.003239999999999999 0.030489999999999993 0.0007199999999999999 0.0028699999999999997 0.023429999999999996 0.019729999999999998 0.006789999999999998 0.028669999999999994 
0.019210000000000005 0.0022800000000000003 0.028370000000000003 0.0010000000000000002 0.017380000000000003 0.0015100000000000003 0.014900000000000002 0.023530000000000002 0.0006700000000000001 0.018820000000000003 0.023200000000000002 0.012150000000000001 0.027690000000000003 0.015770000000000003 0.006360000000000001 0.019150000000000004 0.03348000000000001 0.017480000000000002 0.015330000000000002 0.011650000000000002 0.029080000000000005 0.023000000000000003 0.019140000000000004 0.029190000000000004 0.004400000000000001 0.011260000000000001 0.031670000000000004 0.0020600000000000006 0.029790000000000004 0.03572000000000001 0.018700000000000005 0.00033000000000000005 0.016220000000000002 0.014410000000000001 0.015550000000000001 0.024950000000000003 0.035960000000000006 0.025140000000000003 0.03391000000000001 0.019010000000000003 0.012980000000000002 0.025280000000000004 0.021240000000000002 0.005410000000000001 0.015070000000000002 0.009060000000000002 0.010930000000000002 0.006790000000000001 0.013670000000000002 0.026960000000000005 0.004960000000000001 0.012230000000000001 0.023130000000000005 0.028340000000000004 0.017500000000000005 0.03168000000000001 0.005350000000000001 
0.027580827424822735 0.012200366010980325 0.0013600408012240364 0.011980359410782319 0.008220246607398219 0.028680860425812766 0.003960118803564105 0.03186095582867485 0.01620048601458043 0.01390041701251037 0.031910957328719854 0.017290518715561462 0.02002060061801853 0.0187305619168575 0.022140664219926588 0.02487074612238366 0.02654079622388671 0.00300009000270008 0.010420312609378278 0.03266097982939487 0.00678020340610218 0.008640259207776231 0.02184065521965658 0.02455073652209565 0.01572047161414842 0.003930117903537105 0.02030060901827054 0.030510915327459812 0.008230246907407219 0.024720741622248656 0.032600978029340866 0.020000600018000532 0.010730321909657286 0.01652049561486844 0.019560586817604524 0.01685050551516545 0.02592077762332869 0.004770143104293127 0.0012900387011610343 0.018920567617028504 0.026470794123823707 0.031030930927927827 0.009070272108163241 0.027220816624498725 0.00859025770773123 0.0011400342010260303 0.03241097232916987 0.01690050701521045 0.025460763822914678 0.009210276308289245 0.01839055171655149 0.0013300399011970355 0.005470164104923146 0.032590977729331866 0.019370581117433516 0.025490764722941678 0.01393041791253737 
0.026109999999999994 0.03183999999999999 0.017029999999999997 0.0010499999999999997 0.016069999999999997 0.0066799999999999984 0.009899999999999999 0.014429999999999997 0.03194999999999999 0.026579999999999993 0.031529999999999996 0.025419999999999995 0.02787999999999999 0.013819999999999997 0.025559999999999992 0.026499999999999992 0.018529999999999998 0.017619999999999997 0.024299999999999992 0.030749999999999993 0.020179999999999997 0.008849999999999998 0.021979999999999996 0.003729999999999999 0.029829999999999992 0.024719999999999992 0.009939999999999997 0.025999999999999992 8.999999999999999e-05 0.022389999999999997 0.012139999999999996 0.013539999999999996 0.007939999999999997 0.011749999999999997 0.005549999999999999 0.011719999999999996 0.010919999999999997 0.02787999999999999 0.017619999999999997 0.03133999999999999 0.011229999999999999 0.023359999999999995 0.006659999999999998 0.011179999999999999 0.010409999999999999 0.013989999999999997 0.0007999999999999998 0.02506999999999999 0.020859999999999997 0.027699999999999992 0.027679999999999993 0.007139999999999998 0.015569999999999997 0.028969999999999992 0.009999999999999998 0.008289999999999999 0.009429999999999997 
0.00835008350083501 0.027370273702737032 0.020220202202022024 0.031120311203112035 0.014640146401464018 0.004340043400434005 0.029020290202902036 0.00848008480084801 0.012870128701287014 0.03641036410364104 0.012480124801248015 0.012020120201202014 0.0005600056000560006 0.015210152101521017 0.01842018420184202 0.020680206802068026 0.01813018130181302 0.029770297702977035 0.019800198001980025 0.03231032310323104 0.0037900379003790044 0.017680176801768022 0.010790107901079012 0.0001600016000160002 0.019810198101981025 0.010730107301073013 0.006990069900699008 0.03718037180371804 0.03639036390363904 0.029760297602976035 0.004610046100461005 0.006560065600656008 0.03296032960329604 0.02665026650266503 0.022120221202212027 0.018450184501845022 0.022550225502255026 0.012950129501295015 0.011790117901179014 0.006870068700687008 0.01783017830178302 0.015880158801588017 0.03421034210342104 0.010470104701047013 0.019260192601926022 0.010440104401044013 0.014580145801458017 0.010050100501005011 0.021050210502105024 0.0012400124001240014 0.021850218502185027 0.026370263702637033 0.03713037130371305 0.021350213502135024 0.006540065400654008 0.00998009980099801 0.010770107701077013 
0.014270285405708117 0.012560251205024103 0.023340466809336192 0.00241004820096402 0.003970079401588032 0.008060161203224066 0.016610332206644138 0.023320466409328194 0.009490189803796078 0.014230284605692117 0.003440068801376028 0.013930278605572114 0.001570031400628013 0.006940138802776057 0.018630372607452154 0.014060281205624116 0.019180383607672158 0.009400188003760078 0.01961039220784416 0.027500550011000227 0.019040380807616157 0.006910138202764057 0.02217044340886818 0.023310466209324192 0.027700554011080226 0.037560751215024314 0.0003900078001560032 0.010770215404308088 0.010590211804236088 0.041180823616472344 0.020240404808096166 0.03818076361527231 0.003930078601572033 0.038410768215364315 0.03896077921558432 0.00611012220244405 0.029930598611972246 0.04002080041600833 0.007490149802996062 0.02913058261165224 0.0068601372027440564 0.027330546610932226 0.0027000540010800223 0.012290245804916103 0.023200464009280188 0.0035700714014280295 0.024970499409988203 0.03243064861297227 0.02917058341166824 0.01108022160443209 0.01939038780775616 0.011880237604752097 0.0001700034000680014 0.030960619212384258 0.006930138602772058 0.014330286605732118 0.028180563611272233 
0.02845914622561323 0.02527924162275132 0.0029799106026819197 0.02560923172304831 0.021139365819025428 0.02481925542233733 0.004669859904202873 0.020249392518224454 0.02624921252362429 0.0009499715008549743 0.00885973420797376 0.003889883303500895 0.012459626211213664 0.014529564113076607 0.014279571612851615 0.02709918702438927 0.027179184624461266 0.02257932262032139 0.026129216123516295 0.010629681109566714 0.017209483715488534 0.024679259622211337 0.021639350819475416 0.0184694459166225 0.0005299841004769857 0.02440926772196834 0.012729618111456656 0.0014299571012869614 0.012789616311510654 0.028069157925262243 0.011359659210223694 0.028749137525874227 0.003299901002969911 0.018339449816505503 0.02149935501934942 0.025719228423147306 0.02561923142305731 0.009929702108936731 0.020919372418827437 0.012039638810835676 0.026339209823705287 0.02371928842134736 0.027699169024929252 0.030099097027089187 0.025779226623201305 0.0072197834064978055 0.026109216723498297 0.006759797206083818 0.00520984370468886 0.026959191224263275 0.0038298851034468968 0.02749917502474926 0.02852914412567623 0.0014699559013229603 0.010619681409557713 0.004529864104076878 0.030159095227143187 
0.026230786923607707 0.021390641719251577 0.029440883226496795 0.020670620118603558 0.01881056431692951 0.0332709981299439 0.0110503315099453 0.00018000540016200486 0.024160724821744653 0.012890386711601347 0.0222406672200166 0.021330639919197574 0.013840415212456374 0.03180095402862086 0.004390131703951118 0.028690860725821773 0.009980299408982268 0.011020330609918298 0.016940508215246456 0.02409072272168165 0.02806084182525476 0.028690860725821773 0.003370101103033091 0.024630738922167664 0.029460883826514794 0.012020360610818324 0.011920357610728322 0.005780173405202156 0.027220816624498736 0.006130183905517166 0.017870536116083482 0.014620438613158393 6.000180005400162e-05 0.03382101463043891 0.017580527415822472 0.008640259207776233 0.004890146704401132 0.011720351610548315 0.029380881426442792 0.004550136504095123 0.0030600918027540824 0.0037901137034111023 0.008630258907767233 0.007090212706381191 0.02447073412202366 0.007790233707011211 0.014680440413212396 0.015340460213806414 0.020540616218486553 0.016860505815174454 0.03005090152704581 0.027860835825074752 0.02112063361900857 0.01448043441303239 0.019420582617478522 0.029000870026100783 0.03297098912967389 
0.00965971020869374 0.023519294421167364 0.017369478915632532 0.03142905712828615 0.0259592212233633 0.03475895723128306 0.03587892363229103 0.03142905712828615 0.03451896443106707 0.012729618111456656 0.01069967900962971 0.0032199034028979135 0.042028739137825864 0.03975880723578292 0.004359869203923883 0.0011799646010619681 0.02851914442566723 0.009179724608261754 0.03657890263292102 0.007799766007019789 0.03926882193534194 0.006259812205633831 0.012129636110916673 0.036978890633281004 0.006239812805615832 0.022419327420177396 0.028759137225883226 0.0025499235022949313 0.010329690109296722 0.004859854204373869 0.018319450416487505 0.009169724908252751 0.007629771106866794 0.03204903852884414 0.020579382618521446 0.011309660710178696 0.015689529314120577 0.016959491215263543 0.02072937811865644 0.013939581812545624 0.01223963281101567 0.009469715908522743 0.037258882233533 0.00592982210533684 0.037668869933901984 0.001699949001529954 0.0036898893033209005 0.00014999550013499593 0.009109726708198755 0.01772946811595652 0.026129216123516295 0.009799706008819735 0.005119846404607862 0.02073937781866544 0.005989820305390838 0.002669919902402928 0.01785946421607352 
0.012480499219968801 0.021120844833793354 0.015540621624864998 0.03468138725549023 0.007560302412096485 9.000360014400578e-05 0.0006500260010400417 0.01511060442417697 0.010810432417296694 0.03536141445657827 0.014200568022720912 0.00562022480899236 0.012110484419376776 0.03671146845873836 0.002720108804352175 0.0032101284051362063 0.02102084083363335 0.03805152206088244 0.010790431617264692 0.03344133765350614 0.002720108804352175 0.028311132445297815 0.01417056682267291 0.008940357614304574 0.02995119804792192 0.027061082443297736 0.0016000640025601027 0.012400496019840794 0.0013700548021920878 0.024510980439217574 0.02214088563542542 0.0038401536061442466 0.015530621224848997 0.0029401176047041885 0.00390015600624025 0.004030161206448259 0.021560862434497383 0.02699107964318573 0.008890355614224571 0.034291371654866204 0.0054002160086403465 0.0030801232049281974 0.03326133045321813 0.012070482819312776 0.036061442457698316 0.004460178407136287 0.028771150846033846 0.024550982039281573 0.0342513700548022 0.031641265650626034 0.004880195207808313 0.024420976839073568 0.014530581223248932 0.015850634025361018 0.037171486859474384 0.030041201648065927 0.03312132485299412 
0.01956 0.0196 0.01094 0.00044 0.01058 0.0337 0.01616 0.00204 0.00218 0.01709 0.01896 0.02675 0.01901 0.00542 0.01941 0.02174 0.02501 0.02785 0.02259 0.01567 0.00338 0.02398 0.02428 0.00833 0.0323 0.02953 0.00812 0.02763 0.0253 0.00597 0.01112 0.01606 0.00266 0.02529 0.02343 0.00653 0.03231 0.02627 0.02294 0.00948 0.00396 0.0125 0.01347 0.02747 0.01604 0.02795 0.00743 0.00663 0.02429 0.02884 0.03335 0.02068 0.01089 0.01028 0.01328 0.02526 0.01807 
0.01606983930160699 0.0052999470005299955 0.029449705502944977 0.007919920800791994 0.011519884801151991 0.008409915900840994 0.028519714802851977 0.029829701702982974 0.031149688503114975 0.021909780902190982 0.024829751702482982 0.015459845401545987 0.015309846901530987 0.008249917500824993 0.013829861701382989 0.006969930300696993 0.014569854301456988 0.0008699913000869993 0.015429845701542986 0.014249857501424988 0.028779712202877977 0.021289787102128983 0.016669833301666985 0.017609823901760985 0.007399926000739994 0.029869701302986974 0.021759782402175982 0.018009819901800988 0.028369716302836974 0.006369936300636994 0.025199748002519978 0.01163988360116399 0.028119718802811975 0.01131988680113199 0.007539924600753993 0.026929730702692976 0.019519804801951982 0.029859701402985977 0.024039759602403978 0.003129968700312997 0.0018299817001829984 0.02232977670223298 0.028329716702832977 0.005499945000549995 0.020999790002099984 0.01150988490115099 0.027399726002739978 0.013509864901350989 0.03175968240317597 0.006219937800621995 0.02399976000239998 0.029359706402935976 0.0017399826001739986 0.01336986630133699 0.02330976690233098 0.024599754002459978 0.01095989040109599 
0.019099618007639842 0.014029719405611887 0.0050698986020279585 0.0365292694146117 0.033069338613227736 0.036619267614647705 0.009739805203895922 0.014869702605947879 0.03260934781304373 0.02113957720845583 0.00971980560388792 0.020379592408151834 0.00123997520049599 0.00994980100397992 0.02692946141077178 0.011809763804723903 0.028909421811563765 0.013139737205255894 0.018859622807543844 0.025049499010019797 0.028989420211595764 0.005879882402351952 0.00620987580248395 0.009169816603667925 0.02086958260834783 0.0014399712005759883 0.022979540409191812 0.021299574008519825 0.01696966060678786 0.004639907201855962 0.006489870202595947 0.015679686406271872 0.02594948101037979 0.017099658006839862 0.02101957960840783 0.00017999640007199854 0.019299614007719845 0.029069418611627762 0.009149817003659926 0.027269454610907778 0.001099978000439991 0.01816963660726785 0.03390932181356373 0.014109717805643884 0.035469290614187715 0.0052898942021159575 0.005639887202255954 0.03229935401291974 0.010319793604127915 0.012009759804803902 0.029259414811703764 0.002969940601187976 0.018189636207275855 0.022079558408831818 0.01106977860442791 0.0365192696146077 0.013179736405271893 
0.004539954600453995 0.01003989960100399 0.022159778402215974 0.02566974330256697 0.003939960600393996 0.007009929900700992 0.02839971600283997 0.033569664303356964 0.00992990070099299 0.025959740402595972 0.015409845901540984 0.026589734102658972 0.01059989400105999 0.005249947500524994 0.03459965400345996 0.001829981700182998 0.030919690803091968 0.00983990160098399 0.011809881901180987 0.028219717802821967 0.002869971300286997 0.014119858801411986 0.032089679103208965 0.02993970060299397 0.02726972730272697 0.00868991310086899 0.02985970140298597 0.025179748202517973 0.013209867901320985 0.014509854901450984 0.031199688003119966 0.01851981480185198 0.005819941800581993 0.007679923200767992 0.012289877101228988 0.0034799652003479962 0.024099759002409973 0.007509924900750992 0.01793982060179398 0.03620963790362096 0.03310966890331096 0.011659883401165987 0.02920970790292097 0.030699693003069968 0.02018979810201898 0.031169688303116967 0.007139928600713992 0.036119638803611964 0.015329846701532984 0.00033999660003399966 0.003849961500384996 0.012959870401295986 0.010999890001099988 0.012999870001299986 0.0019999800001999977 0.02672973270267297 0.006719932800671993 
0.022919312420627377 0.0007599772006839794 0.0014799556013319597 0.02088937331880043 0.030309090727278176 0.02787916362509124 0.019949401517954456 0.016709498715038545 0.004179874603761886 0.012099637010889671 0.024569262922112332 0.024999250022499322 0.024859254222373325 0.028529144125676222 0.007439776806695798 0.020139395818125454 0.0014899553013409594 0.030389088327350173 0.013569592912212632 0.01320960371188864 0.026669199924002275 0.01943941681749547 0.017439476815695527 0.024879253622391323 0.008929732108036758 0.024109276721698342 0.03042908712738617 0.018719438416847492 0.02535923922282331 0.012149635510934668 0.016709498715038545 0.0025199244022679314 0.0146595602131936 0.02177934661960141 0.01213963581092567 0.01064968050958471 0.0221893343199704 0.004739857804265871 0.01646950591482255 0.019339419817405473 0.016349509514714554 0.0219993400197994 0.030789076327710163 0.015999520014399565 0.01579952601421957 0.027649170524884248 0.004969850904472864 0.017389478315650526 0.02310930672079837 0.023409297721068364 0.009669709908702737 0.010749677509674706 0.016099517014489563 0.014919552413427593 0.02390928272151835 0.00405987820365389 0.027439176824695252 
0.007479775606731796 0.016409507714768554 0.012209633710988668 0.018549443516694495 0.03336899893003209 0.0027699169024929244 0.0009599712008639739 0.019649410517684467 0.021249362519124425 0.03497895063148104 0.036758897233083 0.0008699739007829763 0.03391898243052708 0.023409297721068364 0.027249182524524258 0.0034298971030869065 0.0057798266052018436 0.029399118026459198 0.03560893173204804 0.011969640910772674 0.02020939371818845 0.018899433017009488 0.013469595912122634 0.005259842204733857 0.022589322320330386 0.02542923712288631 0.007719768406947791 0.026639200823975275 0.0017899463016109512 0.01513954581362559 0.018409447716568498 0.012969610911672648 0.005829825105246842 0.005949821505354839 0.03546893593192204 0.022999310020699375 0.004659860204193874 0.02364929052128436 0.024539263822085332 0.0009799706008819732 0.028129156125316235 0.03678889633311 0.01725948221553353 0.003339899803005909 0.02177934661960141 0.028429147125586227 0.025249242522724313 0.00039998800035998916 0.025149245522634315 0.005829825105246842 0.00330990070297891 0.028519144425667223 0.031139065828025152 0.0007599772006839794 0.002539923802285931 0.031049068527944156 0.02170934871953841 
0.03122124884995401 0.01598063922556903 0.01785071402856115 0.022790911636465468 0.009740389615584627 0.02814112564502581 0.017530701228049127 0.013740549621984885 0.016110644425777036 0.004130165206608266 0.0032701308052322103 0.022700908036321462 0.0008100324012960521 0.015330613224528987 0.027271090843633754 0.020290811632465305 0.028871154846193858 0.0171306852274091 0.004720188807552304 0.036571462858514356 0.026171046841873685 0.002810112404496181 0.030971238849553995 0.01658066322652907 0.015190607624304978 0.01226049041961679 0.006700268010720431 0.032801312052482115 0.03355134205368216 0.012270490819632789 0.03852154086163448 0.02657106284251371 0.014550582023280937 0.006190247609904399 0.018560742429697196 0.009770390815632628 0.021040841633665354 0.010040401616064646 0.004320172806912278 0.010520420816832677 0.034891395655826246 0.014500580023200935 0.037781511260450436 0.031141245649826007 0.007630305212208491 0.019350774030961245 0.002470098803952159 0.028951158046321864 0.00991039641585664 0.03447137885515422 0.0057702308092323715 0.01791071642865715 0.028011120444817805 0.010030401216048647 0.003280131205248211 0.009200368014720592 0.001100044001760071 
0.004780047800478005 0.022030220302203023 0.0062500625006250065 0.01829018290182902 0.013340133401334012 0.01094010940109401 0.013230132301323014 0.015680156801568014 0.00013000130001300012 0.01143011430114301 0.0028000280002800026 0.03156031560315603 0.026190261902619028 0.013790137901379014 0.01821018210182102 0.03089030890308903 0.025970259702597025 0.02653026530265303 0.025200252002520025 0.009580095800958009 0.006670066700667006 0.02037020370203702 0.008740087400874008 0.03422034220342203 0.023060230602306022 0.010720107201072011 0.016050160501605015 0.034310343103431035 0.03117031170311703 0.03318033180331803 0.023870238702387022 0.007850078500785007 0.03529035290352903 0.0038700387003870037 0.004040040400404004 0.017510175101751017 0.017010170101701017 0.02357023570235702 0.022440224402244024 0.01984019840198402 0.01039010390103901 0.025040250402504023 0.018080180801808017 0.01901019010190102 0.035120351203512035 0.004650046500465004 0.03529035290352903 0.0023900239002390025 0.01855018550185502 0.02883028830288303 0.011540115401154011 0.010330103301033011 0.027030270302703024 0.002230022300223002 0.00888008880088801 0.002860028600286003 0.019170191701917017 
0.004360043600436005 0.013130131301313012 0.03109031090310903 0.01871018710187102 0.03268032680326804 0.006460064600646007 0.007460074600746007 0.025630256302563027 0.014530145301453015 0.033520335203352035 0.018410184101841018 0.005640056400564006 0.02770027700277003 0.01866018660186602 0.033810338103381035 0.023920239202392026 0.00830008300083001 0.016370163701637016 0.025350253502535027 0.0003600036000360004 0.03351033510335103 0.031190311903119033 0.026220262202622028 0.03297032970329703 0.02791027910279103 0.029220292202922032 0.017930179301793022 0.015220152201522015 0.012700127001270012 0.010350103501035011 0.021030210302103024 0.022970229702297024 0.01844018440184402 0.0005700057000570006 0.026600266002660026 0.00803008030080301 0.012350123501235013 0.017750177501775016 0.02723027230272303 0.030600306003060032 0.01785017850178502 0.0010200102001020012 0.011500115001150012 0.023010230102301025 0.0035000350003500037 0.02971029710297103 0.006500065000650006 0.022680226802268024 0.01092010920109201 0.003370033700337004 0.012780127801278013 0.005400054000540006 0.0071400714007140076 0.011070110701107012 0.012340123401234013 0.007660076600766008 0.02466024660246603 
0.0010599999999999997 0.007199999999999998 0.020159999999999997 0.0007899999999999998 0.017379999999999996 0.004659999999999999 0.010629999999999999 0.019719999999999998 0.028809999999999992 0.028629999999999992 0.017639999999999996 3.9999999999999996e-05 0.020649999999999998 0.027349999999999992 0.02651999999999999 0.015539999999999997 0.020789999999999996 0.023999999999999994 0.029619999999999994 0.031079999999999993 0.009209999999999998 0.003989999999999999 0.026789999999999994 0.027279999999999992 0.02625999999999999 0.013889999999999996 0.0012199999999999997 0.020009999999999997 0.022969999999999997 0.029549999999999993 0.024529999999999993 0.004819999999999999 0.005879999999999998 0.025249999999999995 0.0023699999999999997 0.022379999999999997 0.018459999999999997 0.029919999999999992 0.022229999999999996 0.012669999999999997 0.029659999999999992 0.009059999999999999 0.017019999999999997 0.013009999999999997 0.017409999999999995 0.018969999999999997 0.028529999999999993 0.009919999999999998 0.011869999999999997 0.028569999999999995 0.02796999999999999 0.007619999999999998 0.012309999999999996 0.014199999999999997 0.018419999999999995 0.008869999999999998 0.024639999999999992 
0.021089367318980434 0.020529384118476445 0.013589592312230633 0.029719108426747198 0.02491925242242733 0.011719648410547684 0.026219213423597294 0.01894943151705449 0.0025799226023219303 0.026409207723768285 0.02889913302600922 0.02674919752407428 0.01631951041468756 0.024869253922382328 0.015039548813535595 0.007509774706758798 0.02375928722138336 0.025299241022769318 0.00044998650040498783 0.02933911982640521 0.004709858704238873 0.023139305820825375 0.018209453716388508 0.012889613311600653 0.010309690709278722 0.013849584512464626 0.032329030129096124 0.012749617511474656 0.029469115926522203 0.02699919002429927 0.01262962111136666 0.016889493315200545 0.0185494435166945 0.00030999070027899165 0.008789736307910762 0.007159785206443807 0.009509714708558744 0.03259902202933912 0.014599562013139606 0.015219543413697589 0.008439746807595771 0.009039728808135755 0.03007909762707119 0.01883943481695549 0.031089067327980162 0.019069427917162485 0.006429807105786826 0.025329240122796314 0.03025909222723318 0.00018999430017099488 0.0035498935031949043 0.020619381418557445 0.007099787006389809 0.01632951011469656 0.017479475615731526 0.030589082327530173 0.01069967900962971 
0.029221753305198307 0.030431825909554566 0.023191391483489004 0.016340980458827526 0.011160669640178408 8.000480028801728e-05 0.023701422085325115 0.0049102946176770605 0.011530691841510489 0.023471408284497067 0.013000780046802805 0.014690881452887172 0.016981018861131663 0.028501710102606152 0.0015400924055443323 0.01835110106606396 0.0001400084005040302 0.010050603036182168 0.0166810008600516 0.012880772846370781 0.013650819049142946 0.0019201152069124145 0.020161209672580352 0.03063183791027461 0.005950357021421285 0.01094065643938636 0.005380322819369162 0.023711422685361118 0.022411344680680838 0.024291457487449243 0.02855171310278616 0.004740284417065023 0.011850711042662557 0.030561833710022596 0.023911434686081163 0.026561593695621732 0.019641178470708242 0.028751725103506206 0.00903054183250995 0.004460267616056963 0.031111866712002712 0.020251215072904373 0.018461107666459985 0.016460987659259553 0.023191391483489004 0.018141088465307917 0.013960837650259014 0.027951677100626033 0.006890413424805487 0.010320619237154226 0.02562153729223753 0.027901674100446024 0.031361881712902766 0.0023501410084605075 0.031061863711822704 0.018251095065703937 0.02274136448186891 
0.020839999999999997 0.025289999999999993 0.03368999999999999 0.0017899999999999995 0.012629999999999997 0.009439999999999999 0.023699999999999992 0.027379999999999995 0.010309999999999998 0.024779999999999993 0.031349999999999996 0.0028599999999999997 0.0027999999999999995 0.015309999999999997 0.035089999999999996 0.005169999999999999 0.013369999999999996 0.031049999999999994 0.020989999999999998 0.030889999999999994 0.017809999999999996 0.005939999999999998 0.013749999999999997 0.033819999999999996 0.019609999999999995 0.0041199999999999995 0.019369999999999995 0.008919999999999999 0.030199999999999994 0.011359999999999999 0.015879999999999995 0.024659999999999994 0.011449999999999998 0.004349999999999999 0.017869999999999997 0.032029999999999996 0.024259999999999993 0.0009199999999999998 0.0028199999999999996 0.011889999999999996 0.002939999999999999 0.0004099999999999999 0.015209999999999996 0.007469999999999998 0.017869999999999997 0.0022399999999999994 0.03532999999999999 0.02583999999999999 0.021259999999999998 0.025879999999999993 0.032729999999999995 0.003429999999999999 0.035399999999999994 0.02762999999999999 0.020429999999999997 0.023919999999999993 0.012249999999999997 
0.0005999820005399838 0.0003999880003599893 0.013509594712158637 0.00894973150805476 0.009429717108486746 0.004749857504274872 0.026999190024299277 0.036198914032579035 0.004589862304130878 0.014439566812995613 0.0223693289201324 0.03581892543223704 0.016599502014939555 0.0027699169024929257 0.004199874003779887 0.01337959861204164 0.010229693109206725 0.033478995630131105 0.001719948401547954 0.009489715308540746 0.026679199624011284 0.01835944921652351 0.0011899643010709682 0.021199364019079434 0.032229033129006136 0.02940911772646821 0.003849884503464897 0.016549503514894558 0.01638950831475056 0.021509354719358425 0.016969490915272546 0.024469265922022344 0.030959071227863174 0.014739557813265605 0.034728958131256066 0.026059218223453303 0.015499535013949585 0.005189844304670861 0.024729258122256337 0.008909732708018762 0.009649710508684742 0.02586922392328231 0.036528904132876024 0.005469835904922854 0.03074907752767418 0.008199754007379781 0.001309960701178965 0.03622891313260603 0.02815915522534325 0.0019299421017369485 0.03186904392868215 0.018049458516244517 0.03634890953271403 0.0005299841004769858 0.008659740207793767 0.029819105426837203 0.03108906732798017 
0.03353865845366185 0.0234790608375665 0.02404903803847846 0.008679652813887445 0.018019279228830846 0.030058797648094077 0.024169033238670454 0.017099316027358907 0.006269749210031599 0.01933922643094276 0.03617855285788568 0.001059957601695932 0.022829086836526537 0.03247870085196592 0.005079796808127675 0.0013799448022079116 0.01605935762569497 0.02595896164153434 0.027678892844286228 0.012859485620575177 0.03519859205631775 0.03443862245510179 0.029438822447102116 0.0036998520059197634 0.0049598016079356825 0.02202911883524659 0.032328706851725925 0.015349386024559018 0.002979880804767809 0.023829046838126474 0.0011199552017919282 0.0023499060037598498 0.009259629614815405 0.0006899724011039558 0.0010799568017279308 0.024869005239790406 0.0034698612055517777 0.009039638414463421 0.021819127234910602 0.023979040838366467 0.025238990440382383 0.0233690652373905 0.020529178832846686 0.010419583216671333 0.0007099716011359546 0.00703971841126355 0.018499260029598813 0.029458821647134113 0.03073877044918203 0.004319827206911723 0.014239430422783087 0.01953921843126275 0.034398624055037796 0.006069757209711611 0.02078916843326267 0.021679132834686612 0.024769009239630414 
0.0037300373003730037 0.0034000340003400033 0.005590055900559007 0.02807028070280703 0.03715037150371504 0.013650136501365016 0.006240062400624006 0.01884018840188402 0.02721027210272103 0.026240262402624028 0.03244032440324403 0.004210042100421005 0.017810178101781017 0.00807008070080701 0.0028900289002890033 0.0042000420004200045 0.031480314803148036 0.022050220502205023 0.005530055300553006 0.01744017440174402 0.02844028440284403 0.029610296102961033 0.029530295302953032 0.03448034480344803 0.024820248202482024 0.014740147401474016 0.03296032960329604 0.018720187201872022 0.01750017500175002 0.021980219802198022 0.008770087700877009 0.01811018110181102 0.03110031100311003 0.011260112601126011 0.00824008240082401 0.010810108101081012 0.0012400124001240014 0.003470034700347004 0.025690256902569028 0.014380143801438016 0.0064500645006450065 0.011810118101181011 0.01928019280192802 0.03493034930349304 0.0023600236002360026 0.0072000720007200075 0.016460164601646017 0.004030040300403004 0.020100201002010022 0.006510065100651007 0.03401034010340104 0.023900239002390026 0.01023010230102301 0.02781027810278103 0.015510155101551015 0.020430204302043023 0.03688036880368804 
0.030030900927027815 0.005800174005220157 0.00482014460433813 0.0025600768023040696 0.013840415212456375 0.02359070772123164 0.027080812424372734 0.0006400192005760174 0.0147704431132934 0.028250847525425764 0.02919087572627179 0.012080362410872328 0.019110573317199515 0.007610228306849206 0.008600258007740233 0.006170185105553168 0.026460793823814718 0.03519105573167195 0.006190185705571167 0.03822114663439903 0.007830234907047212 0.02259067772033161 0.02735082052461574 0.021950658519755594 0.01806054181625449 0.03813114393431803 0.03514105423162695 0.013510405312159366 0.015760472814184426 0.03055091652749583 0.03395101853055592 0.0044701341040231215 0.022290668720061604 0.01915057451723552 0.023110693320799625 0.00928027840835225 0.013230396911907359 0.03952118563556907 0.024090722721681654 0.032000960028800866 0.034061021830654924 3.0000900027000814e-05 0.014600438013140395 0.0002100063001890057 0.011760352810584318 0.018380551416542497 0.003920117603528106 0.006220186605598168 0.003460103803114094 0.00886026580797424 0.0058101743052291575 0.009680290408712261 0.01878056341690251 0.020130603918117544 0.01662049861495845 0.03498104943148295 0.0003100093002790084 
0.02087020870208702 0.013930139301393014 0.012650126501265013 0.02855028550285503 0.0007200072000720008 0.01714017140171402 0.019910199101991023 0.005520055200552006 0.02723027230272303 0.014100141001410015 0.006600066000660007 0.005470054700547006 0.004820048200482005 0.02124021240212402 0.025330253302533027 0.013180131801318015 0.02878028780287803 0.02881028810288103 0.01019010190101901 0.01641016410164102 0.007210072100721008 0.003070030700307003 0.016790167901679018 0.024600246002460028 0.024960249602496026 0.027580275802758028 0.0007400074000740008 0.014410144101441015 0.024970249702497026 0.024530245302453027 0.023840238402384025 0.012680126801268014 0.031800318003180034 0.029890298902989033 0.01901019010190102 0.02898028980289803 0.010320103201032011 0.02164021640216402 0.02685026850268503 0.013480134801348015 0.006720067200672007 0.007650076500765008 0.03095030950309503 0.01907019070190702 0.03264032640326404 0.01030010300103001 0.03172031720317203 0.025090250902509027 0.022620226202262027 0.02774027740277403 0.02027020270202702 0.02104021040210402 0.00983009830098301 0.0023700237002370027 0.0031000310003100034 0.006780067800678006 0.013300133001330013 
0.027849443011139768 0.02867942641147176 0.01675966480670386 0.011149777004459908 0.014159716805663882 0.01771964560708785 0.03251934961300773 0.027309453810923773 0.00034999300013999706 0.027679446411071767 0.0004299914001719964 0.022089558208835815 0.03289934201315972 0.0037899242015159685 0.033109337813243725 0.01691966160676786 0.01922961540769184 0.02147957040859182 0.0240295194096118 0.03392932141357172 0.003849923001539968 0.01307973840523189 0.013729725405491885 0.0037899242015159685 0.020939581208375826 0.02760944781104377 0.02514949701005979 0.023179536409271805 0.00720985580288394 0.021459570808583822 0.0070998580028399415 0.03176936461270773 0.01318973620527589 0.0022899542009159808 0.01929961400771984 0.010209795804083915 0.006509869802603946 0.011529769404611903 0.03338933221335572 0.027049459010819774 0.0009199816003679924 0.004459910801783963 0.005739885202295953 0.025729485410291783 0.019339613207735838 0.025749485010299784 0.016099678006439865 0.017479650406991853 0.029479410411791755 0.02737945241095177 0.0001699966000679986 0.017359652806943855 0.006639867202655945 0.013099738005239892 0.012609747805043894 0.024409511809763796 0.01891962160756784 
0.02031979680203198 0.016139838601613984 0.00848991510084899 0.004609953900460996 0.0062699373006269935 0.01837981620183798 0.013229867701322987 0.001919980800191998 0.02853971460285397 0.03135968640313597 0.023689763102368974 0.02873971260287397 0.023199768002319973 0.0027699723002769967 0.013009869901300987 0.029389706102938968 0.025819741802581973 0.021039789602103978 0.00970990290097099 0.01788982110178898 0.012639873601263986 0.023649763502364977 0.01755982440175598 0.01729982700172998 0.0034899651003489963 0.010659893401065988 0.0011499885001149987 0.02649973500264997 0.024419755802441975 0.011949880501194988 0.012389876101238987 0.0008099919000809991 0.004769952300476995 0.025019749802501975 0.029979700202997967 0.010749892501074988 0.03209967900320996 0.01930980690193098 0.02929970700292997 0.030839691603083967 0.01859981400185998 0.033139668603313965 0.007359926400735992 0.02828971710282897 0.01688983110168898 0.0031699683003169965 0.021529784702152978 0.023619763802361974 0.02951970480295197 0.013329866701332986 0.012969870301296987 0.02988970110298897 0.021939780602193978 0.024499755002449976 0.019249807501924978 0.004479955200447995 0.0024199758002419972 
3.999920001599969e-05 0.01623967520649587 0.02019959600807984 0.003669926601467971 0.019549609007819848 0.0127197456050879 0.030759384812303756 0.020689586208275837 0.014119717605647888 0.007139857202855943 0.026839463210735787 0.030029399412011763 0.029009419811603772 0.006539869202615948 0.027159456810863784 0.02742945141097178 0.01793964120717586 0.009579808403831925 0.028599428011439776 0.010319793604127919 0.012459750804983903 0.027139457210855786 0.03183936321273575 0.02681946361072779 0.005849883002339954 0.027099458010839784 0.025689486210275798 0.01526969460610788 0.0034099318013639727 0.022999540009199817 0.010829783404331914 0.02138957220855583 0.02133957320853583 0.024709505809883806 0.02630947381052379 0.01587968240635187 0.003239935201295974 0.01620967580648387 0.02145957080858383 0.010339793204135918 0.02132957340853183 0.005719885602287955 0.0035899282014359717 0.010309793804123918 0.020939581208375836 0.014719705605887885 0.015499690006199877 0.010739785204295915 0.01649967000659987 0.03022939541209176 0.03203935921281575 0.000499990000199996 0.008089838203235935 0.031039379212415757 0.026079478410431792 0.0037899242015159698 0.02002959940801184 
0.03057091712751382 0.020810624318729556 0.02887086612598377 0.02015060451813554 0.00048001440043201287 0.028300849025470757 0.016460493814814438 0.015080452413572403 0.004520135604068121 0.018060541816254484 0.013430402912087358 0.031230936928107838 0.025450763522905682 0.025100753022590672 0.0022900687020610613 0.0188305649169475 0.007770233106993208 0.012600378011340337 0.032190965728971864 0.0027600828024840736 0.029100873026190778 0.011910357310719318 0.022210666319989594 0.014730441913257394 0.021790653719611582 0.00861025830774923 0.010980329409882294 0.018050541516245484 0.015250457513725408 0.016790503715111448 0.017410522315669464 0.016970509115273452 0.024760742822284663 0.03034091022730681 0.02173065191955758 0.008440253207596225 0.02052061561846855 0.004510135304059121 0.01717051511545346 0.010970329109873294 0.0074802244067322 0.013430402912087358 0.020390611718351544 0.018500555016650495 0.017260517815534462 0.028590857725731767 0.018520555616668495 0.029020870626118776 0.016440493214796438 0.02848085442563276 0.01301039031170935 0.015430462913887413 0.009680290408712258 0.011620348610458311 0.017440523215696467 0.007760232806984208 0.029730891926757794 
0.03162873485060598 0.025008999640014407 0.028668853245870173 0.007359705611775531 0.023449062037518502 0.0073697052117915295 0.005919763209471622 0.029728810847566102 0.0033298668053277874 0.020099196032158716 0.023119075236990527 0.005769769209231632 0.03456861725530979 0.03215871365145395 0.021909123635054602 0.004449822007119716 0.014609415623375067 0.02742890284388625 0.02492900283988641 0.0019099236030558782 0.011319547218111278 0.033178672853085886 0.008379664813407465 0.018409263629454824 0.021969121235150598 0.004489820407183713 0.0009299628014879407 0.02101915923363066 0.017029318827246915 0.02290908363665454 0.0034698612055517786 0.019519219231230754 0.032218711251549945 0.009039638414463423 0.02114915403383865 0.0007799688012479502 0.031038758449662023 0.021029158833646658 0.007089716411343547 0.017539298428062882 0.032648694052237914 0.01577936882524699 0.0141194352225911 0.0005399784008639656 0.007539698412063519 0.03007879684812608 0.01580936762529499 0.014339426422943086 0.01775928962841487 0.020009199632014724 0.011059557617695295 0.011239550417983283 0.027208911643534266 0.002559897604095837 0.027838886444542223 0.027808887644494226 0.02773889044438223 
0.0031000310003100034 0.03239032390323904 0.003110031100311003 0.011830118301183013 0.024980249802498026 0.01744017440174402 0.02992029920299203 0.002130021300213002 0.0032900329003290037 0.010370103701037012 0.001150011500115001 0.03102031020310203 0.012620126201262013 0.006710067100671007 0.03625036250362504 0.022220222202222025 0.02029020290202902 0.03653036530365304 0.015910159101591017 0.023700237002370023 0.012570125701257012 0.014370143701437016 0.017350173501735018 0.015520155201552017 0.007240072400724008 0.00951009510095101 0.027320273202732028 0.025540255402554026 0.03384033840338404 0.0005700057000570006 0.0057700577005770064 0.021150211502115022 0.015470154701547017 0.02687026870268703 0.013450134501345015 0.014740147401474016 0.010500105001050012 0.009660096600966011 0.00958009580095801 0.037200372003720034 0.03237032370323704 0.021020210202102024 0.01857018570185702 0.0013000130001300013 0.012860128601286014 0.017290172901729017 0.0034500345003450035 0.03560035600356004 0.023160231602316023 0.016960169601696017 0.020310203102031025 0.006810068100681008 0.007950079500795008 0.03712037120371204 0.02658026580265803 0.014170141701417015 0.03129031290312903 

emissions
0 1 1 1 1 1 1 1 1 1 1 1 1 1 1 1 1 1 1 1 1 1 1 1 1 1 1 1 1 1 1 1 1 1 1 1 1 1 1 1 1 1 1 1 1 1 1 1 1 1 1 1 1 1 1 1 1 
1 0 0 0 0 0 0 0 0 0 0 0 0 0 0 0 0 0 0 0 0 0 0 0 0 0 0 0 0 0 0 0 0 0 0 0 0 0 0 0 0 0 0 0 0 0 0 0 0 0 0 0 0 0 0 0 0 
