states
0 1 2 3 4 5 6 7 8 9 10 11 12 13 14 15 16 17 18 19 20 21 22 23 24 25 26 27 28 29 30 31 32 33 34 35 36 37 38 39 40 41 42 43 44 45 46 47 48 49 50 51 52 53 54 55 56 
labels
init empty 
initial
0.0 0.0 0.0 0.0 0.0 0.0 0.0 0.0 0.0 0.0 0.0 0.0 0.0 0.0 0.0 0.0 0.0 0.0 0.0 0.0 0.0 0.0 0.0 0.0 0.0 0.0 0.0 0.0 0.0 0.0 0.0 0.0 0.0 0.0 0.0 0.0 0.0 0.0 0.0 0.0 0.0 0.0 0.0 0.0 0.0 0.0 0.0 0.0 0.0 0.0 0.0 0.0 0.0 0.0 0.0 0.0 1.0
transitions
0.01886792452830189 0.022012578616352203 0.028301886792452834 0.022012578616352203 0.00628930817610063 0.022012578616352203 0.015723270440251576 0.028301886792452834 0.00628930817610063 0.028301886792452834 0.01886792452830189 0.00628930817610063 0.003144654088050315 0.028301886792452834 0.028301886792452834 0.028301886792452834 0.009433962264150945 0.022012578616352203 0.028301886792452834 0.00628930817610063 0.028301886792452834 0.01257861635220126 0.01886792452830189 0.01257861635220126 0.022012578616352203 0.02515723270440252 0.03144654088050315 0.003144654088050315 0.028301886792452834 0.00628930817610063 0.028301886792452834 0.00628930817610063 0.022012578616352203 0.022012578616352203 0.009433962264150945 0.028301886792452834 0.015723270440251576 0.01886792452830189 0.01257861635220126 0.015723270440251576 0.003144654088050315 0.028301886792452834 0.003144654088050315 0.015723270440251576 0.01886792452830189 0.015723270440251576 0.028301886792452834 0.01257861635220126 0.028301886792452834 0.015723270440251576 0.028301886792452834 0.003144654088050315 0.00628930817610063 0.009433962264150945 0.01257861635220126 0.02515723270440252 0.0 
0.031620553359683806 0.011857707509881426 0.003952569169960476 0.01976284584980238 0.02766798418972333 0.011857707509881426 0.011857707509881426 0.011857707509881426 0.015810276679841903 0.03952569169960476 0.011857707509881426 0.007905138339920952 0.015810276679841903 0.003952569169960476 0.007905138339920952 0.003952569169960476 0.011857707509881426 0.003952569169960476 0.01976284584980238 0.035573122529644285 0.003952569169960476 0.031620553359683806 0.003952569169960476 0.011857707509881426 0.01976284584980238 0.003952569169960476 0.007905138339920952 0.02766798418972333 0.031620553359683806 0.02766798418972333 0.007905138339920952 0.031620553359683806 0.02766798418972333 0.011857707509881426 0.02371541501976285 0.003952569169960476 0.003952569169960476 0.03952569169960476 0.02371541501976285 0.015810276679841903 0.031620553359683806 0.003952569169960476 0.02766798418972333 0.03952569169960476 0.011857707509881426 0.02766798418972333 0.02371541501976285 0.003952569169960476 0.03952569169960476 0.003952569169960476 0.02371541501976285 0.011857707509881426 0.02371541501976285 0.015810276679841903 0.02766798418972333 0.015810276679841903 0.0 
0.006734006734006735 0.023569023569023573 0.006734006734006735 0.030303030303030307 0.030303030303030307 0.023569023569023573 0.030303030303030307 0.006734006734006735 0.02693602693602694 0.0033670033670033673 0.006734006734006735 0.01346801346801347 0.023569023569023573 0.010101010101010104 0.0033670033670033673 0.02693602693602694 0.016835016835016838 0.010101010101010104 0.030303030303030307 0.030303030303030307 0.006734006734006735 0.010101010101010104 0.016835016835016838 0.030303030303030307 0.006734006734006735 0.023569023569023573 0.016835016835016838 0.033670033670033676 0.01346801346801347 0.020202020202020207 0.006734006734006735 0.033670033670033676 0.010101010101010104 0.006734006734006735 0.02693602693602694 0.006734006734006735 0.030303030303030307 0.033670033670033676 0.02693602693602694 0.01346801346801347 0.016835016835016838 0.010101010101010104 0.01346801346801347 0.01346801346801347 0.006734006734006735 0.010101010101010104 0.023569023569023573 0.01346801346801347 0.006734006734006735 0.010101010101010104 0.016835016835016838 0.033670033670033676 0.023569023569023573 0.020202020202020207 0.02693602693602694 0.020202020202020207 0.0 
0.00628930817610063 0.01257861635220126 0.022012578616352203 0.03144654088050315 0.015723270440251576 0.01886792452830189 0.009433962264150945 0.03144654088050315 0.01886792452830189 0.009433962264150945 0.03144654088050315 0.015723270440251576 0.028301886792452834 0.009433962264150945 0.028301886792452834 0.00628930817610063 0.003144654088050315 0.02515723270440252 0.03144654088050315 0.009433962264150945 0.03144654088050315 0.009433962264150945 0.02515723270440252 0.015723270440251576 0.009433962264150945 0.02515723270440252 0.01257861635220126 0.03144654088050315 0.00628930817610063 0.003144654088050315 0.003144654088050315 0.03144654088050315 0.015723270440251576 0.003144654088050315 0.01257861635220126 0.01257861635220126 0.022012578616352203 0.015723270440251576 0.028301886792452834 0.03144654088050315 0.003144654088050315 0.022012578616352203 0.03144654088050315 0.015723270440251576 0.02515723270440252 0.015723270440251576 0.003144654088050315 0.01257861635220126 0.028301886792452834 0.022012578616352203 0.01886792452830189 0.02515723270440252 0.01257861635220126 0.022012578616352203 0.009433962264150945 0.022012578616352203 0.0 
0.01892744479495268 0.01892744479495268 0.022082018927444796 0.022082018927444796 0.01892744479495268 0.015772870662460567 0.025236593059936908 0.006309148264984227 0.028391167192429023 0.028391167192429023 0.022082018927444796 0.025236593059936908 0.015772870662460567 0.01892744479495268 0.012618296529968454 0.022082018927444796 0.0031545741324921135 0.012618296529968454 0.00946372239747634 0.0031545741324921135 0.022082018927444796 0.025236593059936908 0.028391167192429023 0.031545741324921134 0.012618296529968454 0.00946372239747634 0.006309148264984227 0.006309148264984227 0.031545741324921134 0.022082018927444796 0.015772870662460567 0.028391167192429023 0.01892744479495268 0.012618296529968454 0.012618296529968454 0.025236593059936908 0.012618296529968454 0.006309148264984227 0.006309148264984227 0.0031545741324921135 0.006309148264984227 0.00946372239747634 0.0031545741324921135 0.031545741324921134 0.0031545741324921135 0.028391167192429023 0.022082018927444796 0.022082018927444796 0.01892744479495268 0.022082018927444796 0.028391167192429023 0.031545741324921134 0.031545741324921134 0.025236593059936908 0.012618296529968454 0.015772870662460567 0.0 
0.016611295681063128 0.009966777408637875 0.026578073089701 0.003322259136212625 0.029900332225913626 0.01993355481727575 0.029900332225913626 0.016611295681063128 0.009966777408637875 0.00664451827242525 0.026578073089701 0.016611295681063128 0.003322259136212625 0.026578073089701 0.01993355481727575 0.0132890365448505 0.0132890365448505 0.029900332225913626 0.003322259136212625 0.00664451827242525 0.009966777408637875 0.009966777408637875 0.023255813953488375 0.016611295681063128 0.023255813953488375 0.023255813953488375 0.033222591362126255 0.029900332225913626 0.016611295681063128 0.0132890365448505 0.016611295681063128 0.0132890365448505 0.023255813953488375 0.023255813953488375 0.00664451827242525 0.033222591362126255 0.026578073089701 0.0132890365448505 0.01993355481727575 0.01993355481727575 0.01993355481727575 0.029900332225913626 0.009966777408637875 0.023255813953488375 0.016611295681063128 0.033222591362126255 0.026578073089701 0.009966777408637875 0.009966777408637875 0.009966777408637875 0.023255813953488375 0.016611295681063128 0.016611295681063128 0.016611295681063128 0.00664451827242525 0.00664451827242525 0.0 
0.00628930817610063 0.00628930817610063 0.01886792452830189 0.02515723270440252 0.003144654088050315 0.015723270440251576 0.01886792452830189 0.015723270440251576 0.02515723270440252 0.015723270440251576 0.02515723270440252 0.00628930817610063 0.03144654088050315 0.015723270440251576 0.00628930817610063 0.01886792452830189 0.01257861635220126 0.003144654088050315 0.01257861635220126 0.03144654088050315 0.03144654088050315 0.009433962264150945 0.028301886792452834 0.02515723270440252 0.015723270440251576 0.01257861635220126 0.00628930817610063 0.01886792452830189 0.01257861635220126 0.02515723270440252 0.03144654088050315 0.01257861635220126 0.00628930817610063 0.01886792452830189 0.01257861635220126 0.022012578616352203 0.02515723270440252 0.003144654088050315 0.028301886792452834 0.01886792452830189 0.01886792452830189 0.02515723270440252 0.003144654088050315 0.03144654088050315 0.01886792452830189 0.00628930817610063 0.003144654088050315 0.01257861635220126 0.01886792452830189 0.022012578616352203 0.02515723270440252 0.01257861635220126 0.03144654088050315 0.03144654088050315 0.028301886792452834 0.03144654088050315 0.0 
0.030303030303030307 0.015151515151515154 0.024242424242424246 0.0060606060606060615 0.012121212121212123 0.018181818181818184 0.027272727272727275 0.0030303030303030307 0.024242424242424246 0.027272727272727275 0.0060606060606060615 0.0030303030303030307 0.015151515151515154 0.009090909090909092 0.030303030303030307 0.027272727272727275 0.012121212121212123 0.024242424242424246 0.009090909090909092 0.009090909090909092 0.015151515151515154 0.012121212121212123 0.0060606060606060615 0.0060606060606060615 0.030303030303030307 0.012121212121212123 0.021212121212121217 0.030303030303030307 0.015151515151515154 0.024242424242424246 0.0030303030303030307 0.0060606060606060615 0.009090909090909092 0.024242424242424246 0.021212121212121217 0.009090909090909092 0.009090909090909092 0.012121212121212123 0.015151515151515154 0.030303030303030307 0.027272727272727275 0.030303030303030307 0.018181818181818184 0.012121212121212123 0.021212121212121217 0.024242424242424246 0.027272727272727275 0.015151515151515154 0.024242424242424246 0.021212121212121217 0.021212121212121217 0.027272727272727275 0.015151515151515154 0.024242424242424246 0.030303030303030307 0.015151515151515154 0.0 
0.026578073089700997 0.026578073089700997 0.009966777408637873 0.013289036544850499 0.023255813953488372 0.016611295681063124 0.03322259136212625 0.019933554817275746 0.023255813953488372 0.013289036544850499 0.016611295681063124 0.023255813953488372 0.013289036544850499 0.026578073089700997 0.016611295681063124 0.0033222591362126247 0.029900332225913623 0.009966777408637873 0.023255813953488372 0.013289036544850499 0.03322259136212625 0.026578073089700997 0.03322259136212625 0.013289036544850499 0.03322259136212625 0.0033222591362126247 0.0033222591362126247 0.0033222591362126247 0.019933554817275746 0.023255813953488372 0.009966777408637873 0.013289036544850499 0.03322259136212625 0.016611295681063124 0.009966777408637873 0.013289036544850499 0.009966777408637873 0.029900332225913623 0.03322259136212625 0.006644518272425249 0.019933554817275746 0.006644518272425249 0.023255813953488372 0.006644518272425249 0.023255813953488372 0.006644518272425249 0.016611295681063124 0.006644518272425249 0.009966777408637873 0.03322259136212625 0.009966777408637873 0.026578073089700997 0.006644518272425249 0.026578073089700997 0.023255813953488372 0.0033222591362126247 0.0 
0.0034843205574912883 0.020905923344947733 0.031358885017421595 0.01742160278745644 0.0034843205574912883 0.02439024390243902 0.027874564459930307 0.006968641114982577 0.006968641114982577 0.006968641114982577 0.027874564459930307 0.010452961672473867 0.020905923344947733 0.020905923344947733 0.03484320557491288 0.01742160278745644 0.02439024390243902 0.031358885017421595 0.020905923344947733 0.006968641114982577 0.013937282229965153 0.013937282229965153 0.02439024390243902 0.010452961672473867 0.013937282229965153 0.0034843205574912883 0.0034843205574912883 0.031358885017421595 0.013937282229965153 0.02439024390243902 0.020905923344947733 0.027874564459930307 0.010452961672473867 0.0034843205574912883 0.03484320557491288 0.031358885017421595 0.010452961672473867 0.010452961672473867 0.01742160278745644 0.020905923344947733 0.027874564459930307 0.02439024390243902 0.01742160278745644 0.0034843205574912883 0.027874564459930307 0.010452961672473867 0.0034843205574912883 0.0034843205574912883 0.020905923344947733 0.013937282229965153 0.027874564459930307 0.03484320557491288 0.0034843205574912883 0.027874564459930307 0.01742160278745644 0.027874564459930307 0.0 
0.03010033444816055 0.023411371237458203 0.006688963210702344 0.03344481605351172 0.023411371237458203 0.01672240802675586 0.03010033444816055 0.010033444816053517 0.006688963210702344 0.026755852842809374 0.03344481605351172 0.006688963210702344 0.01672240802675586 0.023411371237458203 0.013377926421404687 0.010033444816053517 0.03010033444816055 0.026755852842809374 0.006688963210702344 0.003344481605351172 0.01672240802675586 0.013377926421404687 0.026755852842809374 0.03344481605351172 0.01672240802675586 0.023411371237458203 0.010033444816053517 0.023411371237458203 0.01672240802675586 0.013377926421404687 0.003344481605351172 0.003344481605351172 0.026755852842809374 0.026755852842809374 0.020066889632107034 0.020066889632107034 0.010033444816053517 0.01672240802675586 0.01672240802675586 0.023411371237458203 0.013377926421404687 0.013377926421404687 0.03344481605351172 0.026755852842809374 0.010033444816053517 0.003344481605351172 0.03010033444816055 0.006688963210702344 0.003344481605351172 0.03010033444816055 0.020066889632107034 0.010033444816053517 0.010033444816053517 0.010033444816053517 0.01672240802675586 0.023411371237458203 0.0 
0.016077170418006433 0.016077170418006433 0.022508038585209007 0.012861736334405146 0.028938906752411578 0.0032154340836012866 0.028938906752411578 0.012861736334405146 0.006430868167202573 0.03215434083601287 0.019292604501607722 0.022508038585209007 0.025723472668810293 0.019292604501607722 0.03215434083601287 0.028938906752411578 0.006430868167202573 0.025723472668810293 0.012861736334405146 0.03215434083601287 0.012861736334405146 0.009646302250803861 0.028938906752411578 0.009646302250803861 0.012861736334405146 0.028938906752411578 0.009646302250803861 0.03215434083601287 0.012861736334405146 0.0032154340836012866 0.012861736334405146 0.03215434083601287 0.016077170418006433 0.016077170418006433 0.0032154340836012866 0.012861736334405146 0.03215434083601287 0.019292604501607722 0.006430868167202573 0.019292604501607722 0.025723472668810293 0.012861736334405146 0.025723472668810293 0.012861736334405146 0.009646302250803861 0.012861736334405146 0.012861736334405146 0.028938906752411578 0.012861736334405146 0.016077170418006433 0.009646302250803861 0.028938906752411578 0.0032154340836012866 0.012861736334405146 0.006430868167202573 0.03215434083601287 0.0 
0.01672240802675586 0.026755852842809374 0.013377926421404687 0.006688963210702344 0.020066889632107034 0.03010033444816055 0.023411371237458203 0.026755852842809374 0.026755852842809374 0.010033444816053517 0.006688963210702344 0.023411371237458203 0.023411371237458203 0.003344481605351172 0.010033444816053517 0.006688963210702344 0.01672240802675586 0.020066889632107034 0.006688963210702344 0.006688963210702344 0.023411371237458203 0.03010033444816055 0.023411371237458203 0.003344481605351172 0.03344481605351172 0.003344481605351172 0.010033444816053517 0.03344481605351172 0.023411371237458203 0.03344481605351172 0.006688963210702344 0.003344481605351172 0.023411371237458203 0.023411371237458203 0.003344481605351172 0.03344481605351172 0.023411371237458203 0.03010033444816055 0.03010033444816055 0.006688963210702344 0.013377926421404687 0.023411371237458203 0.01672240802675586 0.003344481605351172 0.03344481605351172 0.026755852842809374 0.013377926421404687 0.010033444816053517 0.020066889632107034 0.020066889632107034 0.006688963210702344 0.003344481605351172 0.020066889632107034 0.023411371237458203 0.03344481605351172 0.006688963210702344 0.0 
0.020270270270270275 0.020270270270270275 0.023648648648648653 0.010135135135135137 0.013513513513513516 0.010135135135135137 0.016891891891891896 0.020270270270270275 0.027027027027027032 0.013513513513513516 0.023648648648648653 0.013513513513513516 0.023648648648648653 0.006756756756756758 0.003378378378378379 0.027027027027027032 0.010135135135135137 0.023648648648648653 0.03378378378378379 0.023648648648648653 0.013513513513513516 0.006756756756756758 0.006756756756756758 0.013513513513513516 0.006756756756756758 0.023648648648648653 0.03040540540540541 0.013513513513513516 0.006756756756756758 0.020270270270270275 0.010135135135135137 0.006756756756756758 0.010135135135135137 0.027027027027027032 0.003378378378378379 0.027027027027027032 0.013513513513513516 0.010135135135135137 0.03378378378378379 0.027027027027027032 0.020270270270270275 0.013513513513513516 0.027027027027027032 0.003378378378378379 0.010135135135135137 0.020270270270270275 0.03040540540540541 0.023648648648648653 0.027027027027027032 0.023648648648648653 0.013513513513513516 0.003378378378378379 0.03040540540540541 0.03040540540540541 0.013513513513513516 0.03378378378378379 0.0 
0.023255813953488375 0.0033222591362126255 0.026578073089701004 0.026578073089701004 0.016611295681063128 0.009966777408637875 0.026578073089701004 0.026578073089701004 0.009966777408637875 0.026578073089701004 0.006644518272425251 0.023255813953488375 0.016611295681063128 0.013289036544850502 0.01993355481727575 0.033222591362126255 0.033222591362126255 0.0033222591362126255 0.026578073089701004 0.006644518272425251 0.026578073089701004 0.006644518272425251 0.016611295681063128 0.009966777408637875 0.013289036544850502 0.006644518272425251 0.006644518272425251 0.0033222591362126255 0.006644518272425251 0.01993355481727575 0.01993355481727575 0.02990033222591363 0.033222591362126255 0.013289036544850502 0.013289036544850502 0.026578073089701004 0.016611295681063128 0.01993355481727575 0.016611295681063128 0.026578073089701004 0.006644518272425251 0.006644518272425251 0.023255813953488375 0.009966777408637875 0.026578073089701004 0.016611295681063128 0.0033222591362126255 0.0033222591362126255 0.016611295681063128 0.026578073089701004 0.033222591362126255 0.033222591362126255 0.01993355481727575 0.023255813953488375 0.009966777408637875 0.02990033222591363 0.0 
0.0036101083032490976 0.01444043321299639 0.0036101083032490976 0.02888086642599278 0.007220216606498195 0.018050541516245487 0.018050541516245487 0.018050541516245487 0.0036101083032490976 0.02527075812274368 0.018050541516245487 0.032490974729241874 0.018050541516245487 0.01444043321299639 0.018050541516245487 0.007220216606498195 0.01444043321299639 0.007220216606498195 0.02527075812274368 0.0036101083032490976 0.032490974729241874 0.0036101083032490976 0.032490974729241874 0.018050541516245487 0.010830324909747292 0.007220216606498195 0.021660649819494584 0.036101083032490974 0.018050541516245487 0.021660649819494584 0.018050541516245487 0.007220216606498195 0.0036101083032490976 0.010830324909747292 0.032490974729241874 0.032490974729241874 0.02888086642599278 0.02888086642599278 0.010830324909747292 0.010830324909747292 0.032490974729241874 0.007220216606498195 0.02888086642599278 0.02888086642599278 0.010830324909747292 0.01444043321299639 0.02888086642599278 0.032490974729241874 0.036101083032490974 0.01444043321299639 0.007220216606498195 0.0036101083032490976 0.021660649819494584 0.0036101083032490976 0.010830324909747292 0.032490974729241874 0.0 
0.02711864406779662 0.02711864406779662 0.02711864406779662 0.006779661016949155 0.023728813559322045 0.02711864406779662 0.033898305084745776 0.033898305084745776 0.010169491525423733 0.02711864406779662 0.0033898305084745775 0.01355932203389831 0.016949152542372888 0.0033898305084745775 0.01355932203389831 0.020338983050847467 0.0033898305084745775 0.0305084745762712 0.020338983050847467 0.01355932203389831 0.010169491525423733 0.010169491525423733 0.023728813559322045 0.020338983050847467 0.010169491525423733 0.0033898305084745775 0.0033898305084745775 0.016949152542372888 0.0033898305084745775 0.016949152542372888 0.0033898305084745775 0.023728813559322045 0.020338983050847467 0.033898305084745776 0.016949152542372888 0.0033898305084745775 0.006779661016949155 0.0033898305084745775 0.0305084745762712 0.033898305084745776 0.0305084745762712 0.0305084745762712 0.006779661016949155 0.0305084745762712 0.023728813559322045 0.010169491525423733 0.0305084745762712 0.016949152542372888 0.0033898305084745775 0.02711864406779662 0.020338983050847467 0.0305084745762712 0.006779661016949155 0.02711864406779662 0.020338983050847467 0.006779661016949155 0.0 
0.019801980198019802 0.0165016501650165 0.009900990099009901 0.026402640264026403 0.013201320132013201 0.019801980198019802 0.033003300330033 0.009900990099009901 0.006600660066006601 0.019801980198019802 0.026402640264026403 0.0231023102310231 0.006600660066006601 0.0297029702970297 0.013201320132013201 0.026402640264026403 0.0033003300330033004 0.019801980198019802 0.009900990099009901 0.026402640264026403 0.006600660066006601 0.006600660066006601 0.0297029702970297 0.009900990099009901 0.026402640264026403 0.009900990099009901 0.006600660066006601 0.0033003300330033004 0.019801980198019802 0.026402640264026403 0.0297029702970297 0.0033003300330033004 0.0165016501650165 0.033003300330033 0.0231023102310231 0.033003300330033 0.009900990099009901 0.006600660066006601 0.013201320132013201 0.0297029702970297 0.013201320132013201 0.0165016501650165 0.0297029702970297 0.013201320132013201 0.033003300330033 0.0165016501650165 0.0297029702970297 0.006600660066006601 0.006600660066006601 0.033003300330033 0.009900990099009901 0.013201320132013201 0.026402640264026403 0.0165016501650165 0.013201320132013201 0.019801980198019802 0.0 
0.0031948881789137388 0.01916932907348243 0.01916932907348243 0.02236421725239617 0.02555910543130991 0.031948881789137386 0.02555910543130991 0.02555910543130991 0.031948881789137386 0.009584664536741215 0.0031948881789137388 0.031948881789137386 0.0031948881789137388 0.01916932907348243 0.0031948881789137388 0.02555910543130991 0.02236421725239617 0.01916932907348243 0.009584664536741215 0.015974440894568693 0.02555910543130991 0.0031948881789137388 0.009584664536741215 0.0063897763578274775 0.031948881789137386 0.012779552715654955 0.02555910543130991 0.012779552715654955 0.028753993610223648 0.009584664536741215 0.02236421725239617 0.02555910543130991 0.012779552715654955 0.031948881789137386 0.0063897763578274775 0.02555910543130991 0.012779552715654955 0.031948881789137386 0.0031948881789137388 0.009584664536741215 0.0031948881789137388 0.015974440894568693 0.01916932907348243 0.0063897763578274775 0.012779552715654955 0.009584664536741215 0.02236421725239617 0.028753993610223648 0.02555910543130991 0.02236421725239617 0.028753993610223648 0.009584664536741215 0.0063897763578274775 0.015974440894568693 0.02555910543130991 0.031948881789137386 0.0 
0.01119402985074627 0.02611940298507463 0.01492537313432836 0.01492537313432836 0.01492537313432836 0.01119402985074627 0.03358208955223881 0.01865671641791045 0.01865671641791045 0.00746268656716418 0.01119402985074627 0.01492537313432836 0.01865671641791045 0.01119402985074627 0.00373134328358209 0.00746268656716418 0.00373134328358209 0.0373134328358209 0.01492537313432836 0.00746268656716418 0.00373134328358209 0.00373134328358209 0.03358208955223881 0.02611940298507463 0.01492537313432836 0.00746268656716418 0.02611940298507463 0.00373134328358209 0.01865671641791045 0.02238805970149254 0.00373134328358209 0.01119402985074627 0.02985074626865672 0.00746268656716418 0.02611940298507463 0.02238805970149254 0.02238805970149254 0.03358208955223881 0.00373134328358209 0.01492537313432836 0.02238805970149254 0.01865671641791045 0.01492537313432836 0.02985074626865672 0.03358208955223881 0.00373134328358209 0.03358208955223881 0.02238805970149254 0.00373134328358209 0.02238805970149254 0.02985074626865672 0.0373134328358209 0.00746268656716418 0.0373134328358209 0.01119402985074627 0.03358208955223881 0.0 
0.017241379310344824 0.027586206896551717 0.010344827586206895 0.031034482758620682 0.006896551724137929 0.02068965517241379 0.013793103448275858 0.02413793103448275 0.0034482758620689646 0.006896551724137929 0.02413793103448275 0.0034482758620689646 0.006896551724137929 0.02068965517241379 0.031034482758620682 0.0034482758620689646 0.031034482758620682 0.02413793103448275 0.02413793103448275 0.010344827586206895 0.02413793103448275 0.0034482758620689646 0.017241379310344824 0.006896551724137929 0.017241379310344824 0.0034482758620689646 0.017241379310344824 0.0034482758620689646 0.031034482758620682 0.02413793103448275 0.027586206896551717 0.0034482758620689646 0.013793103448275858 0.031034482758620682 0.02413793103448275 0.006896551724137929 0.0034482758620689646 0.027586206896551717 0.02413793103448275 0.031034482758620682 0.02413793103448275 0.02413793103448275 0.017241379310344824 0.010344827586206895 0.017241379310344824 0.027586206896551717 0.0034482758620689646 0.027586206896551717 0.02413793103448275 0.02068965517241379 0.0034482758620689646 0.03448275862068965 0.006896551724137929 0.03448275862068965 0.013793103448275858 0.027586206896551717 0.0 
0.029498525073746312 0.029498525073746312 0.014749262536873156 0.008849557522123894 0.02064896755162242 0.02064896755162242 0.011799410029498525 0.02654867256637168 0.0029498525073746312 0.017699115044247787 0.02654867256637168 0.014749262536873156 0.02359882005899705 0.014749262536873156 0.0058997050147492625 0.02654867256637168 0.02359882005899705 0.014749262536873156 0.017699115044247787 0.014749262536873156 0.014749262536873156 0.014749262536873156 0.029498525073746312 0.029498525073746312 0.017699115044247787 0.02359882005899705 0.02654867256637168 0.017699115044247787 0.014749262536873156 0.029498525073746312 0.008849557522123894 0.02359882005899705 0.008849557522123894 0.017699115044247787 0.008849557522123894 0.017699115044247787 0.011799410029498525 0.008849557522123894 0.02064896755162242 0.02359882005899705 0.008849557522123894 0.02654867256637168 0.014749262536873156 0.008849557522123894 0.029498525073746312 0.02359882005899705 0.0058997050147492625 0.017699115044247787 0.02064896755162242 0.0029498525073746312 0.0058997050147492625 0.008849557522123894 0.008849557522123894 0.02654867256637168 0.029498525073746312 0.02654867256637168 0.0 
0.007092198581560282 0.035460992907801414 0.010638297872340424 0.003546099290780141 0.007092198581560282 0.007092198581560282 0.024822695035460987 0.021276595744680847 0.014184397163120564 0.017730496453900707 0.003546099290780141 0.021276595744680847 0.028368794326241127 0.014184397163120564 0.017730496453900707 0.017730496453900707 0.024822695035460987 0.003546099290780141 0.007092198581560282 0.007092198581560282 0.014184397163120564 0.003546099290780141 0.021276595744680847 0.024822695035460987 0.017730496453900707 0.024822695035460987 0.003546099290780141 0.014184397163120564 0.03191489361702127 0.035460992907801414 0.010638297872340424 0.007092198581560282 0.014184397163120564 0.035460992907801414 0.021276595744680847 0.024822695035460987 0.024822695035460987 0.028368794326241127 0.010638297872340424 0.003546099290780141 0.028368794326241127 0.03191489361702127 0.007092198581560282 0.024822695035460987 0.007092198581560282 0.021276595744680847 0.017730496453900707 0.028368794326241127 0.021276595744680847 0.007092198581560282 0.028368794326241127 0.03191489361702127 0.024822695035460987 0.024822695035460987 0.024822695035460987 0.003546099290780141 0.0 
0.030581039755351667 0.018348623853211003 0.024464831804281335 0.006116207951070334 0.0275229357798165 0.015290519877675834 0.024464831804281335 0.0275229357798165 0.003058103975535167 0.0275229357798165 0.006116207951070334 0.012232415902140668 0.018348623853211003 0.009174311926605502 0.018348623853211003 0.009174311926605502 0.006116207951070334 0.0275229357798165 0.018348623853211003 0.009174311926605502 0.021406727828746166 0.009174311926605502 0.006116207951070334 0.009174311926605502 0.021406727828746166 0.021406727828746166 0.0275229357798165 0.012232415902140668 0.006116207951070334 0.018348623853211003 0.0275229357798165 0.0275229357798165 0.021406727828746166 0.0275229357798165 0.015290519877675834 0.0275229357798165 0.015290519877675834 0.018348623853211003 0.012232415902140668 0.0275229357798165 0.021406727828746166 0.012232415902140668 0.015290519877675834 0.024464831804281335 0.009174311926605502 0.0275229357798165 0.003058103975535167 0.006116207951070334 0.021406727828746166 0.024464831804281335 0.012232415902140668 0.024464831804281335 0.018348623853211003 0.021406727828746166 0.030581039755351667 0.015290519877675834 0.0 
0.023323615160349854 0.02040816326530612 0.01749271137026239 0.011661807580174927 0.01749271137026239 0.026239067055393587 0.008746355685131196 0.01749271137026239 0.0029154518950437317 0.023323615160349854 0.0058309037900874635 0.026239067055393587 0.01749271137026239 0.0058309037900874635 0.0058309037900874635 0.026239067055393587 0.02040816326530612 0.02040816326530612 0.0029154518950437317 0.02040816326530612 0.02040816326530612 0.014577259475218658 0.026239067055393587 0.029154518950437316 0.029154518950437316 0.029154518950437316 0.029154518950437316 0.01749271137026239 0.0058309037900874635 0.026239067055393587 0.029154518950437316 0.014577259475218658 0.0058309037900874635 0.0058309037900874635 0.026239067055393587 0.029154518950437316 0.011661807580174927 0.02040816326530612 0.02040816326530612 0.026239067055393587 0.011661807580174927 0.02040816326530612 0.029154518950437316 0.01749271137026239 0.008746355685131196 0.0029154518950437317 0.01749271137026239 0.0029154518950437317 0.029154518950437316 0.014577259475218658 0.011661807580174927 0.014577259475218658 0.023323615160349854 0.026239067055393587 0.014577259475218658 0.01749271137026239 0.0 
0.006535947712418301 0.013071895424836602 0.032679738562091505 0.026143790849673203 0.029411764705882353 0.016339869281045753 0.00980392156862745 0.026143790849673203 0.029411764705882353 0.0196078431372549 0.032679738562091505 0.026143790849673203 0.032679738562091505 0.006535947712418301 0.029411764705882353 0.0196078431372549 0.00980392156862745 0.00980392156862745 0.016339869281045753 0.016339869281045753 0.0196078431372549 0.02287581699346405 0.006535947712418301 0.029411764705882353 0.00980392156862745 0.0032679738562091504 0.006535947712418301 0.026143790849673203 0.029411764705882353 0.013071895424836602 0.013071895424836602 0.029411764705882353 0.0032679738562091504 0.032679738562091505 0.016339869281045753 0.0032679738562091504 0.0196078431372549 0.016339869281045753 0.016339869281045753 0.006535947712418301 0.00980392156862745 0.0032679738562091504 0.0196078431372549 0.0032679738562091504 0.016339869281045753 0.00980392156862745 0.026143790849673203 0.026143790849673203 0.029411764705882353 0.02287581699346405 0.006535947712418301 0.013071895424836602 0.016339869281045753 0.029411764705882353 0.013071895424836602 0.02287581699346405 0.0 
0.02694610778443114 0.005988023952095809 0.005988023952095809 0.020958083832335328 0.023952095808383235 0.011976047904191617 0.020958083832335328 0.02694610778443114 0.0029940119760479044 0.029940119760479042 0.020958083832335328 0.029940119760479042 0.020958083832335328 0.017964071856287425 0.023952095808383235 0.014970059880239521 0.0029940119760479044 0.014970059880239521 0.029940119760479042 0.020958083832335328 0.029940119760479042 0.02694610778443114 0.014970059880239521 0.029940119760479042 0.020958083832335328 0.0029940119760479044 0.008982035928143712 0.02694610778443114 0.029940119760479042 0.017964071856287425 0.023952095808383235 0.029940119760479042 0.029940119760479042 0.011976047904191617 0.029940119760479042 0.008982035928143712 0.0029940119760479044 0.020958083832335328 0.0029940119760479044 0.0029940119760479044 0.023952095808383235 0.0029940119760479044 0.020958083832335328 0.02694610778443114 0.023952095808383235 0.017964071856287425 0.011976047904191617 0.014970059880239521 0.017964071856287425 0.017964071856287425 0.014970059880239521 0.017964071856287425 0.011976047904191617 0.005988023952095809 0.014970059880239521 0.005988023952095809 0.0 
0.017910447761194034 0.020895522388059706 0.01194029850746269 0.02388059701492538 0.020895522388059706 0.005970149253731345 0.014925373134328361 0.029850746268656723 0.029850746268656723 0.005970149253731345 0.014925373134328361 0.014925373134328361 0.0029850746268656725 0.014925373134328361 0.017910447761194034 0.008955223880597017 0.029850746268656723 0.01194029850746269 0.01194029850746269 0.01194029850746269 0.029850746268656723 0.014925373134328361 0.0029850746268656725 0.029850746268656723 0.02686567164179105 0.01194029850746269 0.02388059701492538 0.02388059701492538 0.029850746268656723 0.0029850746268656725 0.008955223880597017 0.02686567164179105 0.01194029850746269 0.014925373134328361 0.029850746268656723 0.02686567164179105 0.029850746268656723 0.017910447761194034 0.02388059701492538 0.008955223880597017 0.02388059701492538 0.02388059701492538 0.0029850746268656725 0.008955223880597017 0.020895522388059706 0.008955223880597017 0.01194029850746269 0.029850746268656723 0.029850746268656723 0.005970149253731345 0.008955223880597017 0.020895522388059706 0.029850746268656723 0.0029850746268656725 0.02686567164179105 0.02388059701492538 0.0 
0.012539184952978056 0.025078369905956112 0.006269592476489028 0.009404388714733543 0.025078369905956112 0.009404388714733543 0.018808777429467086 0.02821316614420063 0.003134796238244514 0.03134796238244514 0.018808777429467086 0.018808777429467086 0.009404388714733543 0.018808777429467086 0.025078369905956112 0.012539184952978056 0.02821316614420063 0.025078369905956112 0.025078369905956112 0.025078369905956112 0.0219435736677116 0.02821316614420063 0.01567398119122257 0.012539184952978056 0.012539184952978056 0.003134796238244514 0.018808777429467086 0.003134796238244514 0.018808777429467086 0.003134796238244514 0.03134796238244514 0.003134796238244514 0.003134796238244514 0.018808777429467086 0.0219435736677116 0.025078369905956112 0.0219435736677116 0.003134796238244514 0.02821316614420063 0.02821316614420063 0.012539184952978056 0.003134796238244514 0.025078369905956112 0.012539184952978056 0.02821316614420063 0.009404388714733543 0.025078369905956112 0.03134796238244514 0.018808777429467086 0.012539184952978056 0.02821316614420063 0.03134796238244514 0.01567398119122257 0.012539184952978056 0.03134796238244514 0.003134796238244514 0.0 
0.02028985507246377 0.02898550724637682 0.01739130434782609 0.011594202898550727 0.01739130434782609 0.01449275362318841 0.005797101449275363 0.02898550724637682 0.01449275362318841 0.01739130434782609 0.02898550724637682 0.011594202898550727 0.0028985507246376816 0.01449275362318841 0.011594202898550727 0.023188405797101453 0.01739130434782609 0.01739130434782609 0.026086956521739136 0.005797101449275363 0.02898550724637682 0.011594202898550727 0.02898550724637682 0.01449275362318841 0.01449275362318841 0.01739130434782609 0.01739130434782609 0.01449275362318841 0.005797101449275363 0.0028985507246376816 0.011594202898550727 0.02028985507246377 0.023188405797101453 0.01739130434782609 0.02028985507246377 0.026086956521739136 0.005797101449275363 0.026086956521739136 0.005797101449275363 0.008695652173913045 0.01739130434782609 0.026086956521739136 0.023188405797101453 0.026086956521739136 0.023188405797101453 0.01739130434782609 0.026086956521739136 0.01739130434782609 0.02898550724637682 0.023188405797101453 0.01449275362318841 0.008695652173913045 0.01449275362318841 0.02898550724637682 0.01739130434782609 0.02898550724637682 0.0 
0.01718213058419244 0.01718213058419244 0.003436426116838488 0.01718213058419244 0.020618556701030927 0.01718213058419244 0.024054982817869417 0.013745704467353952 0.013745704467353952 0.013745704467353952 0.03436426116838488 0.010309278350515464 0.003436426116838488 0.013745704467353952 0.030927835051546393 0.024054982817869417 0.027491408934707903 0.01718213058419244 0.027491408934707903 0.024054982817869417 0.027491408934707903 0.006872852233676976 0.024054982817869417 0.024054982817869417 0.01718213058419244 0.006872852233676976 0.010309278350515464 0.027491408934707903 0.020618556701030927 0.020618556701030927 0.020618556701030927 0.020618556701030927 0.020618556701030927 0.027491408934707903 0.003436426116838488 0.03436426116838488 0.010309278350515464 0.010309278350515464 0.006872852233676976 0.013745704467353952 0.030927835051546393 0.006872852233676976 0.03436426116838488 0.003436426116838488 0.013745704467353952 0.003436426116838488 0.03436426116838488 0.006872852233676976 0.006872852233676976 0.024054982817869417 0.03436426116838488 0.01718213058419244 0.006872852233676976 0.013745704467353952 0.020618556701030927 0.01718213058419244 0.0 
0.011869436201780418 0.014836795252225522 0.017804154302670627 0.023738872403560835 0.008902077151335314 0.011869436201780418 0.014836795252225522 0.011869436201780418 0.0029673590504451044 0.023738872403560835 0.005934718100890209 0.017804154302670627 0.02077151335311573 0.011869436201780418 0.005934718100890209 0.029673590504451043 0.026706231454005937 0.023738872403560835 0.014836795252225522 0.029673590504451043 0.008902077151335314 0.026706231454005937 0.014836795252225522 0.023738872403560835 0.005934718100890209 0.029673590504451043 0.029673590504451043 0.026706231454005937 0.023738872403560835 0.014836795252225522 0.008902077151335314 0.017804154302670627 0.017804154302670627 0.017804154302670627 0.011869436201780418 0.011869436201780418 0.026706231454005937 0.008902077151335314 0.011869436201780418 0.017804154302670627 0.026706231454005937 0.026706231454005937 0.005934718100890209 0.017804154302670627 0.014836795252225522 0.02077151335311573 0.026706231454005937 0.0029673590504451044 0.02077151335311573 0.029673590504451043 0.008902077151335314 0.005934718100890209 0.029673590504451043 0.026706231454005937 0.023738872403560835 0.026706231454005937 0.0 
0.013513513513513518 0.016891891891891896 0.027027027027027035 0.023648648648648657 0.0033783783783783794 0.020270270270270275 0.016891891891891896 0.0033783783783783794 0.010135135135135137 0.023648648648648657 0.013513513513513518 0.027027027027027035 0.030405405405405414 0.0033783783783783794 0.027027027027027035 0.03378378378378379 0.03378378378378379 0.010135135135135137 0.0033783783783783794 0.027027027027027035 0.030405405405405414 0.006756756756756759 0.010135135135135137 0.013513513513513518 0.016891891891891896 0.006756756756756759 0.027027027027027035 0.013513513513513518 0.010135135135135137 0.020270270270270275 0.010135135135135137 0.027027027027027035 0.016891891891891896 0.013513513513513518 0.010135135135135137 0.0033783783783783794 0.013513513513513518 0.010135135135135137 0.027027027027027035 0.010135135135135137 0.006756756756756759 0.027027027027027035 0.023648648648648657 0.016891891891891896 0.023648648648648657 0.013513513513513518 0.027027027027027035 0.030405405405405414 0.013513513513513518 0.027027027027027035 0.013513513513513518 0.027027027027027035 0.006756756756756759 0.030405405405405414 0.020270270270270275 0.027027027027027035 0.0 
0.03436426116838489 0.017182130584192445 0.02405498281786942 0.02061855670103093 0.0034364261168384883 0.02405498281786942 0.013745704467353953 0.027491408934707907 0.013745704467353953 0.030927835051546396 0.030927835051546396 0.006872852233676977 0.010309278350515465 0.017182130584192445 0.0034364261168384883 0.010309278350515465 0.013745704467353953 0.010309278350515465 0.02061855670103093 0.03436426116838489 0.010309278350515465 0.030927835051546396 0.0034364261168384883 0.010309278350515465 0.02405498281786942 0.0034364261168384883 0.006872852233676977 0.017182130584192445 0.02405498281786942 0.010309278350515465 0.030927835051546396 0.027491408934707907 0.027491408934707907 0.006872852233676977 0.010309278350515465 0.03436426116838489 0.006872852233676977 0.017182130584192445 0.02405498281786942 0.0034364261168384883 0.02061855670103093 0.030927835051546396 0.03436426116838489 0.013745704467353953 0.030927835051546396 0.030927835051546396 0.010309278350515465 0.02405498281786942 0.006872852233676977 0.013745704467353953 0.006872852233676977 0.013745704467353953 0.02061855670103093 0.017182130584192445 0.013745704467353953 0.013745704467353953 0.0 
0.01677852348993289 0.0033557046979865775 0.010067114093959733 0.03355704697986578 0.03355704697986578 0.0302013422818792 0.01677852348993289 0.010067114093959733 0.0033557046979865775 0.0302013422818792 0.01677852348993289 0.03355704697986578 0.02684563758389262 0.02684563758389262 0.03355704697986578 0.0033557046979865775 0.006711409395973155 0.02684563758389262 0.02684563758389262 0.0033557046979865775 0.01677852348993289 0.01677852348993289 0.03355704697986578 0.0302013422818792 0.01342281879194631 0.03355704697986578 0.020134228187919465 0.0033557046979865775 0.006711409395973155 0.0033557046979865775 0.01342281879194631 0.01342281879194631 0.01677852348993289 0.03355704697986578 0.020134228187919465 0.0033557046979865775 0.006711409395973155 0.01677852348993289 0.010067114093959733 0.006711409395973155 0.0302013422818792 0.010067114093959733 0.020134228187919465 0.006711409395973155 0.03355704697986578 0.006711409395973155 0.03355704697986578 0.020134228187919465 0.020134228187919465 0.010067114093959733 0.010067114093959733 0.006711409395973155 0.02684563758389262 0.03355704697986578 0.01342281879194631 0.006711409395973155 0.0 
0.020134228187919465 0.02684563758389262 0.01342281879194631 0.006711409395973155 0.01677852348993289 0.01342281879194631 0.0302013422818792 0.02684563758389262 0.023489932885906045 0.010067114093959733 0.0302013422818792 0.0033557046979865775 0.020134228187919465 0.02684563758389262 0.010067114093959733 0.006711409395973155 0.02684563758389262 0.006711409395973155 0.0033557046979865775 0.020134228187919465 0.03355704697986578 0.0302013422818792 0.03355704697986578 0.0033557046979865775 0.0033557046979865775 0.006711409395973155 0.023489932885906045 0.006711409395973155 0.03355704697986578 0.023489932885906045 0.03355704697986578 0.0033557046979865775 0.010067114093959733 0.0033557046979865775 0.010067114093959733 0.01342281879194631 0.02684563758389262 0.03355704697986578 0.01677852348993289 0.0302013422818792 0.006711409395973155 0.0033557046979865775 0.0302013422818792 0.03355704697986578 0.02684563758389262 0.01342281879194631 0.02684563758389262 0.01342281879194631 0.006711409395973155 0.01677852348993289 0.020134228187919465 0.0033557046979865775 0.006711409395973155 0.01342281879194631 0.03355704697986578 0.023489932885906045 0.0 
0.013157894736842105 0.03289473684210526 0.003289473684210526 0.006578947368421052 0.023026315789473683 0.029605263157894735 0.006578947368421052 0.023026315789473683 0.029605263157894735 0.003289473684210526 0.029605263157894735 0.019736842105263157 0.01644736842105263 0.003289473684210526 0.006578947368421052 0.019736842105263157 0.013157894736842105 0.01644736842105263 0.029605263157894735 0.003289473684210526 0.009868421052631578 0.009868421052631578 0.009868421052631578 0.013157894736842105 0.029605263157894735 0.029605263157894735 0.02631578947368421 0.006578947368421052 0.01644736842105263 0.013157894736842105 0.029605263157894735 0.009868421052631578 0.01644736842105263 0.029605263157894735 0.01644736842105263 0.01644736842105263 0.003289473684210526 0.013157894736842105 0.003289473684210526 0.023026315789473683 0.019736842105263157 0.009868421052631578 0.019736842105263157 0.019736842105263157 0.01644736842105263 0.01644736842105263 0.03289473684210526 0.006578947368421052 0.029605263157894735 0.03289473684210526 0.03289473684210526 0.009868421052631578 0.013157894736842105 0.019736842105263157 0.03289473684210526 0.03289473684210526 0.0 
0.0033003300330033017 0.01980198019801981 0.009900990099009905 0.026402640264026413 0.013201320132013207 0.009900990099009905 0.0033003300330033017 0.01980198019801981 0.016501650165016507 0.013201320132013207 0.009900990099009905 0.033003300330033014 0.01980198019801981 0.029702970297029712 0.026402640264026413 0.016501650165016507 0.023102310231023108 0.016501650165016507 0.016501650165016507 0.023102310231023108 0.006600660066006603 0.016501650165016507 0.029702970297029712 0.026402640264026413 0.006600660066006603 0.013201320132013207 0.033003300330033014 0.023102310231023108 0.013201320132013207 0.016501650165016507 0.016501650165016507 0.033003300330033014 0.006600660066006603 0.01980198019801981 0.016501650165016507 0.006600660066006603 0.023102310231023108 0.006600660066006603 0.006600660066006603 0.013201320132013207 0.016501650165016507 0.013201320132013207 0.009900990099009905 0.023102310231023108 0.009900990099009905 0.013201320132013207 0.023102310231023108 0.023102310231023108 0.026402640264026413 0.01980198019801981 0.01980198019801981 0.01980198019801981 0.033003300330033014 0.01980198019801981 0.033003300330033014 0.013201320132013207 0.0 
0.0032467532467532483 0.025974025974025986 0.029220779220779234 0.009740259740259744 0.03246753246753248 0.009740259740259744 0.029220779220779234 0.03246753246753248 0.012987012987012993 0.02272727272727274 0.025974025974025986 0.019480519480519487 0.025974025974025986 0.0032467532467532483 0.0064935064935064965 0.0032467532467532483 0.012987012987012993 0.019480519480519487 0.03246753246753248 0.0064935064935064965 0.009740259740259744 0.029220779220779234 0.03246753246753248 0.0032467532467532483 0.012987012987012993 0.025974025974025986 0.02272727272727274 0.025974025974025986 0.0064935064935064965 0.025974025974025986 0.02272727272727274 0.029220779220779234 0.009740259740259744 0.0032467532467532483 0.009740259740259744 0.0032467532467532483 0.019480519480519487 0.025974025974025986 0.02272727272727274 0.012987012987012993 0.025974025974025986 0.025974025974025986 0.01623376623376624 0.019480519480519487 0.029220779220779234 0.0064935064935064965 0.0064935064935064965 0.025974025974025986 0.009740259740259744 0.012987012987012993 0.03246753246753248 0.019480519480519487 0.0064935064935064965 0.01623376623376624 0.0064935064935064965 0.02272727272727274 0.0 
0.01486988847583643 0.0037174721189591076 0.03717472118959108 0.022304832713754646 0.03717472118959108 0.007434944237918215 0.022304832713754646 0.01858736059479554 0.022304832713754646 0.03717472118959108 0.011152416356877323 0.03345724907063197 0.007434944237918215 0.01858736059479554 0.02973977695167286 0.01858736059479554 0.01858736059479554 0.0037174721189591076 0.01486988847583643 0.0037174721189591076 0.01486988847583643 0.01858736059479554 0.022304832713754646 0.011152416356877323 0.01486988847583643 0.03717472118959108 0.022304832713754646 0.01858736059479554 0.0037174721189591076 0.0037174721189591076 0.01858736059479554 0.01486988847583643 0.022304832713754646 0.007434944237918215 0.01486988847583643 0.011152416356877323 0.02973977695167286 0.007434944237918215 0.022304832713754646 0.02973977695167286 0.026022304832713755 0.02973977695167286 0.01858736059479554 0.01486988847583643 0.011152416356877323 0.011152416356877323 0.0037174721189591076 0.026022304832713755 0.01486988847583643 0.01486988847583643 0.007434944237918215 0.01858736059479554 0.011152416356877323 0.02973977695167286 0.007434944237918215 0.026022304832713755 0.0 
0.006369426751592358 0.009554140127388536 0.02229299363057325 0.009554140127388536 0.02866242038216561 0.02866242038216561 0.02547770700636943 0.02866242038216561 0.003184713375796179 0.009554140127388536 0.012738853503184716 0.02866242038216561 0.02229299363057325 0.015923566878980895 0.02229299363057325 0.006369426751592358 0.02229299363057325 0.012738853503184716 0.02866242038216561 0.02547770700636943 0.03184713375796179 0.006369426751592358 0.02866242038216561 0.02229299363057325 0.019108280254777073 0.019108280254777073 0.02547770700636943 0.003184713375796179 0.03184713375796179 0.006369426751592358 0.019108280254777073 0.02547770700636943 0.012738853503184716 0.012738853503184716 0.019108280254777073 0.006369426751592358 0.03184713375796179 0.02866242038216561 0.012738853503184716 0.006369426751592358 0.02866242038216561 0.012738853503184716 0.019108280254777073 0.006369426751592358 0.019108280254777073 0.006369426751592358 0.003184713375796179 0.02547770700636943 0.03184713375796179 0.02547770700636943 0.003184713375796179 0.006369426751592358 0.03184713375796179 0.015923566878980895 0.009554140127388536 0.015923566878980895 0.0 
0.01724137931034483 0.01724137931034483 0.008620689655172415 0.002873563218390805 0.00574712643678161 0.025862068965517244 0.008620689655172415 0.02873563218390805 0.025862068965517244 0.01724137931034483 0.00574712643678161 0.01149425287356322 0.02873563218390805 0.01724137931034483 0.020114942528735635 0.02298850574712644 0.025862068965517244 0.020114942528735635 0.008620689655172415 0.02298850574712644 0.02873563218390805 0.00574712643678161 0.02873563218390805 0.014367816091954025 0.002873563218390805 0.025862068965517244 0.02298850574712644 0.025862068965517244 0.020114942528735635 0.01149425287356322 0.025862068965517244 0.01724137931034483 0.02298850574712644 0.025862068965517244 0.025862068965517244 0.02298850574712644 0.02873563218390805 0.020114942528735635 0.02298850574712644 0.020114942528735635 0.008620689655172415 0.02298850574712644 0.02298850574712644 0.01724137931034483 0.014367816091954025 0.00574712643678161 0.025862068965517244 0.002873563218390805 0.01724137931034483 0.002873563218390805 0.00574712643678161 0.020114942528735635 0.01724137931034483 0.014367816091954025 0.020114942528735635 0.020114942528735635 0.0 
0.03378378378378379 0.0033783783783783794 0.030405405405405414 0.0033783783783783794 0.027027027027027035 0.006756756756756759 0.0033783783783783794 0.03378378378378379 0.006756756756756759 0.010135135135135137 0.006756756756756759 0.006756756756756759 0.030405405405405414 0.027027027027027035 0.016891891891891896 0.006756756756756759 0.020270270270270275 0.023648648648648657 0.0033783783783783794 0.016891891891891896 0.027027027027027035 0.030405405405405414 0.0033783783783783794 0.006756756756756759 0.03378378378378379 0.030405405405405414 0.0033783783783783794 0.0033783783783783794 0.0033783783783783794 0.010135135135135137 0.016891891891891896 0.023648648648648657 0.030405405405405414 0.023648648648648657 0.030405405405405414 0.013513513513513518 0.020270270270270275 0.013513513513513518 0.010135135135135137 0.013513513513513518 0.010135135135135137 0.013513513513513518 0.030405405405405414 0.016891891891891896 0.023648648648648657 0.027027027027027035 0.020270270270270275 0.03378378378378379 0.016891891891891896 0.03378378378378379 0.030405405405405414 0.030405405405405414 0.013513513513513518 0.013513513513513518 0.0033783783783783794 0.016891891891891896 0.0 
0.015923566878980895 0.02229299363057325 0.015923566878980895 0.006369426751592358 0.03184713375796179 0.02229299363057325 0.015923566878980895 0.019108280254777073 0.006369426751592358 0.006369426751592358 0.02229299363057325 0.03184713375796179 0.02866242038216561 0.015923566878980895 0.003184713375796179 0.02866242038216561 0.02547770700636943 0.006369426751592358 0.02229299363057325 0.012738853503184716 0.009554140127388536 0.02229299363057325 0.012738853503184716 0.02229299363057325 0.02866242038216561 0.02229299363057325 0.015923566878980895 0.02229299363057325 0.02866242038216561 0.02547770700636943 0.012738853503184716 0.019108280254777073 0.012738853503184716 0.019108280254777073 0.012738853503184716 0.03184713375796179 0.02547770700636943 0.003184713375796179 0.006369426751592358 0.006369426751592358 0.02229299363057325 0.009554140127388536 0.02866242038216561 0.006369426751592358 0.009554140127388536 0.019108280254777073 0.015923566878980895 0.009554140127388536 0.003184713375796179 0.02547770700636943 0.03184713375796179 0.012738853503184716 0.012738853503184716 0.019108280254777073 0.02547770700636943 0.02866242038216561 0.0 
0.012738853503184716 0.02547770700636943 0.02229299363057325 0.02866242038216561 0.019108280254777073 0.003184713375796179 0.02866242038216561 0.015923566878980895 0.02547770700636943 0.009554140127388536 0.009554140127388536 0.02866242038216561 0.015923566878980895 0.012738853503184716 0.03184713375796179 0.006369426751592358 0.009554140127388536 0.03184713375796179 0.015923566878980895 0.02229299363057325 0.02547770700636943 0.006369426751592358 0.03184713375796179 0.019108280254777073 0.02547770700636943 0.02866242038216561 0.006369426751592358 0.02547770700636943 0.03184713375796179 0.003184713375796179 0.02866242038216561 0.012738853503184716 0.009554140127388536 0.02866242038216561 0.02547770700636943 0.003184713375796179 0.012738853503184716 0.019108280254777073 0.009554140127388536 0.02547770700636943 0.019108280254777073 0.009554140127388536 0.009554140127388536 0.009554140127388536 0.02547770700636943 0.003184713375796179 0.03184713375796179 0.006369426751592358 0.019108280254777073 0.03184713375796179 0.02547770700636943 0.015923566878980895 0.006369426751592358 0.02547770700636943 0.003184713375796179 0.003184713375796179 0.0 
0.033003300330033014 0.01980198019801981 0.009900990099009905 0.016501650165016507 0.0033003300330033017 0.013201320132013207 0.033003300330033014 0.016501650165016507 0.016501650165016507 0.026402640264026413 0.029702970297029712 0.009900990099009905 0.023102310231023108 0.01980198019801981 0.029702970297029712 0.026402640264026413 0.0033003300330033017 0.016501650165016507 0.033003300330033014 0.016501650165016507 0.0033003300330033017 0.006600660066006603 0.006600660066006603 0.009900990099009905 0.023102310231023108 0.01980198019801981 0.016501650165016507 0.013201320132013207 0.013201320132013207 0.023102310231023108 0.0033003300330033017 0.033003300330033014 0.016501650165016507 0.01980198019801981 0.033003300330033014 0.029702970297029712 0.006600660066006603 0.006600660066006603 0.026402640264026413 0.029702970297029712 0.023102310231023108 0.0033003300330033017 0.009900990099009905 0.009900990099009905 0.009900990099009905 0.0033003300330033017 0.006600660066006603 0.029702970297029712 0.016501650165016507 0.029702970297029712 0.009900990099009905 0.006600660066006603 0.033003300330033014 0.033003300330033014 0.006600660066006603 0.033003300330033014 0.0 
0.014760147601476016 0.03321033210332104 0.014760147601476016 0.03321033210332104 0.036900369003690044 0.029520295202952032 0.007380073800738008 0.029520295202952032 0.022140221402214024 0.029520295202952032 0.014760147601476016 0.018450184501845022 0.003690036900369004 0.029520295202952032 0.029520295202952032 0.003690036900369004 0.02583025830258303 0.011070110701107012 0.011070110701107012 0.011070110701107012 0.018450184501845022 0.029520295202952032 0.003690036900369004 0.018450184501845022 0.007380073800738008 0.007380073800738008 0.014760147601476016 0.007380073800738008 0.007380073800738008 0.003690036900369004 0.02583025830258303 0.022140221402214024 0.036900369003690044 0.011070110701107012 0.018450184501845022 0.014760147601476016 0.003690036900369004 0.003690036900369004 0.007380073800738008 0.036900369003690044 0.03321033210332104 0.014760147601476016 0.011070110701107012 0.014760147601476016 0.02583025830258303 0.022140221402214024 0.003690036900369004 0.036900369003690044 0.02583025830258303 0.003690036900369004 0.02583025830258303 0.029520295202952032 0.003690036900369004 0.018450184501845022 0.007380073800738008 0.014760147601476016 0.0 
0.03875968992248059 0.019379844961240296 0.011627906976744179 0.0038759689922480594 0.03488372093023254 0.019379844961240296 0.027131782945736416 0.011627906976744179 0.019379844961240296 0.031007751937984475 0.027131782945736416 0.027131782945736416 0.023255813953488358 0.031007751937984475 0.027131782945736416 0.011627906976744179 0.011627906976744179 0.031007751937984475 0.015503875968992237 0.007751937984496119 0.0038759689922480594 0.007751937984496119 0.023255813953488358 0.023255813953488358 0.0038759689922480594 0.019379844961240296 0.03488372093023254 0.007751937984496119 0.007751937984496119 0.031007751937984475 0.0038759689922480594 0.027131782945736416 0.007751937984496119 0.027131782945736416 0.0038759689922480594 0.015503875968992237 0.031007751937984475 0.015503875968992237 0.011627906976744179 0.0038759689922480594 0.019379844961240296 0.0038759689922480594 0.007751937984496119 0.027131782945736416 0.019379844961240296 0.0038759689922480594 0.019379844961240296 0.015503875968992237 0.015503875968992237 0.019379844961240296 0.007751937984496119 0.015503875968992237 0.027131782945736416 0.031007751937984475 0.015503875968992237 0.011627906976744179 0.0 
0.018691588785046728 0.021806853582554516 0.03115264797507788 0.003115264797507788 0.006230529595015576 0.009345794392523364 0.024922118380062305 0.012461059190031152 0.021806853582554516 0.018691588785046728 0.021806853582554516 0.024922118380062305 0.003115264797507788 0.006230529595015576 0.021806853582554516 0.024922118380062305 0.018691588785046728 0.003115264797507788 0.021806853582554516 0.012461059190031152 0.021806853582554516 0.021806853582554516 0.003115264797507788 0.021806853582554516 0.024922118380062305 0.009345794392523364 0.03115264797507788 0.006230529595015576 0.01557632398753894 0.03115264797507788 0.006230529595015576 0.003115264797507788 0.03115264797507788 0.012461059190031152 0.018691588785046728 0.018691588785046728 0.024922118380062305 0.009345794392523364 0.021806853582554516 0.028037383177570093 0.021806853582554516 0.028037383177570093 0.01557632398753894 0.018691588785046728 0.009345794392523364 0.003115264797507788 0.009345794392523364 0.028037383177570093 0.01557632398753894 0.024922118380062305 0.018691588785046728 0.028037383177570093 0.01557632398753894 0.018691588785046728 0.028037383177570093 0.028037383177570093 0.0 
0.003355704697986578 0.023489932885906048 0.01677852348993289 0.010067114093959733 0.020134228187919465 0.006711409395973156 0.030201342281879203 0.006711409395973156 0.020134228187919465 0.01677852348993289 0.013422818791946312 0.026845637583892624 0.020134228187919465 0.020134228187919465 0.01677852348993289 0.013422818791946312 0.020134228187919465 0.03355704697986578 0.013422818791946312 0.020134228187919465 0.003355704697986578 0.006711409395973156 0.020134228187919465 0.026845637583892624 0.023489932885906048 0.03355704697986578 0.010067114093959733 0.023489932885906048 0.020134228187919465 0.03355704697986578 0.03355704697986578 0.010067114093959733 0.010067114093959733 0.020134228187919465 0.013422818791946312 0.006711409395973156 0.03355704697986578 0.003355704697986578 0.020134228187919465 0.03355704697986578 0.010067114093959733 0.03355704697986578 0.023489932885906048 0.006711409395973156 0.03355704697986578 0.03355704697986578 0.006711409395973156 0.03355704697986578 0.013422818791946312 0.010067114093959733 0.003355704697986578 0.003355704697986578 0.006711409395973156 0.026845637583892624 0.013422818791946312 0.003355704697986578 0.0 
0.027210884353741485 0.010204081632653055 0.010204081632653055 0.01700680272108843 0.006802721088435371 0.02040816326530611 0.0034013605442176856 0.023809523809523798 0.03401360544217686 0.01700680272108843 0.013605442176870743 0.013605442176870743 0.02040816326530611 0.0034013605442176856 0.0034013605442176856 0.006802721088435371 0.027210884353741485 0.006802721088435371 0.006802721088435371 0.0034013605442176856 0.010204081632653055 0.023809523809523798 0.010204081632653055 0.01700680272108843 0.010204081632653055 0.03061224489795917 0.03061224489795917 0.013605442176870743 0.03401360544217686 0.010204081632653055 0.023809523809523798 0.023809523809523798 0.03061224489795917 0.03401360544217686 0.023809523809523798 0.0034013605442176856 0.0034013605442176856 0.03061224489795917 0.03061224489795917 0.03401360544217686 0.0034013605442176856 0.010204081632653055 0.0034013605442176856 0.023809523809523798 0.03401360544217686 0.0034013605442176856 0.0034013605442176856 0.010204081632653055 0.023809523809523798 0.03401360544217686 0.023809523809523798 0.02040816326530611 0.0034013605442176856 0.03401360544217686 0.03061224489795917 0.03401360544217686 0.0 
0.003215434083601285 0.02572347266881028 0.00643086816720257 0.02572347266881028 0.016077170418006423 0.009646302250803856 0.003215434083601285 0.016077170418006423 0.003215434083601285 0.02893890675241156 0.032154340836012846 0.01286173633440514 0.016077170418006423 0.022508038585208993 0.00643086816720257 0.01286173633440514 0.022508038585208993 0.02572347266881028 0.01929260450160771 0.016077170418006423 0.00643086816720257 0.009646302250803856 0.00643086816720257 0.01286173633440514 0.01929260450160771 0.01929260450160771 0.02572347266881028 0.032154340836012846 0.022508038585208993 0.00643086816720257 0.032154340836012846 0.022508038585208993 0.003215434083601285 0.02572347266881028 0.009646302250803856 0.01286173633440514 0.022508038585208993 0.022508038585208993 0.01929260450160771 0.01286173633440514 0.00643086816720257 0.00643086816720257 0.02893890675241156 0.02893890675241156 0.032154340836012846 0.009646302250803856 0.01929260450160771 0.022508038585208993 0.02893890675241156 0.022508038585208993 0.02893890675241156 0.02893890675241156 0.01929260450160771 0.00643086816720257 0.032154340836012846 0.009646302250803856 0.0 
0.013245033112582778 0.02980132450331125 0.026490066225165556 0.016556291390728475 0.026490066225165556 0.03311258278145695 0.02980132450331125 0.009933774834437085 0.023178807947019864 0.009933774834437085 0.026490066225165556 0.023178807947019864 0.01986754966887417 0.0033112582781456945 0.0033112582781456945 0.006622516556291389 0.006622516556291389 0.026490066225165556 0.02980132450331125 0.02980132450331125 0.0033112582781456945 0.02980132450331125 0.013245033112582778 0.03311258278145695 0.02980132450331125 0.0033112582781456945 0.013245033112582778 0.01986754966887417 0.023178807947019864 0.023178807947019864 0.009933774834437085 0.026490066225165556 0.0033112582781456945 0.016556291390728475 0.0033112582781456945 0.03311258278145695 0.0033112582781456945 0.006622516556291389 0.013245033112582778 0.013245033112582778 0.006622516556291389 0.03311258278145695 0.01986754966887417 0.01986754966887417 0.009933774834437085 0.023178807947019864 0.016556291390728475 0.0033112582781456945 0.009933774834437085 0.0033112582781456945 0.026490066225165556 0.026490066225165556 0.023178807947019864 0.009933774834437085 0.023178807947019864 0.02980132450331125 0.0 
0.0034965034965034956 0.010489510489510488 0.027972027972027965 0.0034965034965034956 0.013986013986013983 0.0034965034965034956 0.010489510489510488 0.03496503496503496 0.010489510489510488 0.006993006993006991 0.027972027972027965 0.01748251748251748 0.0034965034965034956 0.006993006993006991 0.02447552447552447 0.006993006993006991 0.027972027972027965 0.02447552447552447 0.02447552447552447 0.020979020979020976 0.031468531468531465 0.027972027972027965 0.027972027972027965 0.0034965034965034956 0.013986013986013983 0.031468531468531465 0.006993006993006991 0.031468531468531465 0.006993006993006991 0.031468531468531465 0.031468531468531465 0.010489510489510488 0.020979020979020976 0.01748251748251748 0.027972027972027965 0.020979020979020976 0.01748251748251748 0.031468531468531465 0.031468531468531465 0.006993006993006991 0.006993006993006991 0.010489510489510488 0.03496503496503496 0.0034965034965034956 0.006993006993006991 0.027972027972027965 0.013986013986013983 0.0034965034965034956 0.02447552447552447 0.006993006993006991 0.006993006993006991 0.02447552447552447 0.027972027972027965 0.010489510489510488 0.031468531468531465 0.01748251748251748 0.0 
0.010791366906474822 0.03237410071942447 0.0035971223021582744 0.007194244604316549 0.0035971223021582744 0.02517985611510792 0.021582733812949645 0.021582733812949645 0.0035971223021582744 0.010791366906474822 0.01798561151079137 0.010791366906474822 0.014388489208633098 0.03597122302158274 0.007194244604316549 0.01798561151079137 0.010791366906474822 0.03237410071942447 0.03597122302158274 0.01798561151079137 0.02517985611510792 0.02517985611510792 0.0035971223021582744 0.028776978417266195 0.010791366906474822 0.03597122302158274 0.021582733812949645 0.014388489208633098 0.01798561151079137 0.02517985611510792 0.0035971223021582744 0.0035971223021582744 0.010791366906474822 0.01798561151079137 0.007194244604316549 0.007194244604316549 0.021582733812949645 0.010791366906474822 0.03597122302158274 0.01798561151079137 0.007194244604316549 0.01798561151079137 0.01798561151079137 0.021582733812949645 0.014388489208633098 0.021582733812949645 0.03237410071942447 0.03237410071942447 0.010791366906474822 0.0035971223021582744 0.02517985611510792 0.007194244604316549 0.03597122302158274 0.03597122302158274 0.010791366906474822 0.01798561151079137 0.0 
0.016129032258064516 0.016129032258064516 0.025806451612903226 0.01935483870967742 0.00967741935483871 0.0032258064516129032 0.012903225806451613 0.016129032258064516 0.0064516129032258064 0.0064516129032258064 0.01935483870967742 0.0064516129032258064 0.02258064516129032 0.016129032258064516 0.01935483870967742 0.016129032258064516 0.01935483870967742 0.01935483870967742 0.03225806451612903 0.01935483870967742 0.0032258064516129032 0.01935483870967742 0.025806451612903226 0.00967741935483871 0.025806451612903226 0.0064516129032258064 0.01935483870967742 0.01935483870967742 0.0064516129032258064 0.025806451612903226 0.02903225806451613 0.0064516129032258064 0.00967741935483871 0.016129032258064516 0.016129032258064516 0.02258064516129032 0.016129032258064516 0.02903225806451613 0.0064516129032258064 0.03225806451612903 0.01935483870967742 0.012903225806451613 0.02258064516129032 0.016129032258064516 0.02903225806451613 0.0064516129032258064 0.02903225806451613 0.02903225806451613 0.01935483870967742 0.012903225806451613 0.025806451612903226 0.012903225806451613 0.025806451612903226 0.012903225806451613 0.02903225806451613 0.02903225806451613 0.0 
1.0 0.0 0.0 0.0 0.0 0.0 0.0 0.0 0.0 0.0 0.0 0.0 0.0 0.0 0.0 0.0 0.0 0.0 0.0 0.0 0.0 0.0 0.0 0.0 0.0 0.0 0.0 0.0 0.0 0.0 0.0 0.0 0.0 0.0 0.0 0.0 0.0 0.0 0.0 0.0 0.0 0.0 0.0 0.0 0.0 0.0 0.0 0.0 0.0 0.0 0.0 0.0 0.0 0.0 0.0 0.0 0.0 

emissions
0 0 0 0 0 0 0 0 0 0 0 0 0 0 0 0 0 0 0 0 0 0 0 0 0 0 0 0 0 0 0 0 0 0 0 0 0 0 0 0 0 0 0 0 0 0 0 0 0 0 0 0 0 0 0 0 1 
1 1 1 1 1 1 1 1 1 1 1 1 1 1 1 1 1 1 1 1 1 1 1 1 1 1 1 1 1 1 1 1 1 1 1 1 1 1 1 1 1 1 1 1 1 1 1 1 1 1 1 1 1 1 1 1 0 
