states
0 1 2 3 4 5 6 7 8 9 10 11 12 13 14 15 16 17 18 19 20 21 22 23 24 25 26 27 28 29 30 31 32 33 34 35 36 37 38 39 40 41 42 43 44 45 46 47 48 49 50 51 52 53 54 55 56 
labels
empty init 
initial
1.0 0.0 0.0 0.0 0.0 0.0 0.0 0.0 0.0 0.0 0.0 0.0 0.0 0.0 0.0 0.0 0.0 0.0 0.0 0.0 0.0 0.0 0.0 0.0 0.0 0.0 0.0 0.0 0.0 0.0 0.0 0.0 0.0 0.0 0.0 0.0 0.0 0.0 0.0 0.0 0.0 0.0 0.0 0.0 0.0 0.0 0.0 0.0 0.0 0.0 0.0 0.0 0.0 0.0 0.0 0.0 0.0
transitions
0.008670260107803234 0.0026500795023850715 0.03071092132763983 0.022070662119863596 0.0029100873026190782 0.01155034651039531 0.024830744922347672 0.019060571817154516 0.013940418212546376 0.007390221706651199 0.0185905577167315 0.01003030090902727 0.03157094712841385 0.021180635419062573 0.02302069062071862 0.0012400372011160334 0.005470164104923148 0.01824054721641649 0.030970929127873838 0.010100303009090272 0.004000120003600108 0.03130093902817085 0.005250157504725142 0.02706081182435473 0.002270068102043061 0.02409072272168165 0.009880296408892266 0.028860865825974778 0.012100363010890326 0.006090182705481164 0.03148094442833285 0.03150094502835085 0.01816054481634449 0.01676050281508445 0.025440763222896685 0.007280218406552196 0.027470824124723743 0.01629048871466144 0.009790293708811263 0.0041601248037441115 0.031720951628548856 0.02115063451903557 0.01967059011770353 0.01881056431692951 0.009590287708631259 0.012270368111043331 0.008280248407452222 0.028380851425542763 0.03030090902727082 0.02775083252497575 0.030190905727171816 0.011320339610188305 0.01744052321569647 0.032020960628818866 0.02640079202376071 0.020680620418612558 0.0005800174005220157 
0.01800981990180098 0.03003969960300397 0.029649703502964968 0.029579704202957968 0.012759872401275987 0.021109788902110977 0.010819891801081989 0.012239877601223987 0.011979880201197987 0.031139688603113967 0.022669773302266976 0.0033799662003379965 0.01892981070189298 0.002379976200237998 0.005759942400575994 0.003449965500344996 0.0024499755002449974 0.006319936800631993 0.01847981520184798 0.008429915700842991 0.011449885501144988 0.02787972120278797 0.01966980330196698 0.01946980530194698 0.021289787102128976 0.015819841801581982 0.014069859301406985 0.012889871101288987 0.02680973190268097 0.02838971610283897 0.01638983610163898 0.020439795602043977 0.015069849301506984 0.019019809801901977 0.03183968160318397 0.0042899571004289955 0.00892991070089299 0.0015099849001509985 0.024749752502474975 0.015529844701552983 0.03412965870341297 0.013099869001309987 0.017459825401745982 0.010809891901080988 0.01956980430195698 0.024629753702462974 0.02642973570264297 0.028379716202837968 0.013729862701372985 0.030689693103068967 0.010809891901080988 0.033119668803311964 0.021719782802171978 0.006379936200637993 0.010499895001049989 0.017279827201727983 0.026179738202617972 
0.010960109601096009 0.027830278302783024 0.015260152601526012 0.0014200142001420013 0.0006600066000660006 0.005470054700547004 0.014080140801408013 0.0025100251002510023 0.02119021190211902 0.026310263102631022 0.014320143201432012 0.029320293202932023 0.027570275702757024 0.016730167301673014 0.02439024390243902 0.02609026090260902 0.030920309203092026 0.008460084600846008 0.030670306703067026 0.014010140101401012 0.005130051300513004 0.029300293002930026 0.026200262002620024 0.006550065500655006 0.012380123801238012 0.013440134401344011 0.02865028650286502 0.031110311103111025 0.014580145801458012 0.009340093400934007 0.008200082000820008 0.02067020670206702 0.013850138501385011 0.028580285802858027 0.018340183401834013 0.030760307603076024 0.02386023860238602 0.02681026810268102 0.030020300203002028 0.005600056000560004 0.007980079800798005 0.016380163801638013 0.027720277202772026 0.01127011270112701 0.014520145201452013 0.026930269302693023 0.0005400054000540004 0.017710177101771016 0.027900279002790025 0.01172011720117201 0.02092020920209202 0.030170301703017023 0.02015020150201502 0.0010400104001040008 0.028300283002830023 0.004920049200492004 0.00028000280002800023 
0.035650356503565045 0.03126031260312604 0.005830058300583007 0.009410094100941012 0.020420204202042026 0.00827008270082701 0.009890098900989013 0.011300113001130013 0.00014000140001400017 0.013510135101351017 0.03123031230312304 0.010600106001060013 0.005190051900519007 0.010570105701057013 0.025970259702597035 0.020900209002090026 0.00025000250002500034 0.005970059700597007 0.034470344703447044 0.03222032220322204 0.02193021930219303 0.03045030450304504 0.01590015900159002 0.008240082400824012 0.030690306903069037 0.02866028660286604 0.017850178501785025 0.012170121701217016 0.025370253702537034 0.017210172101721023 0.006390063900639008 0.033200332003320045 0.014480144801448018 0.034630346303463046 0.004130041300413005 0.007720077200772011 0.01617016170161702 0.009980099800998012 0.03375033750337505 0.002110021100211003 0.025710257102571032 0.02298022980229803 0.01625016250162502 0.0047600476004760065 0.02412024120241203 0.014100141001410018 0.007060070600706009 0.00840008400084001 0.03278032780327804 0.018890188901889024 0.009550095500955012 0.029960299602996038 0.014280142801428017 0.018450184501845025 0.003830038300383005 0.027200272002720034 0.027590275902759035 
0.013330133301333013 0.009910099100991011 0.011450114501145012 0.00900009000090001 0.024310243102431024 0.003830038300383004 0.011110111101111013 0.00986009860098601 0.026930269302693027 0.013890138901389014 0.015730157301573018 0.0012700127001270013 0.02748027480274803 0.02829028290282903 0.02520025200252003 0.0054300543005430055 0.01913019130191302 0.01109011090110901 0.02747027470274703 0.031460314603146036 0.003540035400354004 0.021490214902149023 0.004430044300443005 0.030790307903079035 0.01740017400174002 0.030570305703057032 0.022600226002260023 0.018410184101841018 0.022650226502265024 0.00876008760087601 0.005250052500525006 0.006920069200692007 0.008050080500805008 0.02730027300273003 0.021590215902159024 0.012400124001240014 0.018940189401894018 0.03393033930339304 0.031460314603146036 0.021630216302163024 0.017820178201782017 0.0046800468004680055 0.010940109401094012 0.023080230802308026 0.005520055200552006 0.01895018950189502 0.02192021920219202 0.026130261302613027 0.03000030000300003 9.00009000090001e-05 0.02690026900269003 0.002690026900269003 0.013210132101321014 0.03398033980339804 0.016440164401644017 0.024030240302403024 0.02933029330293303 
0.028638854445822166 0.017129314827406903 0.026608935642574296 0.0037398504059837604 0.028478860845566174 0.03501859925602976 0.009819607215711372 0.014749410023599054 0.011789528418863245 0.01889924403023879 0.026028958841646334 0.004329826806927723 0.02672893084276629 0.023819047238110475 0.03296868125274989 0.0075596976120955155 0.02090916363345466 0.03563857445702172 0.024939002439902404 0.0018699252029918802 0.03193872245110196 0.0014799408023679053 0.017049318027278906 0.005689772409103636 0.02402903883844646 0.013879444822207111 0.007789688412463501 0.01596936122555098 0.00701971921123155 0.026798928042878284 0.0021299148034078634 0.0015799368025278988 0.025368985240590374 0.024909003639854408 0.027298908043678252 0.006699732010719571 0.00264989400423983 0.025438982440702373 0.007509699612015519 0.01421943122275109 0.0033698652053917844 0.03498860045598176 0.0037998480060797567 0.026968921243150274 0.02591896324147034 0.03424863005479781 0.03549858005679772 0.0031198752049918003 0.020839166433342667 0.030188792448302068 0.0028198872045118195 0.005559777608895644 0.000499980000799968 0.027428902843886244 0.018559257629694813 0.014009439622415102 0.023069077236910523 
0.002690053801076022 0.018250365007300148 0.006390127802556052 0.017200344006880138 0.01730034600692014 0.016980339606792138 0.027750555011100225 0.028820576411528232 0.012980259605192106 0.02963059261185224 0.014070281405628113 0.011220224404488091 0.0005800116002320047 0.025020500410008206 0.01974039480789616 0.011820236404728096 0.021590431808636176 0.006730134602692055 0.026170523410468213 0.02746054921098422 0.028710574211484232 0.012590251805036102 0.02580051601032021 0.012750255005100103 0.013300266005320107 0.029850597011940243 0.031010620212404253 0.03083061661233225 0.007500150003000061 0.03205064101282026 0.016650333006660138 0.00738014760295206 0.01967039340786816 0.011680233604672094 0.012740254805096104 0.027740554811096226 0.032030640612812265 0.026680533610672217 0.03155063101262026 0.018260365207304147 0.01958039160783216 0.0011400228004560093 0.028600572011440232 0.0014900298005960121 0.028400568011360233 0.005890117802356048 0.005620112402248046 0.02720054401088022 0.007160143202864058 0.00993019860397208 0.02057041140822817 0.0015100302006040122 0.017130342606852138 0.01601032020640413 0.024130482609652195 0.0042000840016800335 0.010260205204104084 
0.007579848403031939 0.022339553208935818 0.0250194996100078 0.033069338613227736 0.012179756404871902 0.018759624807503848 0.02107957840843183 0.005889882202355952 0.03138937221255574 0.012199756004879901 0.02700945981080378 0.004299914001719965 0.021779564408711823 0.01082978340433191 0.022739545209095813 0.004559908801823963 0.016679666406671866 0.020309593808123836 0.00871982560348793 0.021589568208635827 0.02321953560928781 0.025499490010199792 0.017869642607147854 0.017719645607087855 0.015579688406231874 0.031169376612467745 0.023679526409471807 0.0007199856002879941 0.006049879002419951 0.012699746005079896 0.03296934061318773 0.005539889202215955 0.03298934021319573 0.002949941001179976 0.004309913801723964 0.03091938161236775 0.012019759604807901 0.014299714005719884 0.021569568608627823 0.011609767804643905 0.009229815403691926 0.013879722405551888 0.0022099558008839824 0.020089598208035835 0.01965960680786384 0.01761964760704786 0.00862982740345193 0.03273934521309573 0.019999600007999836 0.030249395012099754 0.023059538809223814 0.024969500609987795 0.009529809403811923 0.031749365012699746 0.004459910801783964 0.012469750604987898 0.02804943901121977 
0.0213 0.00716 0.02824 0.00752 0.03288 0.00114 0.01099 0.0137 0.02962 0.01134 0.00068 0.00302 0.03113 0.03206 0.02394 0.03178 0.01634 0.02867 0.00733 0.01597 0.01301 0.00204 0.01294 0.00777 0.02483 0.01783 0.03265 0.0135 0.02014 0.01792 0.02738 0.01407 0.00258 0.01411 0.00719 0.02744 0.01619 0.02086 0.02981 0.01931 0.01804 0.01975 0.02674 0.02729 0.01225 0.03038 0.01474 0.02313 0.00273 0.01436 0.02893 0.01945 0.00473 0.00282 0.0084 0.01749 0.03239 
0.011330000000000002 0.026420000000000006 0.037570000000000006 0.018050000000000004 0.005000000000000001 0.016170000000000004 0.016060000000000005 0.031050000000000008 0.004380000000000001 0.010110000000000001 0.033490000000000006 0.034870000000000005 0.004370000000000001 0.033280000000000004 0.009600000000000001 0.014420000000000004 0.03765000000000001 0.03490000000000001 0.011260000000000001 0.008910000000000001 0.028380000000000006 0.022320000000000003 0.003320000000000001 0.007050000000000002 0.003050000000000001 0.03302000000000001 0.025640000000000007 0.021500000000000002 0.015210000000000003 0.014290000000000004 0.004940000000000001 0.007740000000000002 0.009750000000000002 0.020330000000000004 0.0021500000000000004 0.03146000000000001 0.003020000000000001 0.026920000000000006 0.006270000000000002 0.004400000000000001 0.021740000000000002 0.027220000000000008 0.003950000000000001 0.020860000000000004 0.014200000000000004 0.011390000000000003 0.011750000000000003 0.021940000000000005 0.030430000000000006 0.007470000000000002 0.023410000000000004 0.0029300000000000007 0.017950000000000004 0.035570000000000004 0.037450000000000004 0.007880000000000002 0.014210000000000004 
0.016510165101651014 0.008660086600866007 0.028300283002830023 0.003520035200352003 0.01115011150111501 0.026650266502665023 0.01212012120121201 0.022170221702217018 0.031150311503115025 0.018790187901879016 0.03812038120381203 0.0 0.030810308103081028 0.01246012460124601 0.032240322403224025 0.02250022500225002 0.02624026240262402 0.016380163801638013 0.027910279102791025 0.00035000350003500027 0.01929019290192902 0.03268032680326803 0.002450024500245002 0.023010230102301018 0.015490154901549013 0.014300143001430012 0.02624026240262402 0.02281022810228102 0.010960109601096009 0.001180011800118001 0.01681016810168101 0.025260252602526023 0.02197021970219702 0.002410024100241002 0.013580135801358011 0.014280142801428012 0.016580165801658015 0.021220212202122016 0.03196031960319603 0.011770117701177009 0.0035600356003560028 0.019150191501915017 0.02541025410254102 0.025750257502575022 0.015090150901509012 0.03532035320353203 0.017350173501735015 0.001450014500145001 0.021050210502105017 0.006360063600636005 0.01239012390123901 0.020890208902089015 0.019960199601996017 0.020230202302023017 0.013140131401314011 0.007820078200782007 0.004790047900479004 
0.015309999999999997 0.03710999999999999 0.03479999999999999 0.018589999999999995 0.007999999999999998 0.024759999999999994 0.022619999999999998 0.005049999999999999 0.020309999999999998 0.013459999999999996 0.005429999999999999 0.035579999999999994 0.016729999999999995 0.0024599999999999995 0.004219999999999999 0.021229999999999995 0.012429999999999997 0.021309999999999996 0.009039999999999998 0.032299999999999995 0.015939999999999996 0.0073799999999999985 0.008689999999999998 0.024969999999999992 0.0030299999999999993 0.013739999999999997 0.010949999999999998 0.003809999999999999 0.011449999999999998 0.033659999999999995 0.013139999999999997 0.005149999999999999 2.9999999999999994e-05 0.032459999999999996 0.007909999999999999 0.03418999999999999 0.03328999999999999 0.004699999999999999 0.03194999999999999 0.022709999999999998 0.0027799999999999995 0.008679999999999998 0.03660999999999999 0.025789999999999993 0.00032999999999999994 0.023279999999999995 0.016339999999999997 0.011899999999999997 0.008599999999999998 0.035039999999999995 0.025119999999999993 0.021819999999999996 0.030369999999999994 0.030129999999999994 0.010039999999999999 0.032029999999999996 0.0012499999999999998 
0.0036498905032849014 0.02256932292031239 0.009469715908522743 0.010739677809665709 0.006079817605471836 0.0035198944031679053 0.014289571312860615 0.02816915492535224 0.01186964391068268 0.017949461516154515 0.02039938801835945 0.013679589612311631 0.032429027129186126 0.02370928872133836 0.01004969850904473 0.011259662210133695 0.028729138125856223 0.02485925422237333 0.00812975610731678 0.03120906372808816 0.029559113226603203 0.014249572512824616 0.027849164525064248 0.005449836504904853 0.011379658610241693 0.02742917712468626 0.021579352619421416 0.019019429417117487 0.03263902082937512 0.026059218223453296 0.006949791506254812 0.0066598002059938205 0.024649260522184333 0.03267901962941112 0.029589112326630203 0.017939461816145516 0.020909372718818438 0.0004199874003779887 0.03129906102816916 0.0062198134055978325 0.006499805005849824 0.0008599742007739768 0.015829525114246575 0.024199274021779345 0.012799616011519655 0.027519174424767257 0.027619171424857255 0.005069847904562863 0.030579082627521174 0.017589472315830527 0.0040398788036358916 0.0012499625011249663 0.0023099307020789375 0.027919162425127247 0.027669169924902252 0.02487925362239133 0.01807945761627151 
0.03638890833275002 0.0037198884033479 0.026509204723858284 0.03357899263022109 0.020669379918602442 0.01262962111136666 0.0021799346019619414 0.01563953081407558 0.038838834834954955 0.019139425817225483 0.020259392218233453 0.0016199514014579562 0.025299241022769318 0.00815975520734378 0.018029459116226516 0.02827915162545124 0.0006199814005579833 0.0017099487015389539 0.00444986650400488 0.01184964451066468 0.01515954521364359 0.017359479215623533 0.00034998950031499054 0.016429507114786558 0.024349269521914345 0.030539083827485176 0.00813975580732578 0.004399868003959881 0.026569202923912284 0.006549803505894823 0.03369898903032909 0.007759767206983791 0.004059878203653891 0.016529504114876553 0.030539083827485176 0.02707918762437127 0.03547893563193104 0.014689559313220604 0.010619681409557713 0.02260932172034839 0.01444956651300461 0.03078907632771017 0.005609831705048849 0.024829255122346332 0.019069427917162485 0.005859824205273842 0.016309510714678562 0.024239272821815348 0.037218883433496996 0.018269451916442508 0.02749917502474926 0.004499865004049878 0.005539833804985851 0.020169394918152457 0.029909102726918192 0.021199364019079427 0.012059638210853674 
0.01752912354382281 0.014739263036848159 0.002459877006149693 0.007169641517924105 0.00431978401079946 0.014049297535123245 0.03358832058397081 0.010509474526273687 0.01289935503224839 0.024218789060546975 0.03151842407879606 0.01632918354082296 0.0007299635018249088 0.03144842757862107 0.014659267036648169 0.01803909804509775 0.018769061546922653 0.03387830608469577 0.0248087595620219 0.02329883505824709 0.026758662066896657 0.011969401529923505 0.022228888555572222 0.007669616519174042 0.028458577071146445 0.023658817059147047 0.02594870256487176 0.0008399580020998952 0.02474876256187191 0.028038598070096496 0.02302884855757212 0.007279636018199091 0.002539873006349683 0.03100844957752113 0.03389830508474577 0.004039798010099496 0.019509024548772562 0.018089095545222738 0.025428728563571826 0.029798510074496277 0.0057997100144992755 0.016159192040397983 0.012679366031698417 0.011479426028698567 0.016859157042147896 0.01698915054247288 0.01008949552522374 0.018669066546672667 0.024558772061396932 0.018939053047347634 0.01385930703464827 0.018939053047347634 0.010839458027098648 0.025108744562771866 0.016029198540072998 0.007549622518874057 0.005549722513874307 
0.0031800318003180035 0.034180341803418036 0.02656026560265603 0.01766017660176602 0.01784017840178402 0.02826028260282603 0.014820148201482015 0.014860148601486016 0.003820038200382004 0.030620306203062032 0.021180211802118022 0.00906009060090601 0.004180041800418004 0.004300043000430005 0.0012900129001290014 0.00912009120091201 0.022560225602256023 0.023830238302383025 0.010170101701017011 0.013010130101301014 0.02887028870288703 0.012210122101221013 0.006170061700617006 0.00033000330003300033 0.0009700097000970011 0.01854018540185402 0.015920159201592017 0.024680246802468025 0.03095030950309503 0.022840228402284023 0.03235032350323503 0.01874018740187402 0.006440064400644007 0.03137031370313704 0.01813018130181302 0.01895018950189502 0.034140341403414036 0.015280152801528016 0.012030120301203014 0.022130221302213024 0.029360293602936034 0.003920039200392004 2.0000200002000023e-05 0.03103031030310303 0.015330153301533016 0.023940239402394026 0.015030150301503016 0.031180311803118033 0.016160161601616017 0.030300303003030032 0.00913009130091301 0.01740017400174002 0.011170111701117012 0.00924009240092401 0.030020300203002035 0.02697026970269703 0.01825018250182502 
0.006360127202544049 0.02476049520990419 0.00644012880257605 0.0049000980019600375 0.01025020500410008 0.021020420408408163 0.020290405808116155 0.014480289605792111 0.030340606812136232 0.015400308006160119 0.006030120602412046 0.002980059601192023 0.030840616812336238 0.02040040800816016 0.03239064781295625 0.03374067481349626 0.02187043740874817 0.007060141202824054 0.029060581211624224 0.002240044800896017 0.010860217204344083 0.025750515010300196 0.02959059181183623 0.018530370607412142 0.018970379407588146 0.03224064481289624 0.0009500190003800073 0.006190123802476048 0.010540210804216082 0.02989059781195623 0.022460449208984174 0.007100142002840055 0.02952059041180823 0.018650373007460145 0.029730594611892227 0.033580671613432256 0.018630372607452143 0.012210244204884094 0.02738054761095221 0.03478069561391227 0.003530070601412027 0.019910398207964152 0.007870157403148061 0.016900338006760128 0.016900338006760128 0.005050101002020038 0.03245064901298025 0.0260705214104282 0.018480369607392143 0.00037000740014800284 0.010550211004220081 0.0037000740014800286 0.006040120802416046 0.02115042300846016 0.021180423608472165 0.020340406808136157 0.011090221804436085 
0.006770067700677005 0.00014000140001400012 0.014050140501405012 0.016370163701637012 0.008540085400854007 0.0019000190001900016 0.012250122501225012 0.020800208002080017 0.008740087400874006 0.030470304703047027 0.008820088200882007 0.01125011250112501 0.0013400134001340012 0.018610186101861017 0.022340223402234016 0.015910159101591013 0.016440164401644013 0.027730277302773023 0.006190061900619006 0.007300073000730006 0.02323023230232302 0.02572025720257202 0.008940089400894007 0.0023800238002380024 0.01230012300123001 0.0003200032000320003 0.016800168001680015 0.013440134401344011 0.028660286602866025 0.002760027600276002 0.03283032830328302 0.005410054100541004 0.02436024360243602 0.017300173001730014 0.030950309503095023 0.030990309903099027 0.031240312403124026 0.02503025030250302 0.015650156501565014 0.02558025580255802 0.02530025300253002 0.014910149101491013 0.006030060300603005 0.028600286002860024 0.02787027870278702 0.020170201702017016 0.027120271202712022 0.01090010900109001 0.02007020070200702 0.028070280702807024 0.025590255902559023 0.007250072500725006 0.026540265402654025 0.029370293702937027 0.015970159701597014 0.028200282002820022 0.028180281802818025 
0.016150484514535438 0.02398071942158265 0.023510705321159633 0.004710141304239127 0.01815054451633549 0.006060181805454164 0.02632078962368871 0.024580737422122665 0.02336070082102463 0.021300639019170575 0.003110093302799084 0.0030400912027360822 0.026120783623508705 0.005640169205076152 0.03198095942878287 0.030630918927567828 0.013640409212276368 0.01071032130963929 0.027680830424912747 0.00519015570467114 0.016520495614868444 0.009180275408262249 0.025540766222986688 0.008700261007830234 0.017860535816074483 0.010450313509405281 0.010200306009180276 0.008100243007290219 0.028010840325209757 0.001920057601728052 0.004130123903717111 0.026780803424102724 0.03263097892936788 0.031170935128053842 0.011350340510215306 0.033150994529835894 0.01915057451723552 0.02332069962098863 0.013160394811844355 0.03131093932817984 0.003820114603438103 0.009880296408892266 0.022020660619818597 0.02898086942608278 0.030950928527855835 0.028880866425992777 0.02261067832034961 0.0028400852025560765 0.0053801614048421455 0.029130873926217785 0.016330489914697443 0.0040401212036361095 0.012370371111133335 0.010810324309729292 0.023690710721321638 0.027900837025110755 0.011850355510665319 
0.026629467410651777 0.0037099258014839692 0.0007099858002839941 0.006339873202535947 0.0024199516009679794 0.002139957200855982 0.03478930421391571 0.030439391212175745 0.00726985460290794 0.019899602007959837 0.009079818403631923 0.020709585808283828 0.011649767004659903 0.019819603607927835 0.00838983220335593 0.007659846803063936 0.006439871202575946 0.00605987880242395 0.01788964220715585 0.025949481010379784 0.0117997640047199 0.028319433611327764 0.03514929701405971 0.027789444211115767 0.005829883402331952 0.02863942721145576 0.029099418011639757 0.0055698886022279535 0.023059538809223807 0.0010299794004119914 0.03325933481330372 0.021189576208475825 0.03003939921201575 0.0242395152096958 0.0007999840003199934 0.006259874802503947 0.027799444011119768 0.005349893002139955 0.021969560608787818 0.00482990340193196 0.030719385612287743 0.028449431011379762 0.0016999660006799856 0.019919601607967834 0.014799704005919878 0.011339773204535905 0.0014499710005799879 0.025579488410231783 0.030769384612307743 0.029159416811663754 0.028369432611347764 0.03132937341253173 0.010579788404231913 0.03421931561368771 0.03376932461350772 0.02489950200995979 0.0029299414011719756 
0.012640379211376342 0.0030900927027810838 0.01960058801764053 0.013960418812564379 0.01590047701431043 0.013460403812114365 0.027440823224696743 0.022330669920097603 0.011690350710521318 0.008340250207506226 0.03164094922847686 0.024910747322419675 0.00440013200396012 0.01769053071592148 0.019980599417982543 0.015590467714031423 0.030390911727351824 0.022060661819854596 0.03273098192945789 0.011670350110503316 0.028270848125443764 0.010990329709891297 0.010110303309099273 0.010900327009810295 0.02800084002520076 0.0034901047031410948 0.014460433813014392 0.027800834025020753 0.029680890426712805 0.020840625218756566 0.033701011030330914 0.00220006600198006 0.009690290708721263 0.011680350410512316 0.006540196205886177 0.013900417012510376 0.02556076682300469 0.027420822624678744 0.00515015450463514 0.004880146404392132 0.0332709981299439 0.005770173105193156 0.014980449413482406 0.009170275108253247 0.021290638719161578 0.024480734422032663 0.010440313209396283 0.013240397211916359 0.03145094352830585 0.027180815424462736 0.02542076262287869 0.03205096152884587 0.020320609618288552 0.011640349210476315 0.008910267308019242 0.010500315009450286 0.015090452713581408 
0.025498980040798373 0.02395904163833447 0.005839766409343627 0.03422863085476581 0.004359825606975722 0.013599456021759132 0.030798768049278037 0.02413903443862246 0.009379624815007401 0.01581936722531099 0.016309347626094962 0.002489900403983841 0.023119075236990527 0.017739290428382865 0.008079676812927485 0.013409463621455144 0.03351865925362986 0.0015599376024959003 0.014599416023359069 0.02568897244110236 0.020949162033518664 0.023419063237470505 0.0039698412063517464 0.003959841606335748 0.032778688852445906 0.026438942442302313 0.011339546418143276 0.008669653213871448 0.018269269229230837 0.011929522819087239 0.02444902203911844 0.030438782448702056 0.025638974441022363 0.028328866845326192 0.02944882204711812 0.001159953601855926 0.016629334826606938 0.011189552417903287 0.014959401623935045 0.009649614015439385 0.02428902843886245 0.02585896564137435 0.022639094436222557 0.02212911483540659 0.010069597216111358 0.027798888044478224 0.02176912923483061 0.004089836406543739 0.023439062437502503 0.013379464821407146 0.001269949202031919 0.005229790808367667 0.014469421223151077 0.02002919883204672 0.025988960441582342 0.019649214031438746 0.020149194032238714 
0.028241412070603537 0.013840692034601733 0.010810540527026354 0.0035201760088004407 0.029271463573178665 0.027011350567528382 0.03098154907745388 0.029671483574178713 0.009870493524676236 0.018750937546877348 0.029221461073053658 0.02803140157007851 0.011630581529076455 0.03083154157707886 0.027761388069403477 0.013800690034501727 0.003610180509025452 0.004340217010850544 0.025341267063353174 0.02436121806090305 0.03206160308015401 0.00887044352217611 0.029421471073553685 0.00910045502275114 0.008740437021851094 0.02069103455172759 0.006750337516875845 0.0017700885044252218 0.015940797039851996 0.019880994049702488 0.0271613580679034 0.022531126556327823 0.012010600530026503 0.02123106155307766 0.00966048302415121 0.01421071053552678 0.02834141707085355 0.005130256512825643 0.019530976548827444 0.005640282014100707 0.002110105505275264 0.022781139056952854 0.012790639531976601 0.0026301315065753294 0.020201010050502528 0.006670333516675835 0.0311315565778289 0.03101155057752888 0.012590629531476577 0.03192159607980399 0.026691334566728342 0.001030051502575129 0.016030801540077005 0.004510225511275565 0.02187109355467774 0.005280264013200661 0.031171558577928905 
0.02923941521169576 0.011919761604767903 0.014829703405931878 0.021529569408611827 0.00866982660346793 0.006459870802583947 0.003799924001519969 0.028609427811443766 0.012839743205135897 0.027909441811163775 0.007819843603127936 0.03378932421351573 0.03376932461350773 0.019059618807623847 0.011489770204595906 0.005419891602167957 0.003829923401531969 0.006339873202535948 0.030069398612027756 0.014059718805623886 0.009129817403651925 0.01584968300633987 0.03088938221235575 0.011989760204795903 0.03348933021339573 0.008159836803263935 0.014939701205975878 0.016609667806643864 0.027789444211115774 0.003829923401531969 0.029099418011639764 0.02165956680866382 0.022729545409091816 0.027429451410971778 0.025139497210055796 0.016039679206415868 0.01353972920541589 0.03157936841263174 0.025469490610187794 0.013209735805283892 0.0005099898002039959 0.025409491810163793 0.022959540809183814 0.01822963540729185 0.018109637807243853 0.00016999660006799863 0.023079538409231812 0.0050298994020119584 0.011299774004519907 0.01992960140797184 0.025189496210075796 0.019969600607987838 0.03168936621267575 0.0031099378012439745 0.030139397212055757 0.009149817003659926 0.005999880002399952 
0.027650000000000004 0.034260000000000006 0.023540000000000002 0.0048400000000000006 0.0009400000000000001 0.0036500000000000005 0.021170000000000005 0.030450000000000005 0.0034600000000000004 0.03400000000000001 0.007600000000000001 0.004690000000000001 0.03547000000000001 0.03406000000000001 0.004860000000000001 0.019350000000000003 0.029970000000000004 0.022900000000000004 0.027620000000000002 0.024450000000000003 0.004930000000000001 0.026660000000000003 0.008030000000000002 0.016870000000000003 0.012350000000000002 0.015250000000000001 0.018740000000000003 0.028930000000000004 0.009760000000000001 0.025680000000000005 0.032920000000000005 0.017010000000000004 0.004420000000000001 0.017390000000000003 0.019050000000000004 0.03542000000000001 0.010020000000000001 0.015580000000000002 0.021340000000000005 0.015030000000000002 0.0022100000000000006 0.005640000000000001 0.0076100000000000004 0.0063300000000000006 0.010090000000000002 0.0026000000000000003 0.030570000000000003 0.020030000000000003 0.0006100000000000001 0.032380000000000006 0.020280000000000003 0.025700000000000004 0.016360000000000003 0.0061200000000000004 0.0036800000000000005 0.024170000000000004 0.03531000000000001 
0.00948962041518339 0.015019399224031036 0.023149074037038513 0.016119355225790964 0.006489740410383583 0.019779208831646727 0.03678852845886164 0.031078756849726004 0.03136874525018998 0.0056597736090556365 0.01150953961841526 0.01338946442142314 0.003859845606175752 0.012799488020479179 0.00979960801567937 0.008219671213151472 0.02738890444382224 0.0028998840046398134 0.007069717211311545 0.017919283228670847 0.02583896644134234 0.02425902963881444 0.02719891204351825 0.016529338826446936 0.007149714011439541 0.007409703611855524 0.03663853445862164 0.025988960441582328 0.020329186832526696 0.03396864125434982 0.0076096956121755105 0.009079636814527416 0.031278748850045994 0.035058597656093746 0.01970921163153473 0.015359385624575013 0.03461861525538977 0.005269789208431662 0.023409063637454496 0.004299828006879724 0.02586896524139034 0.0062097516099356015 0.01336946522139114 0.012029518819247229 0.015579376824926999 0.025298988040478372 0.015429382824687008 0.03376864925402983 0.0041998320067197295 0.004919803207871684 0.00979960801567937 0.01947922083116675 0.0109095636174553 0.019189232430702766 0.010709571617135313 0.01883924643014279 0.033598656053757836 
0.03644036440364404 0.026410264102641027 0.015140151401514017 0.011590115901159012 0.0012500125001250013 0.02003020030200302 0.013000130001300013 0.004810048100481005 0.0042000420004200045 0.026860268602686026 0.01778017780177802 0.016560165601656015 0.016130161301613016 0.03447034470344704 0.0022000220002200027 0.0023400234002340027 0.025020250202502026 0.01792017920179202 0.01986019860198602 0.01924019240192402 0.0020600206002060026 0.004420044200442005 0.036840368403684036 0.01863018630186302 0.013720137201372015 0.01746017460174602 0.027380273802738032 0.002620026200262003 0.02740027400274003 0.03622036220362204 0.013450134501345015 0.011010110101101013 0.0027300273002730025 0.035410354103541035 0.014870148701487016 0.027900279002790032 0.01918019180191802 0.004910049100491006 0.006300063000630007 0.03615036150361504 0.02836028360283603 0.001150011500115001 0.019050190501905023 0.03559035590355904 0.004640046400464005 0.0035000350003500037 0.03492034920349204 0.025410254102541024 0.019840198401984022 0.00042000420004200046 0.010380103801038012 0.010310103101031011 0.03199031990319903 0.035860358603586044 0.019970199701997024 0.004550045500455005 0.02414024140241403 
0.021480214802148026 0.01583015830158302 0.014280142801428017 0.006490064900649009 0.011420114201142015 0.026760267602676035 0.015270152701527021 0.034240342403424044 0.012870128701287016 0.020760207602076027 0.0012700127001270018 0.01749017490174902 0.02920029200292004 0.025250252502525033 0.018020180201802023 0.0001500015000150002 0.012250122501225017 0.034510345103451044 0.028580285802858037 0.012820128201282015 0.026360263602636037 0.01532015320153202 0.03429034290342905 0.030280302803028042 0.02373023730237303 0.029180291802918038 0.008340083400834012 0.006770067700677009 0.012820128201282015 0.027670276702767036 0.00017000170001700023 0.006210062100621009 0.006840068400684009 0.011840118401184015 0.02177021770217703 0.011370113701137014 0.020600206002060025 0.009370093700937013 0.024430244302443033 0.034220342203422044 4.000040000400005e-05 0.02280022800228003 0.02321023210232103 0.03396033960339604 0.020940209402094026 0.02425024250242503 0.019010190101901022 0.013630136301363017 0.009890098900989013 0.01645016450164502 0.009880098800988012 0.010530105301053014 0.0011300113001130013 0.027260272602726034 0.03408034080340804 0.012340123401234016 7.000070000700009e-05 
0.030171508575428763 0.02197109855492774 0.0009400470023501172 0.012510625531276562 0.0256312815640782 0.01802090104505225 0.023181159057952892 0.016480824041202057 0.022461123056152804 0.017340867043352165 0.02994149707485374 0.017460873043652177 0.018870943547177357 0.02454122706135306 0.015450772538626928 0.03132156607830391 0.006290314515725784 0.015240762038101902 0.024731236561828084 0.029561478073903687 0.009740487024351216 0.005470273513675682 0.008570428521426069 0.0216610830541527 0.032731636581829086 0.02611130556527826 0.0176508825441272 0.004440222011100554 0.007980399019950995 0.01658082904145207 0.032001600080003995 0.010230511525576276 0.03212160608030401 0.03242162108105404 0.01233061653082654 0.003080154007700384 0.0027701385069253456 0.007090354517725885 0.004070203510175507 0.005460273013650681 0.019020951047552373 0.01947097354867743 0.02767138356917845 0.01234061703085154 0.026421321066053296 0.01275063753187659 0.006670333516675832 0.0002600130006500324 0.029051452572628624 0.018860943047152353 0.02027101355067753 0.008460423021151057 0.02868143407170358 0.02994149707485374 0.03390169508475423 0.004180209010450521 0.007410370518525925 
0.03285967140328597 0.03525964740352596 0.012319876801231986 0.0062699373006269935 0.0026499735002649973 0.0017199828001719982 0.02965970340296597 0.01063989360106399 0.01914980850191498 0.033719662803371964 0.023129768702312977 0.02608973910260897 0.005669943300566993 0.027049729502704973 0.013499865001349986 0.012759872401275987 0.0006999930000699992 0.015509844901550983 0.03081969180308197 0.02798972010279897 0.0007599924000759993 0.02753972460275397 0.013939860601393985 0.001929980700192998 0.01851981480185198 0.010849891501084988 0.004829951700482995 0.02160978390216098 0.01059989400105999 0.032839671603283965 0.006489935100648993 0.0052799472005279945 0.02775972240277597 0.03195968040319597 0.0007599924000759993 0.014269857301426984 0.022719772802271977 0.03252967470325297 0.025519744802551973 0.026129738702612974 0.03287967120328796 0.027379726202737972 0.03474965250347497 0.0016199838001619983 0.03146968530314696 0.005099949000509995 0.02723972760272397 0.01974980250197498 0.02455975440245597 0.005959940400595993 0.007839921600783992 0.029979700202997967 0.0055699443005569945 0.01859981400185998 0.006159938400615993 0.0061299387006129935 0.010709892901070989 
0.026949730502694974 0.030259697403025965 0.02801971980280197 0.00958990410095899 0.003969960300396995 0.011689883101168988 0.029049709502904968 0.025919740802591972 0.02742972570274297 0.010789892101078988 0.003849961500384996 0.02872971270287297 0.02928970710292897 0.020819791802081978 0.02894971050289497 0.010219897801021989 0.01003989960100399 0.02980970190298097 0.003959960400395996 0.025629743702562973 0.024079759202407975 0.02031979680203198 0.0023399766002339976 0.005019949800501995 0.02057979420205798 0.026329736702632972 0.02917970820291797 0.030609693903060967 0.0017099829001709982 0.014809851901480984 0.002949970500294997 0.013139868601313987 0.02749972500274997 0.0008199918000819991 0.008549914500854992 0.013099869001309987 0.01677983220167798 0.020859791402085978 0.027649723502764973 0.01948980510194898 0.006509934900650993 0.01733982660173398 0.002589974100258997 0.021939780602193978 0.01009989900100999 0.0071099289007109925 0.02791972080279197 0.02900970990290097 0.026369736302636972 0.008249917500824992 0.022639773602263977 0.015349846501534984 0.013919860801391985 0.02564974350256497 0.002779972200277997 0.02060979390206098 0.021129788702112975 
0.029361174446977882 0.00018000720028801153 0.02450098003920157 0.0010100404016160646 0.02560102404096164 0.009020360814432579 0.01544061762470499 0.0020200808032321293 0.03409136365454619 0.006390255610224409 0.002560102404096164 0.024040961638465537 0.016350654026161048 0.0029901196047841913 0.004640185607424297 0.025861034441377658 0.0328113124524981 0.035401416056642265 0.022960918436737473 0.028161126445057805 0.018680747229889196 0.023040921636865476 0.022060882435297413 0.0021200848033921357 0.020700828033121326 0.01312052482099284 0.03473138925557022 0.013780551222048883 0.012050482019280771 0.009470378815152605 0.03727149085963438 0.027281091243649747 0.03376135045401816 0.006140245609824393 0.03342133685347414 0.0068302732109284375 0.022320892835713427 0.02139085563422537 0.01855074202968119 0.0013600544021760872 0.010240409616384656 0.01595063802552102 0.015270610824432979 0.011280451218048722 0.0013600544021760872 0.03603144125765031 0.029311172446897876 0.024080963238529544 0.006260250410016401 0.009460378415136606 0.024410976439057566 0.02040081603264131 0.034581383255330216 0.0036601464058562344 0.017890715628625146 0.014610584423376935 0.0037201488059522385 
0.0013800276005520105 0.023180463609272176 0.0034800696013920266 0.024730494609892188 0.03204064081281625 0.015920318406368122 0.027750555011100214 0.027680553611072214 0.012310246204924094 0.030590611812236233 0.004870097401948038 0.002040040800816016 0.03171063421268425 0.008170163403268062 0.004720094401888037 0.030710614212284236 0.012500250005000097 0.01043020860417208 0.02205044100882017 0.004960099201984038 0.01031020620412408 0.01184023680473609 0.0037400748014960288 0.018530370607412142 0.011210224204484085 0.0260905218104362 0.018610372207444145 0.03268065361307225 0.02094041880837616 0.021430428608572166 0.011980239604792092 0.02975059501190023 0.020270405408108157 0.022880457609152176 0.02985059701194023 0.01052021040420808 0.020070401408028155 0.0256905138102762 0.009580191603832073 0.004400088001760034 0.031920638412768244 0.032220644412888244 0.019090381807636145 0.008760175203504068 0.009630192603852073 0.01674033480669613 0.030600612012240232 0.00387007740154803 0.007110142202844055 0.03249064981299625 0.016090321806436124 0.008200164003280063 0.025050501010020192 0.03201064021280424 0.0075801516030320586 0.0014500290005800111 0.025580511610232195 
0.01000969970900873 0.017409477715668528 0.029939101826945192 0.014389568312950612 0.02006939791806246 0.029249122526324212 0.02145935621931342 0.007739767806965792 0.03313900582982511 0.014779556613301601 0.01924942251732448 0.011259662210133695 0.02823915282541524 0.020609381718548443 0.012199634010979671 0.01556953291401258 0.011889643310700679 0.035488935331940044 0.034568962931112064 0.004569862904112877 0.007739767806965792 0.019099427017189485 0.014039578812635622 0.0031099067027989162 0.02332930012099637 0.03416897493075208 0.01626951191464256 0.005019849404517864 0.0002799916002519924 0.001189964301070968 0.004759857204283872 0.029719108426747198 0.0110996670099897 0.022749317520474387 0.002339929802105937 0.014159575212743618 0.033868983930482086 0.018099457016289514 0.026879193624191278 0.008319750407487775 0.014669559913202604 0.003039908802735918 0.023899283021509357 0.030519084427467175 0.006419807405777828 0.021339359819205424 0.0016199514014579562 0.01148965531034069 0.006639800805975821 0.024969250922472326 0.015899523014309573 0.022109336719898405 0.02366928992130236 0.013199604011879643 0.029059128226153214 0.03463896083117506 0.028749137525874227 
0.027560551211024218 0.018770375407508148 0.003430068601372027 0.01757035140702814 0.010380207604152083 0.006530130602612052 0.022520450409008175 0.008190163803276064 0.014380287605752114 0.008180163603272065 0.020480409608192165 0.03126062521250425 0.0004100082001640032 0.024680493609872196 0.016990339806796137 0.018450369007380146 0.023460469209384188 0.014120282405648112 0.03404068081361627 0.010660213204264083 0.0256605132102642 0.018080361607232143 0.030030600612012237 0.02375047500950019 0.0011700234004680093 0.0016300326006520127 0.01872037440748815 0.008230164603292064 0.003380067601352027 0.017460349206984138 0.028700574011480226 0.015010300206004119 0.031200624012480246 0.00012000240004800096 0.011020220404408088 0.03477069541390828 0.024680493609872196 0.025030500610012198 0.0033600672013440265 0.0029400588011760233 0.022130442608852174 0.025680513610272203 0.024090481809636192 0.015230304606092121 0.014770295405908117 0.016930338606772136 0.036300726014520286 0.03200064001280025 0.016120322406448128 0.005730114602292045 0.005410108202164043 0.002860057201144023 0.009350187003740075 0.0374407488149763 0.03160063201264025 0.025510510210204205 0.02183043660873217 
0.00035999640003599973 0.015379846201537987 0.03192968070319297 0.01562984370156299 0.03373966260337397 0.02349976500234998 0.0020099799002009982 0.004909950900490996 0.027679723202767976 0.0004899951000489996 0.01186988130118699 0.015909840901590987 0.027499725002749976 0.0029599704002959974 0.027569724302756976 0.030289697103028975 0.012729872701272989 0.002599974000259998 0.019159808401915984 0.01085989140108599 0.017919820801791983 0.029129708702912975 0.031459685403145976 0.018999810001899983 0.031039689603103975 0.005169948300516996 0.026259737402625976 0.004079959200407997 0.01394986050139499 0.0016799832001679986 0.014599854001459987 0.006629933700662994 0.0020199798002019983 0.025559744402555977 0.016319836801631987 0.03398966010339897 0.019869801301986983 0.026229737702622977 0.025479745202547976 0.02331976680233198 0.00941990580094199 0.022039779602203984 0.02367976320236798 0.015909840901590987 0.03229967700322998 0.002239977600223998 0.013829861701382989 0.018399816001839986 0.010099899001009991 0.02467975320246798 0.008369916300836994 0.0065699343006569945 0.021539784602153982 0.025229747702522978 0.028789712102878975 0.022109778902210983 0.02400975990240098 
0.02098979010209898 0.030079699203007966 0.013149868501314986 0.03390966090339097 0.011579884201157988 0.021009789902100978 0.007739922600773992 0.03376966230337697 0.013989860101398986 0.014339856601433986 0.01892981070189298 0.03452965470345296 0.0010699893001069989 0.010849891501084988 0.013179868201317987 0.012739872601273987 0.032919670803291966 0.004269957300426996 0.030289697103028968 0.004369956300436995 0.025599744002559974 0.014359856401435984 0.012489875101248986 0.03639963600363996 0.036129638703612965 0.028719712802871968 0.0004999950000499994 0.022869771302286977 0.0031199688003119967 0.03400965990340096 0.022999770002299975 0.030719692803071966 0.036289637103628966 0.005389946100538994 0.0039999600003999955 0.03666963330366696 0.0021499785002149978 0.01059989400105999 0.020589794102058977 0.033289667103328965 0.020889791102088977 0.02124978750212498 0.009469905300946988 0.0006799932000679993 0.023039769602303976 0.032149678503214964 0.015509844901550983 0.0013099869001309986 0.009439905600943991 0.011489885101148989 0.010309896901030988 0.01714982850171498 0.02047979520204798 0.0006999930000699992 0.001189988100118999 0.020209797902020977 0.004129958700412995 
0.014790295805916119 0.029820596411928243 0.003940078801576032 0.007160143202864058 0.0053001060021200435 0.014230284605692116 0.02070041400828017 0.021400428008560173 0.027750555011100225 0.007330146602932059 0.00748014960299206 0.02687053741074822 0.023180463609272187 0.025010500210004203 0.027700554011080226 0.03057061141222825 0.021570431408628174 0.026160523210464214 0.02123042460849217 0.0024100482009640194 0.006040120802416049 0.004000080001600032 0.02842056841136823 0.006140122802456049 0.030550611012220247 0.012060241204824098 0.005480109602192044 0.024030480609612194 0.03073061461229225 0.030400608012160248 0.014980299605992122 0.016550331006620133 0.0017500350007000143 0.01103022060441209 0.013950279005580114 0.008940178803576072 0.0028900578011560236 0.01469029380587612 0.025580511610232205 0.014450289005780118 0.028380567611352228 0.021500430008600174 0.005900118002360048 0.016730334606692134 0.030230604612092246 0.02085041700834017 0.026300526010520214 0.0036400728014560294 0.025300506010120204 0.02059041180823617 0.003610072201444029 0.028710574211484232 0.01860037200744015 0.008360167203344067 0.029950599011980245 0.02112042240844817 0.022950459009180187 
0.010200000000000002 0.0035600000000000002 0.032920000000000005 0.014130000000000002 0.03441000000000001 0.024000000000000004 0.021720000000000003 0.0038300000000000005 0.03168000000000001 0.010660000000000001 0.021120000000000003 0.022280000000000005 0.030250000000000003 0.014160000000000002 0.03273000000000001 0.0012600000000000003 0.0030600000000000002 0.006250000000000001 0.03474000000000001 0.035590000000000004 0.022580000000000003 0.0036300000000000004 0.030310000000000004 0.006050000000000001 0.0015300000000000001 0.027090000000000003 0.029700000000000004 0.025300000000000003 0.023150000000000004 0.009580000000000002 0.012330000000000002 0.0005200000000000001 0.013110000000000002 0.023010000000000003 0.010270000000000001 0.0037400000000000003 9.000000000000002e-05 0.024570000000000005 0.03257000000000001 0.023630000000000005 0.032720000000000006 0.029960000000000004 0.029470000000000003 0.014350000000000002 0.018190000000000005 0.012550000000000002 0.008970000000000002 0.003940000000000001 0.029400000000000003 0.012290000000000002 0.010630000000000002 0.019790000000000002 0.021240000000000002 0.0013300000000000002 0.013900000000000001 0.025790000000000004 0.004170000000000001 
0.00020999580008399825 0.02018959620807583 0.0007599848003039937 0.011059778804423909 0.0236895262094758 0.01598968020639587 0.005319893602127956 0.03453930921381571 0.028019439611207765 0.018429631407371843 0.029389412211755755 0.0015399692006159871 0.013329733405331888 0.004299914001719964 0.017529649407011853 0.01442971140577188 0.02781944361112777 0.024529509409811794 0.0028999420011599757 0.025279494410111788 0.02996940061198775 0.010479790404191912 0.030159396812063748 0.019719605607887835 0.019449611007779834 0.014109717805643882 0.015009699806003876 0.022919541609167808 0.0011299774004519905 0.010049799004019916 0.024419511609767797 0.01773964520709585 0.01556968860622787 0.02893942121157576 0.005539889202215953 0.03277934441311172 0.01418971620567588 0.029529409411811754 0.015969680606387867 0.001319973600527989 0.002119957600847982 0.014879702405951876 0.028509429811403763 0.03145937081258374 0.009999800003999916 0.022149557008859816 0.02797944041119177 0.016249675006499865 0.022969540609187808 0.008529829403411928 0.01669966600667986 0.010289794204115915 0.012089758204835899 0.015119697606047873 0.027779444411111767 0.026879462410751776 0.028049439011219764 
0.00962990370096299 0.008459915400845992 0.026669733302666972 0.01884981150188498 0.020019799802001977 0.004459955400445996 0.008719912800871992 0.022489775102248977 0.003559964400355996 0.02119978800211998 0.022899771002289977 0.02615973840261597 0.03143968560314397 0.002409975900240997 0.009609903900960991 0.030159698403015966 0.004399956000439995 0.02015979840201598 0.02683973160268397 0.01975980240197598 0.01679983200167998 0.004549954500454995 0.00810991890081099 0.025929740702592973 0.006679933200667993 0.005059949400505995 0.011489885101148989 0.0025699743002569973 0.021379786202137978 0.001969980300196998 0.03052969470305297 0.03104968950310497 0.012889871101288987 0.02850971490285097 0.030539694603053967 0.024829751702482975 0.013739862601373986 0.008629913700862992 0.025119748802511974 0.007019929800701993 0.004599954000459995 0.008289917100828992 0.02807971920280797 0.023519764802351975 0.01941980580194198 0.01772982270177298 0.03014969850301497 0.01033989660103399 0.024329756702432974 0.026439735602643972 0.023859761402385975 0.010479895201047989 0.015429845701542983 0.015329846701532984 0.02961970380296197 0.027209727902720974 0.02987970120298797 
0.028859134225973228 0.023609291721248368 0.013729588112356632 0.013559593212203637 0.010399688009359722 0.001709948701538954 0.02309930702078938 0.025249242522724327 0.020089397318080463 0.02275931722048339 0.010019699409017731 0.003019909402717919 0.020629381118566447 0.02500924972250833 0.014159575212743622 0.02685919422417328 0.004379868603941883 0.005549833504994852 0.029259122226333218 0.01800945971620852 0.020799376018719444 0.02924912252632422 0.010489685309440718 0.015459536213913586 0.004779856604301872 0.01936941891743248 0.030459086227413185 0.0021099367018989432 0.020259392218233457 0.030339089827305186 0.010529684109476719 0.001349959501214964 0.003929882103536895 0.002279931602051939 0.018079457616271517 0.02536923892283232 0.01637950861474156 0.02309930702078938 0.028319150425487244 0.02654920352389429 0.01728948131556054 0.022839314820555387 0.01460956171314861 0.0035698929032129045 0.014069577912662622 0.02915912522624322 0.028269151925442243 0.021509354719358425 0.02954911352659421 0.019179424617261485 0.011479655610331693 0.021879343619691415 0.02454926352209434 0.009759707208783738 0.018109456716298516 0.0186594402167935 0.016359509214723563 
0.013920139201392017 0.004120041200412006 0.006950069500695009 0.028910289102891038 0.001700017000170002 0.006700067000670009 0.00841008410084101 0.03333033330333304 0.024230242302423034 0.01629016290162902 0.0035000350003500046 0.02420024200242003 0.004680046800468006 0.01515015150151502 0.017370173701737022 0.021040210402104027 0.0033500335003350044 0.013040130401304017 0.02369023690236903 0.02227022270222703 0.013890138901389017 0.02465024650246503 0.010040100401004013 0.03159031590315904 0.03523035230352304 0.02288022880228803 0.03518035180351805 0.010140101401014012 0.02396023960239603 0.005490054900549007 0.014090140901409018 0.02388023880238803 0.024700247002470033 0.00802008020080201 0.03541035410354104 0.00794007940079401 0.003570035700357004 0.020730207302073027 0.020810208102081024 0.019540195401954022 0.008470084700847012 0.03194031940319404 0.024500245002450034 0.02975029750297504 0.03011030110301104 0.033760337603376045 0.014820148201482019 0.017790177901779024 0.009900099000990014 0.01567015670156702 0.010790107901079014 0.006690066900669009 0.003280032800328004 0.021650216502165028 0.035280352803528044 0.01729017290172902 0.003710037100371005 
0.015790473714211422 0.009130273908217244 0.02834085022550676 0.0063101893056791685 0.03510105303159094 0.030060901827054804 0.009940298208946265 0.0016300489014670436 0.03498104943148293 0.018170545116353486 0.019690590717721525 0.0223606708201246 0.020610618318549552 0.0004300129003870115 0.002870086102583077 0.027380821424642734 0.011740352210566315 0.01987059611788353 0.002400072002160064 0.03195095852875585 0.027580827424822738 0.021440643219296573 0.014680440413212393 0.004740142204266127 0.00709021270638119 0.0149504485134554 0.030810924327729826 0.015730471914157423 0.001680050401512045 0.02122063661909857 0.006490194705841174 0.03099092972789183 0.012120363610908324 0.02022060661819854 0.0021500645019350575 0.031920957628728854 0.01534046021380641 0.027190815724471726 0.026860805824174716 0.015460463813914414 0.0012400372011160332 0.021850655519665585 0.011110333309999297 0.03020090602718081 0.012040361210836322 0.004780143404302128 0.015590467714031418 0.018110543316299486 0.029970899126973802 0.00976029280878426 0.019640589217676526 0.030800924027720826 0.03210096302889086 0.021980659419782587 0.015470464113923414 0.02051061531845955 0.007410222306669198 
0.03143968560314397 0.02824971750282497 0.003389966100338996 0.012629873701262987 0.00893991060089399 0.032609673903260965 0.0015799842001579982 0.012319876801231986 0.024629753702462974 0.01929980700192998 0.028009719902800972 0.001029989700102999 0.026109738902610972 0.0015199848001519985 0.024509754902450973 0.015429845701542983 0.036929630703692956 0.0076699233007669915 0.014609853901460985 0.006079939200607994 0.006179938200617993 0.03451965480345197 0.011759882401175988 0.03554964450355496 0.024289757102428974 0.005079949200507995 0.015699843001569982 0.022269777302226977 0.011649883501164988 0.008239917600823992 0.003669963300366996 0.020389796102038976 0.016239837601623983 0.024019759802401973 0.015609843901560984 0.0002899971000289997 0.022829771702282977 0.024699753002469974 0.03390966090339097 0.02651973480265197 0.0032399676003239965 0.03206967930320697 0.03197968020319797 0.03296967030329696 0.004069959300406996 0.000979990200097999 0.02893971060289397 0.015059849401505985 0.02958970410295897 0.011139888601113989 0.014689853101468984 0.007179928200717992 0.024029759702402974 0.014049859501404985 0.015169848301516983 0.016859831401685982 0.01757982420175798 
0.003609999999999999 0.012539999999999997 0.027999999999999994 0.03803999999999999 0.004519999999999999 0.026329999999999992 0.012549999999999997 0.0006199999999999999 0.020779999999999996 0.039119999999999995 0.009079999999999998 0.0005299999999999999 0.004139999999999999 0.006289999999999998 0.016869999999999996 0.030579999999999993 0.032959999999999996 0.029339999999999995 0.03250999999999999 0.009969999999999998 0.004849999999999999 0.012899999999999997 0.028599999999999993 0.004019999999999999 0.009719999999999998 0.013999999999999997 0.013369999999999996 0.005279999999999999 0.008629999999999999 0.02915999999999999 0.020439999999999996 0.003599999999999999 0.03280999999999999 0.012029999999999997 0.013459999999999996 0.013739999999999997 0.010869999999999998 0.03831999999999999 0.032159999999999994 0.024889999999999992 0.0010899999999999998 0.017149999999999995 0.021639999999999996 0.008399999999999998 0.019219999999999998 0.025739999999999992 0.024089999999999993 0.037619999999999994 0.011299999999999998 0.035429999999999996 0.021709999999999997 0.0026399999999999996 0.014569999999999996 0.017799999999999996 0.022029999999999998 0.026239999999999992 0.0020999999999999994 
0.024410000000000008 0.017830000000000002 0.004000000000000001 0.005230000000000001 0.022350000000000002 0.033440000000000004 0.021240000000000002 0.0026700000000000005 0.017760000000000005 0.004430000000000001 0.017270000000000004 0.014620000000000003 0.026460000000000008 0.033400000000000006 0.030170000000000006 0.00018000000000000004 0.010330000000000002 0.033150000000000006 0.010990000000000002 0.009760000000000001 0.004250000000000001 0.027430000000000006 0.03305000000000001 0.034010000000000006 0.021300000000000003 0.0019900000000000004 0.03313000000000001 0.034100000000000005 0.024860000000000007 0.013460000000000003 0.019970000000000005 0.018320000000000003 0.03300000000000001 0.011550000000000001 0.034260000000000006 0.034210000000000004 0.016810000000000002 0.010560000000000002 0.003010000000000001 0.004030000000000001 0.021010000000000004 0.03282000000000001 0.010340000000000002 0.03339000000000001 0.020560000000000002 0.003470000000000001 0.016260000000000004 0.013160000000000003 0.0012800000000000003 0.010230000000000001 0.024180000000000007 0.0005500000000000001 0.010160000000000002 0.009120000000000001 0.015930000000000003 0.007140000000000001 0.017410000000000002 
0.0037400374003740042 0.02479024790247903 0.030570305703057035 0.027810278102781034 0.029070290702907033 0.018630186301863024 0.022280222802228026 0.00822008220082201 0.0021400214002140023 0.019930199301993023 0.012710127101271016 0.004180041800418004 0.03670036700367005 0.019970199701997024 0.003340033400334004 0.0004800048000480006 0.014380143801438018 0.005200052000520006 0.031340313403134035 0.006430064300643007 0.031730317303173036 0.012340123401234014 0.002180021800218003 0.013250132501325016 0.014310143101431017 0.014440144401444017 0.00036000360003600045 0.02732027320273203 0.01791017910179102 0.03249032490324904 0.030700307003070037 0.031110311103111035 0.025250252502525033 0.010470104701047013 0.02432024320243203 0.007930079300793008 0.026040260402604033 0.015590155901559018 0.010030100301003013 0.008720087200872011 0.02531025310253103 0.017960179601796022 0.030520305203052035 0.014110141101411016 0.022140221402214028 0.019920199201992023 0.01871018710187102 0.01648016480164802 0.0011800118001180015 0.029120291202912034 0.01757017570175702 0.027210272102721034 0.001640016400164002 0.014390143901439017 0.015610156101561018 0.018020180201802023 0.03170031700317004 
0.027419451610967777 0.01569968600627987 0.008039839203215935 0.021679566408671826 0.005549889002219955 0.02945941081178376 0.009399812003759923 0.015509689806203873 0.03240935181296374 0.006399872002559948 0.027819443611127776 0.02095958080838383 0.01607967840643187 0.02215955680886382 0.022809543809123815 0.019819603607927838 0.0031499370012599746 0.020749585008299834 0.016539669206615863 0.001609967800643987 0.031729365412691744 0.00618987620247595 0.03095938081238375 0.009209815803683925 0.005929881402371952 0.013259734805303892 0.0065098698026039474 0.010899782004359912 0.03226935461290774 0.024009519809603804 0.020229595408091838 0.0069098618027639445 0.004419911601767965 0.0068698626027479445 0.027439451210975775 0.02695946081078378 0.011989760204795903 0.03358932821343573 0.004829903401931961 0.03281934361312774 0.02831943361132777 0.0026899462010759783 0.005479890402191955 0.019049619007619846 0.02239955200895982 0.03316933661326773 0.027899442011159774 0.00852982940341193 0.031159376812463748 0.032049359012819745 0.014459710805783883 0.008259834803303933 0.0066498670026599455 0.02939941201175976 0.015639687206255873 0.012689746205075897 0.011869762604747904 
0.024599016039358424 0.019909203631854725 0.02560897564097436 0.00921963121475141 0.018919243230270787 0.00842966281348746 0.03766849326026959 0.016609335626574937 0.03385864565417383 0.021629134834606614 0.0029098836046558135 0.037418503259869604 0.002109915603375865 0.0015099396024159033 0.0028398864045438184 0.02165913363465461 0.027578896844126233 0.014909403623855046 0.022869085236590536 0.004259829606815727 0.035668573257069715 0.024099036038558456 0.034338626454941804 0.016169353225870965 0.005119795208191672 0.006889724411023559 0.015959361625534976 0.033508659653613854 0.020409183632654693 0.019869205231790726 0.03560857565697372 0.028368865245390184 0.011849526018959241 0.030788768449262028 0.02514899404023839 0.007289708411663533 0.010799568017279309 0.007239710411583536 0.009929602815887364 0.0006499740010399584 0.011119555217791288 0.007879684812607495 0.035028598856045756 0.010669573217071317 0.018109275628974842 0.023799048038078478 0.003229870805167793 0.006759729610815567 0.0019599216031358745 0.037768489260429576 0.0008299668013279468 0.02766889324427023 0.014449422023119074 0.004149834006639735 0.026288948442062317 0.03041878324867005 0.005649774009039638 
0.03261065221304426 0.016630332606652132 0.007820156403128064 0.0003100062001240025 0.025510510210204205 0.0036900738014760295 0.015450309006180125 0.010240204804096082 0.0052001040020800415 0.03222064441288826 0.03360067201344027 0.020410408208164164 0.01762035240704814 0.0055301106022120445 0.004600092001840037 0.013260265205304106 0.009420188403768076 0.01773035460709214 0.02360047200944019 0.004790095801916038 0.022000440008800175 0.010050201004020081 0.007110142202844057 0.01608032160643213 0.033680673613472274 0.0036500730014600294 0.030770615412308244 0.032960659213184265 0.029080581611632236 0.034420688413768274 0.021890437808756175 0.016340326806536132 0.026320526410528212 0.016570331406628135 0.015610312206244125 0.019130382607652156 0.029470589411788237 0.003510070201404028 0.007610152203044061 0.02341046820936419 0.015170303406068121 0.024620492409848198 0.0367607352147043 0.0017600352007040142 0.031490629812596246 0.005580111602232045 0.024350487009740195 0.011630232604652093 0.007900158003160063 0.02386047720954419 0.02222044440888818 0.006490129802596052 0.02738054761095222 0.0077601552031040626 0.016660333206664133 0.010540210804216086 0.025910518210364206 
0.004450044500445006 0.028270282702827037 0.011150111501115015 0.03626036260362605 0.03819038190381905 0.03294032940329404 0.02151021510215103 0.036960369603696044 0.013520135201352017 0.0031800318003180044 0.027130271302713036 0.041250412504125054 0.003690036900369005 0.01591015910159102 0.00043000430004300053 0.0011200112001120014 0.02179021790217903 0.028370283702837035 0.009150091500915012 0.03073030730307304 0.018300183001830023 0.012260122601226015 0.005160051600516006 3.000030000300004e-05 0.011200112001120014 0.028010280102801037 0.007460074600746009 0.0019100191001910024 0.03776037760377605 0.006390063900639008 0.01736017360173602 0.027410274102741036 0.032430324303243045 0.0023500235002350033 0.014780147801478018 0.031870318703187045 0.021050210502105027 0.03363033630336305 0.009130091300913011 0.021640216402164028 0.0057200572005720075 0.003050030500305004 0.009090090900909013 0.017950179501795022 0.011190111901119015 0.013110131101311017 0.021070210702107024 0.00852008520085201 0.005960059600596008 0.018400184001840025 0.0026700267002670035 0.02334023340233403 0.031870318703187045 0.03618036180361804 0.008200082000820012 0.03558035580355805 0.0019600196001960026 
0.033540335403354035 0.025560255602556023 0.024450244502445023 0.02052020520205202 0.014890148901489014 0.016950169501695016 0.0023800238002380024 0.009880098800988009 0.03525035250352503 0.034290342903429034 0.025610256102561024 0.006730067300673007 0.019440194401944017 0.02298022980229802 0.02147021470214702 0.002920029200292003 0.029750297502975028 0.0026200262002620024 0.02463024630246302 0.02173021730217302 0.012790127901279012 0.015960159601596014 0.0014800148001480014 0.015420154201542014 0.035310353103531034 0.02011020110201102 0.02156021560215602 0.025940259402594024 0.03669036690366904 0.0023800238002380024 0.031940319403194035 0.0069200692006920065 0.028580285802858027 0.01215012150121501 0.006050060500605006 0.0011900119001190012 0.036200362003620035 0.007990079900799009 0.013320133201332013 0.008890088900889008 0.009080090800908009 0.021190211902119022 0.014120141201412015 0.016700167001670017 0.006830068300683007 0.018520185201852016 0.014260142601426013 0.005860058600586005 0.02084020840208402 0.035390353903539035 0.004640046400464004 0.032710327103271035 0.015210152101521015 0.01094010940109401 0.005180051800518005 0.02222022220222202 0.009840098400984008 
0.02499975000249998 0.031169688303116973 0.03511964880351197 0.037019629803701964 0.031359686403135974 0.027279727202727977 0.03206967930320698 0.008529914700852992 0.024189758102418978 0.009599904000959992 0.01368986310136899 0.03418965810341897 0.014279857201427987 0.02411975880241198 0.016959830401695984 0.01222987770122299 0.015909840901590987 0.011389886101138991 0.0055999440005599956 0.01248987510124899 0.030489695103048973 0.0051499485005149954 0.0003999960000399997 0.0030799692003079973 0.029769702302976975 0.03409965900340997 0.01381986180138199 0.028589714102858977 0.022479775202247983 0.0075599244007559935 0.026349736502634977 0.005889941100588996 0.016199838001619987 0.005789942100578995 0.0061499385006149945 0.008529914700852992 0.009949900500994991 0.01614983850161499 0.02148978510214898 0.01131988680113199 0.0019699803001969984 0.027789722102778976 0.0018899811001889984 0.0019299807001929984 0.010639893601063991 0.033079669203307974 0.008199918000819994 0.019389806101938984 0.008679913200867993 0.027429725702742977 0.0065699343006569945 0.033309666903330974 0.012999870001299988 0.01232987670123299 0.030409695903040972 0.01580984190158099 0.02211977880221198 
0.003130031300313003 0.03588035880358804 0.03220032200322003 0.0013900139001390014 0.03079030790307903 0.00909009090090901 0.026380263802638027 0.03290032900329003 0.006900069000690006 4.000040000400004e-05 0.006400064000640007 0.03738037380373803 0.013680136801368013 0.03167031670316703 0.007520075200752007 0.006480064800648006 0.009620096200962009 0.03459034590345904 0.037420374203742036 0.03200032000320003 0.028930289302893028 3.000030000300003e-05 0.008460084600846008 0.030160301603016026 0.0 0.02041020410204102 0.02027020270202702 0.005520055200552005 0.02328023280232802 0.03500035000350004 0.03515035150351503 0.024780247802478023 0.016860168601686015 0.012290122901229012 0.03306033060330603 0.03700037000370003 0.006560065600656006 0.002110021100211002 0.0016500165001650017 0.002250022500225002 0.014790147901479013 0.019880198801988016 0.0008500085000850007 0.018840188401884016 0.0025300253002530026 0.03267032670326703 0.0016700167001670017 0.003950039500395004 0.007970079700797007 0.03550035500355003 0.028390283902839025 0.01750017500175002 0.007310073100731006 0.023290232902329025 0.03263032630326303 0.005960059600596005 0.007030070300703006 
0.021599784002159984 0.028459715402845975 0.03236967630323698 0.019999800001999985 0.003439965600343997 0.031169688303116973 0.02132978670213298 0.013839861601383988 0.005179948200517996 0.016569834301656986 0.0004999950000499995 0.026909730902690977 0.026879731202687978 0.006799932000679994 0.006899931000689994 0.008269917300826993 0.03251967480325197 0.0031399686003139972 0.019109808901910982 0.015149848501514988 0.02346976530234698 0.005259947400525995 0.02502974970250298 0.006639933600663995 0.010979890201097992 0.02279977200227998 0.022789772102278984 0.005539944600553995 0.022709772902270983 0.026129738702612978 0.021179788202117984 0.028819711802881974 0.02487975120248798 0.0074099259007409934 0.019079809201907983 0.02609973900260998 0.029969700302996973 0.004099959000409997 0.01317986820131799 0.005969940300596994 0.018409815901840983 0.0018299817001829984 0.028299717002829974 0.018649813501864985 0.01189988100118999 0.009889901100988991 0.023299767002329982 0.02576974230257698 0.008819911800881992 0.03329966700332997 0.02338976610233898 0.015689843101568984 0.028879711202887976 0.005629943700562995 0.005509944900550996 0.029119708802911974 0.019439805601943982 
0.036160361603616034 0.0029500295002950028 0.016400164001640016 0.00022000220002200022 0.033020330203302035 0.025290252902529023 0.008800088000880009 0.015080150801508013 0.01021010210102101 0.025270252702527026 0.00999009990099901 0.034480344803448026 0.026930269302693023 0.03191031910319103 0.01931019310193102 0.01062010620106201 0.01878018780187802 0.0018000180001800016 0.017490174901749016 0.017280172801728017 0.003050030500305003 0.002070020700207002 0.004530045300453004 0.035600356003560034 0.0012500125001250013 0.034830348303483034 0.02071020710207102 0.028540285402854026 0.0077400774007740075 0.03057030570305703 0.01111011110111101 0.01215012150121501 0.03139031390313903 0.012620126201262011 0.022700227002270024 0.004000040000400004 0.0006800068000680007 0.017850178501785018 0.014610146101461014 0.029310293102931026 0.02057020570205702 0.020660206602066022 0.02083020830208302 0.025810258102581023 0.014130141301413013 0.033420334203342034 0.005460054600546005 0.014280142801428013 0.015300153001530014 0.024170241702417022 0.013370133701337012 0.017390173901739015 0.03480034800348003 0.002460024600246002 0.016530165301653015 0.016660166601666016 0.016850168501685015 

emissions
0 1 1 1 1 1 1 1 1 1 1 1 1 1 1 1 1 1 1 1 1 1 1 1 1 1 1 1 1 1 1 1 1 1 1 1 1 1 1 1 1 1 1 1 1 1 1 1 1 1 1 1 1 1 1 1 1 
1 0 0 0 0 0 0 0 0 0 0 0 0 0 0 0 0 0 0 0 0 0 0 0 0 0 0 0 0 0 0 0 0 0 0 0 0 0 0 0 0 0 0 0 0 0 0 0 0 0 0 0 0 0 0 0 0 
